 109.20	 -55.80	  67.95
 115.50	 -58.05	  70.65
 120.30	 -58.05	  71.25
 124.05	 -57.90	  72.90
 130.20	 -61.35	  75.00
   6.30	 -40.65	  32.55
   5.25	 -31.80	  28.05
  27.15	 -45.60	  48.45
  58.80	 -55.05	  75.00
  93.00	 -67.95	 109.95
 142.50	 -56.40	 133.65
 178.05	 -71.25	 126.90
 186.15	 -71.25	 131.25
 186.00	 -69.30	 126.75
 183.30	 -70.80	 126.00
 172.50	 -82.05	 126.15
 117.75	 -70.20	  99.30
 110.55	 -59.70	 101.25
 117.90	 -56.10	 108.30
 124.50	 -49.35	 120.45
 126.90	 -54.00	 137.25
 139.80	 -50.40	 151.20
 159.00	 -47.55	 158.40
 162.15	 -47.10	 154.50
 164.40	 -51.45	 145.20
 160.05	 -50.40	 132.00
 151.50	 -49.20	 123.60
 171.45	 -43.35	 130.95
 182.25	 -50.85	 145.05
 194.25	 -45.90	 149.25
 205.80	 -40.65	 167.10
 212.25	 -36.00	 175.05
 207.90	 -43.65	 176.25
 181.50	 -34.35	 166.05
 144.15	 -38.55	 131.70
 108.90	 -36.75	 106.95
  83.40	 -36.30	  88.65
  74.55	 -33.75	  86.10
  74.40	 -37.65	  79.20
  78.30	 -33.75	  82.05
  91.35	 -33.30	  85.80
 107.55	 -29.25	  96.90
 122.40	 -29.70	  99.60
 128.10	 -27.30	 100.50
 140.10	 -22.80	 109.65
 160.05	 -24.15	 115.05
 177.90	 -25.80	 131.10
 189.75	 -21.30	 141.90
 197.10	 -22.80	 145.65
 203.40	 -22.05	 147.15
 216.30	 -19.50	 157.05
 226.80	 -18.45	 155.40
 237.45	 -17.10	 156.45
 243.00	 -13.65	 160.95
 252.60	 -11.85	 157.95
 244.65	  -8.70	 174.00
 216.45	  -9.00	 159.75
 201.00	  -7.50	 147.30
 194.70	  -5.70	 139.95
 195.00	  -9.15	 134.55
 194.55	 -17.25	 131.70
 196.35	 -15.75	 141.30
 197.40	 -15.90	 139.20
 196.65	 -19.65	 136.65
 195.15	 -29.55	 129.30
 188.55	 -28.80	 127.05
 178.50	 -21.15	 144.30
 169.50	 -22.35	 140.55
 158.85	 -18.00	 132.75
 152.70	 -20.85	 129.45
 151.50	 -19.05	 130.95
 146.70	 -23.10	 123.60
 150.75	 -21.30	 125.40
 146.70	 -26.85	 119.10
 145.50	 -24.75	 116.40
 139.95	 -24.45	 107.85
 144.15	 -22.80	 108.90
 138.45	 -25.20	 110.85
 136.65	 -21.45	 104.55
 124.65	 -27.45	  99.30
 114.75	 -24.90	  94.80
 106.80	 -25.20	  88.80
  86.10	 -22.35	  82.35
  67.65	 -21.30	  70.95
  59.70	 -22.95	  64.80
  56.25	 -21.60	  62.10
  45.00	 -25.50	  57.15
  25.65	 -28.65	  42.60
   2.10	 -29.40	  31.95
 -15.75	 -29.70	  24.60
 -43.65	 -30.15	   9.45
 -65.40	 -32.25	  -9.90
 -81.60	 -37.05	 -16.80
 -94.20	 -37.50	 -26.10
-103.50	 -35.85	 -28.80
-108.60	 -31.80	 -33.90
-106.05	 -39.45	 -43.20
-110.55	 -42.75	 -36.60
-109.05	 -40.20	 -36.90
 -88.65	 -39.60	 -26.10
 -63.45	 -36.15	 -11.85
 -29.55	 -31.35	   6.30
  -2.10	 -29.70	  24.90
   9.30	 -27.30	  29.55
  20.10	 -26.40	  35.55
  24.15	 -26.85	  38.25
  28.95	 -26.85	  39.30
  30.15	 -28.65	  43.05
  30.15	 -30.90	  44.85
  25.35	 -31.95	  40.35
  19.05	 -32.25	  38.55
  15.15	 -32.10	  37.20
  11.10	 -32.85	  34.35
   6.75	 -32.85	  34.35
   3.00	 -33.90	  31.80
   0.15	 -34.35	  30.60
  -1.05	 -32.70	  26.85
  -3.90	 -32.70	  26.40
  -1.95	 -32.55	  28.05
  -0.90	 -32.85	  31.05
   0.90	 -31.05	  29.55
   0.60	 -31.50	  30.15
  -1.20	 -32.10	  27.30
   0.45	 -31.35	  28.80
   5.40	 -31.20	  31.50
  13.95	 -30.15	  36.00
  19.65	 -30.30	  39.90
  26.55	 -29.55	  42.45
  33.00	 -30.15	  45.60
  33.45	 -28.95	  45.60
  33.45	 -30.15	  44.10
  28.80	 -30.30	  41.70
  26.25	 -30.30	  39.15
  24.45	 -30.60	  38.40
  20.10	 -31.20	  34.95
  18.00	 -32.25	  35.25
  18.30	 -32.25	  36.30
  15.90	 -31.80	  34.65
  14.40	 -32.10	  34.35
  14.10	 -31.35	  35.10
  16.65	 -29.85	  35.40
  17.10	 -33.30	  35.40
  13.20	 -32.70	  33.75
   1.95	 -33.60	  29.25
  -9.75	 -34.65	  21.75
 -17.10	 -35.85	  18.45
 -21.60	 -35.55	  17.55
 -22.35	 -36.00	  16.80
 -28.05	 -36.15	  14.10
 -31.95	 -31.95	   7.95
 -37.50	 -36.75	   2.55
 -49.95	 -32.25	  -9.45
 -53.70	 -39.00	 -22.80
 -58.50	 -40.05	 -24.60
 -60.30	 -32.25	 -29.70
 -62.10	 -30.45	 -30.45
 -68.85	 -23.25	 -35.85
 -73.35	 -20.40	 -42.45
 -84.00	 -17.10	 -48.30
 -87.45	 -15.75	 -51.45
 -89.40	 -15.45	 -51.45
 -86.40	 -12.00	 -53.25
 -89.40	  -9.90	 -51.75
-113.40	  -2.25	 -57.15
-127.95	  -1.35	 -62.85
-136.05	  -2.85	 -69.15
-140.85	  -6.60	 -69.15
-144.60	  -2.85	 -71.70
-150.75	  -2.55	 -76.50
-157.95	   0.15	 -80.70
-167.10	   4.50	 -87.00
-179.70	   5.70	 -96.15
-191.70	  10.20	-105.60
-200.85	  13.95	-113.25
-211.35	  20.70	-119.40
-218.10	  22.35	-125.40
-211.65	  20.70	-125.55
-202.35	  17.55	-119.85
-191.70	  13.50	-113.70
-182.85	  13.50	-106.20
-171.45	  13.20	 -96.30
-161.10	   8.70	 -89.70
-152.70	   8.70	 -86.10
-142.35	   4.65	 -79.05
-131.40	   0.15	 -72.60
-112.50	  -4.35	 -60.30
-101.25	  -9.00	 -51.30
 -99.45	 -10.35	 -49.05
 -97.80	  -9.90	 -48.45
 -96.75	 -10.95	 -48.15
-102.75	  -9.75	 -48.30
-105.00	  -9.00	 -52.35
-103.35	  -7.65	 -50.70
 -97.65	  -9.30	 -46.80
 -95.10	 -10.80	 -47.55
 -91.95	 -11.70	 -44.40
 -78.45	 -15.60	 -33.60
 -48.00	 -24.75	 -16.65
 -32.70	 -27.45	  -6.60
 -24.60	 -29.70	  -3.30
 -21.60	 -30.45	  -0.60
 -18.45	 -32.55	   1.65
 -17.40	 -33.30	   3.00
 -16.05	 -34.50	   6.15
 -16.05	 -33.45	   4.35
  -8.70	 -33.75	   8.70
   0.15	 -37.65	  13.65
  10.65	 -39.30	  22.05
  15.75	 -41.55	  24.15
  22.20	 -42.45	  26.25
  19.05	 -40.80	  23.85
  18.45	 -40.95	  22.95
  17.55	 -42.30	  23.10
  19.95	 -40.95	  24.75
  20.40	 -42.75	  26.55
  22.50	 -42.45	  27.75
  25.65	 -43.05	  30.15
  26.85	 -41.85	  31.20
  25.20	 -43.20	  30.30
  24.75	 -42.00	  30.60
  17.10	 -40.65	  27.30
   7.95	 -37.50	  20.85
   6.00	 -36.60	  20.40
   6.30	 -36.15	  19.65
   7.50	 -37.20	  20.70
   7.35	 -38.25	  17.55
   4.35	 -36.30	  13.20
  -5.10	 -34.50	   9.90
 -13.35	 -32.55	   4.20
 -16.65	 -31.35	   2.70
 -12.30	 -31.80	   5.25
 -12.30	 -32.10	   5.25
 -11.10	 -32.85	   7.05
 -12.60	 -33.90	   5.70
 -15.00	 -33.00	   5.40
 -14.25	 -32.70	   6.90
 -16.35	 -32.10	   4.20
 -24.15	 -28.65	  -0.30
 -27.30	 -28.80	  -2.70
 -30.45	 -27.45	  -2.55
 -35.55	 -27.45	  -3.90
 -43.65	 -23.85	  -8.70
 -45.75	 -24.00	  -9.75
 -47.10	 -23.10	  -8.70
 -43.50	 -24.00	  -6.75
 -37.95	 -25.80	  -2.70
 -30.90	 -27.90	   1.05
 -29.70	 -27.45	   3.90
 -28.65	 -30.15	   3.90
 -30.30	 -28.05	   1.95
 -32.85	 -27.00	  -0.15
 -38.25	 -27.15	   1.80
 -45.00	 -24.00	  -0.90
 -50.85	 -20.40	  -5.25
 -61.80	 -17.25	 -11.70
 -73.35	 -14.10	 -18.15
 -86.55	 -11.55	 -27.75
-101.10	  -9.90	 -32.25
-110.70	  -5.85	 -36.75
-122.10	  -4.35	 -40.80
-133.80	   0.00	 -45.90
-143.55	  -0.15	 -50.85
-153.00	  -4.35	 -54.75
-168.45	  -7.95	 -55.50
-187.95	  -0.30	 -55.50
-196.35	   6.15	 -54.00
-189.45	  12.45	 -67.65
-195.45	 -11.10	 -75.15
-196.95	 -23.70	 -59.70
-169.80	 -18.45	 -47.25
-143.85	  -7.35	 -39.60
-143.55	  -4.20	 -26.55
-144.15	  -3.30	 -19.05
-145.50	  -2.70	  -9.30
-149.10	  -5.70	 -11.10
-153.00	  -1.05	 -12.00
-156.45	   0.15	 -10.35
-160.05	  -3.90	 -15.75
-161.40	  -1.80	 -13.50
-162.45	  -0.15	 -14.10
-166.50	  -2.25	 -15.60
-162.90	   0.30	 -17.25
-165.30	  -4.50	 -19.65
-167.40	  -1.80	 -18.00
-170.85	  -1.20	 -17.70
-168.60	  -4.50	 -18.15
-170.10	  -6.75	 -18.90
-168.15	  -7.35	 -23.85
-156.75	 -13.95	 -20.10
-141.00	 -19.95	 -13.65
-124.65	 -26.10	  -7.95
-110.10	 -29.25	  -4.20
-105.00	 -39.45	   1.65
 -96.75	 -44.10	   0.60
 -87.75	 -42.75	  -3.75
 -82.50	 -36.90	  -7.05
 -80.10	 -35.55	  -9.15
 -75.75	 -33.00	  -6.60
 -73.65	 -33.30	  -4.20
 -68.55	 -32.10	  -4.50
 -68.85	 -32.85	  -3.00
 -66.75	 -31.35	  -0.90
 -66.75	 -31.80	  -0.90
 -62.25	 -31.35	   0.90
 -61.35	 -30.45	   0.30
 -56.85	 -31.05	  -1.65
 -56.55	 -32.25	  -1.05
 -56.40	 -34.65	   0.90
 -60.75	 -34.35	  -0.15
 -65.55	 -32.85	  -4.50
 -71.10	 -31.80	  -5.70
 -78.00	 -31.50	  -5.40
 -79.20	 -29.85	  -3.75
 -83.25	 -29.85	  -5.25
 -83.85	 -28.95	  -3.30
 -84.15	 -27.15	  -3.90
 -83.40	 -27.15	  -4.35
 -86.70	 -23.85	  -6.15
 -89.10	 -32.10	  -6.30
 -79.65	 -30.30	  -4.95
 -73.50	 -31.50	  -2.10
 -65.25	 -32.55	  -2.70
 -64.65	 -31.20	  -5.40
 -62.85	 -31.95	  -3.90
 -60.45	 -31.05	  -3.75
 -60.60	 -29.40	  -1.80
 -57.75	 -27.45	  -0.60
 -52.80	 -28.50	   3.45
 -48.90	 -27.90	   6.15
 -47.25	 -31.80	   5.70
 -48.90	 -29.70	   2.55
 -42.00	 -29.85	  -0.45
 -38.55	 -28.65	  -3.30
 -33.75	 -34.20	  -6.15
 -30.60	 -33.90	  -3.00
 -25.50	 -35.85	  -1.95
 -22.05	 -38.25	   1.80
 -23.25	 -37.65	  -0.45
 -25.35	 -37.50	   0.60
 -26.40	 -37.80	   0.00
 -29.25	 -36.90	  -1.20
 -48.45	 -29.40	  -4.65
 -71.55	 -23.25	  -6.30
-101.55	 -12.75	  -9.15
-122.85	  -5.10	 -14.70
-125.40	  -5.85	 -15.75
-122.70	  -7.80	 -15.90
-117.90	  -8.55	 -21.45
-116.40	 -17.10	 -19.20
-115.80	 -19.05	 -18.30
-113.85	 -21.45	 -18.90
-115.50	 -19.80	 -17.25
-115.95	 -23.25	 -15.60
-110.25	 -20.85	 -14.25
-108.15	 -24.60	 -12.45
-101.70	 -29.55	 -10.05
 -93.60	 -25.20	 -11.55
 -91.20	 -28.20	  -7.65
 -86.25	 -19.65	  -0.90
 -80.55	 -18.00	  -2.85
 -76.95	 -27.00	  13.65
 -75.75	 -23.55	  16.50
 -66.15	 -23.85	   6.60
 -63.00	 -33.60	   7.50
 -57.00	 -38.25	  12.45
 -48.15	 -47.70	   2.55
 -39.15	 -61.20	   2.25
 -35.85	 -57.45	   1.65
 -35.55	 -58.50	   2.55
 -34.65	 -59.70	   4.50
 -25.80	 -65.25	   3.00
 -19.80	 -66.60	   4.65
 -19.50	 -66.15	   1.80
 -21.15	 -63.75	  -0.90
 -24.60	 -66.60	   0.00
 -20.85	 -61.35	  -0.60
 -16.80	 -61.35	  -2.10
 -16.05	 -58.80	  -1.35
 -18.00	 -57.00	   1.80
 -14.70	 -58.05	   1.80
 -14.10	 -56.85	   1.20
 -17.55	 -49.65	  -1.35
 -19.50	 -46.65	  -1.80
 -23.10	 -45.60	  -6.15
 -19.65	 -45.30	  -6.75
 -16.80	 -42.60	 -10.65
 -11.85	 -45.30	 -11.85
  -4.95	 -43.50	  -9.00
  -6.30	 -41.70	  -4.95
  -5.25	 -42.00	  -4.50
  -2.10	 -41.85	  -3.60
  -2.55	 -43.65	  -6.60
  -3.00	 -43.50	 -11.10
  -6.60	 -44.10	 -21.30
  -9.00	 -38.40	 -27.00
  -3.60	 -39.60	 -23.85
  -0.30	 -40.05	 -19.50
  -1.20	 -39.90	 -12.60
  -1.05	 -42.60	 -14.70
  -0.90	 -44.25	 -16.65
  -0.45	 -45.30	 -20.40
  -0.60	 -44.10	 -27.90
  -1.05	 -43.35	 -37.80
  -4.35	 -45.15	 -48.45
  -6.00	 -48.30	 -54.90
  -8.40	 -48.15	 -62.10
 -10.80	 -49.05	 -68.85
  -7.95	 -48.45	 -73.20
  -6.00	 -49.05	 -72.60
  -5.70	 -51.30	 -73.35
  -4.35	 -52.20	 -73.95
  -5.40	 -50.40	 -76.80
  -3.60	 -49.65	 -76.50
  -3.60	 -51.00	 -81.60
  -5.85	 -54.45	 -97.50
  -8.25	 -53.85	-106.50
  -7.50	 -53.85	-109.80
   3.00	 -48.00	 -76.95
   7.80	 -44.25	 -45.00
   9.45	 -49.95	 -37.05
   9.00	 -46.80	 -38.40
  11.55	 -44.70	 -21.15
  14.70	 -43.35	   5.10
  18.90	 -37.20	  26.55
  21.45	 -30.60	  57.90
  22.35	 -24.90	  83.85
  25.35	 -23.85	 102.60
  26.10	 -25.65	 119.55
  26.10	 -23.10	 133.50
  25.35	 -16.80	 150.00
  21.75	 -11.85	 165.30
  25.35	  -6.15	 176.25
  28.20	  -1.35	 192.00
  23.85	   2.55	 201.90
  21.30	   0.60	 186.90
  18.90	  -9.75	 144.00
  12.45	 -28.95	  77.55
  14.10	 -43.50	   5.25
  14.25	 -55.80	 -46.35
  13.95	 -63.15	 -87.90
  15.00	 -66.90	-114.75
  16.80	 -70.95	-123.90
  13.50	 -73.50	-128.70
  11.85	 -76.35	-129.60
  11.70	 -69.90	-130.95
  19.65	 -76.65	-132.60
  20.85	 -73.20	-121.05
  14.40	 -71.85	-109.05
  15.15	 -67.05	 -96.15
  15.15	 -62.25	 -79.95
  13.50	 -59.10	 -63.90
  15.00	 -57.75	 -60.30
  15.00	 -59.85	 -59.10
  15.45	 -58.50	 -65.10
  16.80	 -55.50	 -69.90
  16.65	 -57.45	 -80.40
  16.65	 -58.20	 -85.50
  16.80	 -60.30	 -93.75
  17.40	 -61.20	-101.70
  18.30	 -61.80	-101.85
  18.15	 -63.75	-105.00
  18.45	 -66.00	-106.50
  11.70	 -64.65	-107.70
  10.35	 -60.75	-104.25
  13.50	 -63.15	-102.90
  14.25	 -65.85	-102.15
  14.70	 -63.15	-102.90
  14.25	 -66.60	-111.00
  11.10	 -69.60	-117.90
   9.15	 -71.70	-118.05
   7.95	 -67.20	-118.35
  10.80	 -62.70	-120.00
  12.45	 -62.55	-115.80
  15.90	 -59.40	-114.15
  15.90	 -60.15	-114.90
  14.70	 -66.90	-123.60
   8.40	 -71.70	-126.45
   6.30	 -70.35	-127.50
   5.40	 -74.55	-127.95
   4.35	 -70.95	-129.15
   1.05	 -70.95	-136.80
   5.40	 -69.15	-138.60
   4.50	 -69.60	-135.90
   6.90	 -67.95	-141.30
   7.50	 -64.80	-139.50
   4.50	 -66.75	-143.25
   6.15	 -66.60	-147.45
   3.45	 -68.25	-148.80
   3.90	 -67.20	-140.85
   3.90	 -62.85	-125.40
   3.45	 -50.85	 -89.10
   2.85	 -36.00	 -41.10
   1.05	 -31.50	 -24.90
   3.45	 -24.75	 -14.40
   2.85	 -22.35	  -7.35
   2.10	 -22.35	  -2.85
   1.05	 -19.50	  -1.05
   7.65	  -2.10	  54.45
  -1.20	  17.40	 115.35
  -6.15	  24.60	 142.35
 -10.05	  31.05	 154.95
  -8.40	  30.45	 157.35
  -9.75	  31.80	 158.40
 -11.70	  35.55	 163.65
 -15.60	  32.85	 161.25
 -17.40	  40.65	 182.25
 -25.35	  52.50	 207.15
 -28.80	  57.15	 222.00
 -35.10	  60.75	 231.60
 -36.00	  65.10	 243.45
 -39.30	  67.65	 250.20
 -46.65	  81.30	 258.60
 -48.00	  81.75	 290.40
 -55.80	  50.40	 268.95
 -70.35	  35.40	 261.75
 -74.40	  17.70	 234.15
 -68.55	  -6.00	 210.60
 -81.45	 -27.30	 187.80
 -81.75	 -22.20	 171.15
 -75.15	 -17.70	 164.55
 -70.20	 -15.45	 153.30
 -65.10	 -15.45	 157.05
 -60.75	 -25.50	 142.95
 -61.05	 -24.15	 125.10
 -56.55	 -16.50	 124.65
 -53.40	 -15.15	 123.00
 -50.55	 -12.60	 118.65
 -57.90	 -17.40	 114.90
 -50.55	 -21.75	 109.35
 -41.85	 -24.15	  98.55
 -43.65	 -34.20	  86.70
 -43.65	 -34.50	  76.50
 -41.85	 -32.25	  70.95
 -43.20	 -31.35	  66.00
 -43.95	 -30.30	  61.20
 -39.00	 -30.90	  56.55
 -32.70	 -30.45	  47.40
 -27.15	 -30.90	  43.35
 -28.20	 -31.50	  34.95
 -21.75	 -37.20	   9.00
 -13.35	 -42.45	 -23.25
 -12.45	 -42.60	 -33.00
 -13.65	 -42.00	 -27.00
 -13.35	 -42.00	 -27.30
  -6.30	 -43.50	 -44.70
   0.90	 -45.00	 -74.10
  10.80	 -48.30	-111.60
  18.30	 -48.45	-134.55
  25.65	 -51.00	-156.30
  28.65	 -50.40	-171.45
  31.50	 -52.95	-173.55
  28.50	 -48.75	-173.85
  27.15	 -49.95	-169.95
  22.95	 -49.05	-167.10
  25.50	 -52.35	-175.65
  20.10	 -51.00	-178.35
  19.65	 -50.85	-178.50
  21.15	 -53.40	-178.50
  22.35	 -51.00	-182.85
  24.45	 -51.60	-189.30
  25.80	 -54.90	-185.25
  23.85	 -54.75	-176.85
  24.15	 -54.45	-168.45
  23.25	 -53.10	-161.70
  19.50	 -51.75	-154.50
  14.85	 -50.55	-153.90
  12.30	 -46.50	-153.15
  11.10	 -45.30	-155.40
  10.20	 -44.40	-155.55
  17.55	 -52.20	-155.25
  19.80	 -53.25	-154.05
  17.40	 -50.10	-154.95
  18.30	 -48.90	-147.15
  17.70	 -47.55	-123.45
  11.40	 -44.10	 -87.45
   7.95	 -42.60	 -78.60
   7.80	 -41.70	 -78.15
   9.15	 -44.85	 -87.90
  12.45	 -45.90	 -94.50
  11.40	 -43.35	 -86.40
  10.35	 -42.00	 -81.00
   7.35	 -42.60	 -74.55
   4.65	 -40.80	 -66.15
   5.85	 -41.85	 -63.15
   4.95	 -41.70	 -63.75
   5.85	 -42.30	 -63.15
   5.25	 -45.30	 -74.10
   6.15	 -48.90	 -84.60
   7.35	 -49.95	 -88.95
   6.90	 -52.50	 -93.00
   7.35	 -51.45	 -94.20
   7.95	 -52.95	 -95.55
   9.90	 -52.95	 -97.80
   7.80	 -53.85	 -97.95
   9.00	 -52.35	 -99.15
   7.05	 -51.60	 -98.40
   5.40	 -50.70	 -91.50
   4.95	 -51.30	 -85.80
   3.45	 -49.80	 -78.90
   1.65	 -48.30	 -75.60
   3.30	 -47.70	 -73.50
   1.35	 -47.40	 -69.15
   0.45	 -48.00	 -63.75
  -0.45	 -47.55	 -60.45
  -1.35	 -46.35	 -54.45
  -2.10	 -45.15	 -49.95
  -1.80	 -45.60	 -55.05
   0.00	 -47.10	 -68.70
   6.15	 -48.45	 -83.10
   7.95	 -51.00	 -96.30
   9.15	 -49.20	 -99.30
  10.05	 -50.85	-102.45
  11.85	 -50.10	-108.60
  12.75	 -48.45	-102.15
   9.00	 -46.80	 -89.85
   2.70	 -47.25	 -69.30
  -1.35	 -46.35	 -52.20
  -4.65	 -43.35	 -39.60
  -7.95	 -42.30	 -24.60
 -11.55	 -40.95	 -11.10
 -13.65	 -39.90	   0.90
 -18.75	 -38.25	  15.00
 -22.05	 -36.30	  30.90
 -25.50	 -34.65	  46.80
 -29.40	 -31.95	  58.80
 -31.35	 -30.30	  71.10
 -33.90	 -29.25	  81.45
 -35.85	 -29.25	  90.30
 -37.80	 -27.90	  93.45
 -37.95	 -28.50	 100.20
 -39.00	 -29.40	 102.90
 -38.55	 -26.85	 102.90
 -39.30	 -27.90	 103.35
 -38.55	 -27.90	 101.10
 -40.05	 -30.15	  97.50
 -38.25	 -29.40	  94.50
 -39.00	 -30.45	  85.65
 -37.50	 -31.95	  82.35
 -36.75	 -34.20	  82.05
 -36.60	 -33.60	  80.40
 -35.25	 -35.25	  75.75
 -35.85	 -35.85	  72.90
 -35.10	 -37.20	  66.30
 -33.45	 -37.80	  61.35
 -31.80	 -35.85	  56.85
 -29.55	 -38.70	  49.35
 -27.75	 -37.20	  42.00
 -27.00	 -38.40	  34.65
 -23.10	 -37.80	  23.55
 -18.90	 -39.90	   8.55
 -15.60	 -42.00	  -1.65
 -14.70	 -41.85	  -7.65
 -13.05	 -42.45	 -11.10
 -11.55	 -42.75	 -18.90
  -7.65	 -44.40	 -28.20
  -7.95	 -46.65	 -42.30
  -4.50	 -47.55	 -58.20
  -0.90	 -49.05	 -73.35
  -1.35	 -54.45	 -87.15
  -1.80	 -55.80	 -97.50
   0.15	 -57.15	-105.30
  -3.45	 -53.40	-115.35
   1.95	 -57.90	-126.30
   6.30	 -61.50	-136.65
   9.75	 -63.00	-147.30
  13.65	 -64.50	-155.70
  16.05	 -67.20	-170.70
  18.30	 -67.95	-173.55
  17.25	 -68.40	-177.60
  16.65	 -65.55	-181.20
  17.70	 -65.25	-183.30
  20.55	 -68.40	-184.65
  17.55	 -65.40	-190.20
  17.55	 -64.35	-191.25
  16.65	 -62.70	-191.85
  18.15	 -60.15	-189.60
  18.15	 -58.95	-189.30
  20.40	 -60.15	-184.50
  17.70	 -59.40	-182.55
  19.65	 -58.20	-183.75
  23.10	 -58.80	-181.65
  25.50	 -61.20	-184.50
  24.75	 -61.50	-188.55
  25.80	 -61.20	-194.70
  24.00	 -60.75	-200.25
  28.95	 -60.30	-204.45
  33.45	 -62.55	-215.55
  33.60	 -60.45	-224.25
  36.75	 -60.30	-236.85
  43.05	 -59.10	-249.75
  46.05	 -68.25	-254.40
  43.20	 -74.40	-259.50
  43.35	 -79.35	-262.35
  26.55	 -42.00	-267.30
  99.15	   4.20	-262.50
 120.00	  -3.75	-258.75
 118.65	 -37.95	-263.25
 120.45	 -17.70	-305.55
 175.50	 206.70	-148.95
 231.15	 190.35	 -62.25
 254.40	 190.65	 -48.75
 261.15	 193.50	 -39.30
 274.50	 190.50	 -29.70
 310.05	 125.40	   3.90
 210.15	-177.90	-209.10
  61.35	-131.70	-112.20
 -10.20	 -86.70	 -77.25
 -13.35	 -78.45	 -59.40
 -19.50	 -78.30	 -46.65
 -26.25	 -77.40	 -46.80
 -27.00	 -84.00	 -53.10
 -30.45	 -83.40	 -50.70
 -25.50	 -75.60	 -50.55
 -24.00	 -74.40	 -49.35
 -16.05	 -70.65	 -25.65
 -13.65	 -48.30	 -13.05
  -6.90	 -32.25	  -2.85
  -2.25	 -32.55	   2.70
  -5.25	 -28.50	   5.70
  -6.60	 -28.95	   9.15
  -7.35	 -26.40	  13.20
  -9.90	 -28.20	  13.20
  -9.45	 -27.15	  10.65
 -11.10	 -26.55	  12.60
  -7.80	 -22.50	  14.85
  -5.70	 -16.65	  21.15
  -4.20	 -15.60	  32.10
  -3.90	  -9.15	  42.30
  -7.35	  -5.10	  51.75
  -9.30	  -2.25	  63.00
 -11.85	   6.30	  79.20
 -11.55	  10.80	  92.85
 -10.20	  16.05	 103.65
 -10.80	  17.10	 113.10
 -13.65	  18.15	 121.50
 -21.45	  18.90	 132.15
 -26.85	  19.80	 141.30
 -27.75	  22.50	 147.00
 -29.40	  24.60	 151.95
 -26.40	  26.10	 157.05
 -31.05	  32.85	 165.00
 -31.35	  39.45	 171.90
 -29.40	  42.60	 176.55
 -25.50	  48.00	 180.75
 -26.10	  53.25	 195.30
 -25.80	  54.60	 204.30
 -34.35	  60.15	 214.20
 -36.60	  67.80	 229.05
 -39.45	  72.30	 237.45
 -39.90	  71.10	 244.50
 -41.10	  82.65	 256.05
 -39.60	  78.60	 263.70
 -41.25	  76.95	 263.55
 -37.65	  82.50	 265.35
 -42.00	  84.75	 266.55
 -44.70	  84.00	 269.40
 -42.30	  84.90	 271.50
 -45.15	  84.60	 277.05
 -46.50	  91.35	 274.65
 -43.35	  91.20	 261.90
 -39.30	  90.15	 247.50
 -39.45	  81.45	 243.30
 -40.35	  78.00	 242.10
 -47.25	  76.95	 232.35
 -44.70	  60.75	 202.50
 -38.55	  43.65	 159.60
 -37.05	  25.65	 123.15
 -31.95	   5.85	  84.90
 -23.25	   0.15	  71.55
 -18.75	   3.30	  71.25
 -22.20	  11.10	  89.85
 -19.80	  17.25	  88.95
 -18.75	  17.55	  87.90
 -18.90	  11.55	  82.50
 -18.30	  10.20	  75.75
 -18.15	   9.00	  70.80
 -16.35	   6.30	  69.30
 -13.95	   3.60	  62.10
 -12.45	   3.30	  62.10
  -9.45	   5.10	  64.65
 -13.20	  10.95	  63.60
 -13.20	   8.70	  63.15
 -10.65	   8.40	  60.30
 -11.10	   0.90	  60.45
 -15.90	   3.00	  56.85
 -12.45	   3.90	  56.55
  -9.45	  -2.10	  54.45
 -13.95	  -1.05	  49.95
 -15.00	  -5.85	  46.35
 -13.20	 -19.80	  23.10
 -10.65	 -31.95	  -5.40
  -4.35	 -46.35	 -30.90
  -5.70	 -54.90	 -38.70
 -10.95	 -51.45	 -36.00
  -9.30	 -49.05	 -27.75
 -15.00	 -61.05	 -41.85
 -14.10	 -68.55	 -49.80
 -14.40	 -65.25	 -49.05
 -13.35	 -63.00	 -44.25
 -15.15	 -60.15	 -34.65
 -17.40	 -55.65	 -28.80
 -20.55	 -50.70	 -22.05
 -19.20	 -44.70	 -21.15
 -16.80	 -56.55	 -27.90
 -13.35	 -60.15	 -39.45
  -9.30	 -60.75	 -50.55
  -7.05	 -74.40	 -63.00
  -6.30	 -78.15	 -78.90
  -7.80	 -87.30	 -93.15
  -6.60	 -94.80	 -98.55
  -9.15	 -93.75	-106.20
  -9.15	 -97.05	-104.85
  -6.60	 -94.80	-101.85
  -4.35	 -85.65	 -92.70
  -3.30	 -68.40	 -65.85
  -7.05	 -54.60	 -34.65
 -13.05	 -46.80	 -17.40
 -14.85	 -37.95	  -7.05
 -13.20	 -38.25	  -2.85
 -14.10	 -32.10	  -2.70
 -11.10	 -38.40	  -3.00
 -11.85	 -45.30	  -0.15
 -11.40	 -31.50	   9.90
 -18.30	 -17.25	  28.65
 -18.75	  -1.80	  59.10
 -24.00	   3.00	  76.35
 -27.90	  11.40	  91.50
 -28.50	   6.30	  94.65
 -36.75	   5.40	  96.30
 -37.05	  13.20	 100.05
 -39.00	  18.30	 113.25
 -36.00	  19.80	 112.50
 -39.00	  23.55	 115.05
 -36.60	  22.95	 111.30
 -34.65	  21.45	 101.70
 -33.45	  27.45	 105.15
 -36.60	  32.55	 115.65
 -41.55	  39.30	 129.75
 -44.85	  44.40	 141.90
 -43.95	  48.30	 153.60
 -48.30	  55.35	 165.75
 -47.10	  58.05	 168.75
 -49.80	  59.40	 177.15
 -59.85	  67.20	 187.20
 -60.45	  70.80	 197.70
 -68.40	  73.95	 210.45
 -71.85	  73.35	 221.70
 -72.90	  74.40	 226.80
 -70.05	  74.10	 237.45
 -78.00	  77.25	 239.85
 -78.45	  89.55	 245.85
 -81.60	  91.50	 248.70
 -79.80	  93.75	 242.40
 -85.50	  85.80	 238.50
 -84.30	  73.65	 229.05
 -76.65	  78.45	 217.95
 -73.65	  72.60	 223.05
 -79.20	  73.35	 222.00
 -82.20	  76.95	 224.25
 -82.35	  79.35	 228.75
 -85.05	  72.60	 227.10
 -77.55	  60.30	 209.70
 -74.85	  38.70	 184.05
 -80.70	  30.30	 166.80
 -78.30	  28.95	 154.50
 -80.10	  24.90	 145.95
 -85.05	  22.50	 143.55
 -83.85	  27.15	 151.95
 -74.40	  29.55	 148.35
 -72.75	  31.50	 143.10
 -66.60	  30.15	 132.75
 -61.05	  26.40	 132.00
 -62.70	  21.45	 131.10
 -56.85	  15.60	 123.00
 -62.25	  -3.45	 105.75
 -68.25	   3.00	 101.70
 -68.70	   5.10	 112.50
 -70.80	   5.25	 111.30
 -78.15	  15.15	 113.40
 -76.80	  18.75	 115.50
 -75.90	  17.40	 113.40
 -71.25	  11.40	 112.20
 -67.50	   5.25	 107.25
 -65.25	   9.30	 105.30
 -60.75	   7.50	 105.75
 -59.40	   1.65	  96.45
 -49.65	  -2.10	  80.85
 -43.05	  -5.85	  69.15
 -44.40	  -4.35	  67.65
 -43.20	  -8.55	  63.00
 -40.65	 -11.85	  58.65
 -40.35	 -14.70	  53.70
 -39.15	 -18.15	  47.25
 -32.10	 -24.00	  38.70
 -27.15	 -27.15	  28.65
 -20.55	 -34.50	  17.55
 -14.10	 -41.70	   2.70
 -11.10	 -45.75	 -10.80
  -6.15	 -47.40	 -20.85
  -1.65	 -50.55	 -29.85
   1.35	 -52.50	 -35.55
   3.60	 -54.45	 -43.65
   8.40	 -58.50	 -49.20
  11.40	 -61.35	 -59.10
  15.15	 -62.25	 -68.25
  17.25	 -61.80	 -74.25
  23.70	 -64.80	 -81.75
  26.10	 -67.65	 -86.40
  28.20	 -67.65	 -83.85
  27.00	 -66.30	 -82.95
  27.30	 -66.75	 -80.40
  24.15	 -62.85	 -74.25
  20.70	 -61.95	 -70.35
  19.95	 -61.95	 -72.90
  21.15	 -59.40	 -78.90
  20.10	 -58.05	 -76.50
  10.05	 -51.60	 -73.65
  -6.30	 -37.20	 -72.90
  -1.80	 -35.55	 -71.25
  -1.95	 -35.10	 -71.55
   0.90	 -36.90	 -74.40
   1.35	 -36.30	 -71.70
   1.35	 -35.25	 -64.65
   1.80	 -35.25	 -58.80
  -0.30	 -36.75	 -51.75
  -1.35	 -35.25	 -48.15
  -2.55	 -36.75	 -43.65
  -2.85	 -36.30	 -40.80
  -5.25	 -35.40	 -32.85
  -7.35	 -32.70	 -23.55
  -9.75	 -32.85	 -18.45
 -10.95	 -32.70	 -16.05
 -11.10	 -31.80	 -13.35
 -10.95	 -31.50	 -10.20
 -12.45	 -31.50	  -7.65
 -13.50	 -30.45	  -1.80
 -12.60	 -30.60	   0.90
 -14.10	 -29.85	   1.20
 -13.95	 -30.15	   1.35
 -13.20	 -30.90	   1.80
 -15.00	 -30.45	   3.90
 -14.10	 -31.05	   0.15
 -14.70	 -33.00	  -3.60
 -13.95	 -35.25	 -10.20
 -12.30	 -35.40	 -16.35
  -7.80	 -39.15	 -31.05
  -4.95	 -38.40	 -38.70
  -4.20	 -42.00	 -43.95
  -2.55	 -41.85	 -48.15
  -3.90	 -40.80	 -51.75
  -4.35	 -43.35	 -51.75
  -3.00	 -42.75	 -52.05
  -1.65	 -41.70	 -57.45
  -0.90	 -45.30	 -57.90
  -2.70	 -42.00	 -49.80
  -3.75	 -42.45	 -48.75
  -1.35	 -41.85	 -49.65
  -3.30	 -41.55	 -47.40
  -2.25	 -41.70	 -47.55
  -6.00	 -41.70	 -44.70
  -4.65	 -40.80	 -43.35
  -4.65	 -41.55	 -41.55
  -4.95	 -39.90	 -36.15
  -7.35	 -38.55	 -31.50
  -7.65	 -39.60	 -36.75
  -7.05	 -40.20	 -36.15
  -6.30	 -39.15	 -35.85
  -5.85	 -39.00	 -34.50
  -5.85	 -37.80	 -34.95
  -4.65	 -38.25	 -34.20
  -2.25	 -40.65	 -40.20
  -0.30	 -39.60	 -51.45
   5.25	 -41.70	 -63.00
   9.90	 -44.10	 -78.30
  12.30	 -45.00	 -88.05
  10.95	 -45.60	 -86.70
  10.35	 -45.75	 -81.45
  11.10	 -43.95	 -79.95
  11.40	 -43.35	 -82.35
  13.20	 -43.05	 -81.60
  12.60	 -42.00	 -81.00
  12.45	 -41.85	 -78.60
  11.40	 -42.30	 -77.55
  10.80	 -42.45	 -75.15
  10.95	 -40.05	 -74.25
  10.80	 -40.65	 -72.90
  12.75	 -41.55	 -76.50
  14.85	 -43.95	 -89.85
  17.25	 -45.60	 -98.10
  18.75	 -48.90	-106.95
  20.85	 -49.65	-107.70
  19.05	 -48.45	-106.65
  18.15	 -49.05	-105.30
  16.80	 -48.45	-100.05
  15.75	 -47.10	 -97.50
  14.10	 -46.80	 -93.60
  13.35	 -45.30	 -89.10
  12.45	 -45.60	 -84.60
  12.75	 -44.85	 -82.65
  12.45	 -46.65	 -81.60
  10.20	 -45.15	 -79.05
  10.80	 -45.00	 -79.95
  11.10	 -47.25	 -82.95
  10.20	 -45.60	 -78.60
  11.55	 -45.30	 -77.70
   9.00	 -46.80	 -78.90
  10.65	 -45.60	 -77.25
   9.15	 -45.90	 -75.75
   8.25	 -46.80	 -73.35
   6.75	 -45.75	 -72.90
   5.10	 -47.40	 -67.95
   5.25	 -49.05	 -64.80
   3.75	 -49.35	 -61.95
  -0.60	 -51.45	 -57.30
  -1.80	 -48.90	 -57.00
  -1.65	 -50.55	 -56.40
   2.10	 -51.00	 -58.05
   1.80	 -51.45	 -61.80
   1.80	 -51.45	 -61.05
   1.95	 -50.10	 -58.95
   0.30	 -50.40	 -56.55
   1.05	 -49.65	 -54.00
   3.75	 -50.10	 -57.15
   6.00	 -52.80	 -61.50
   7.35	 -52.95	 -66.15
   7.80	 -53.10	 -67.50
   6.30	 -54.15	 -67.50
   8.70	 -55.50	 -70.20
   8.40	 -55.05	 -70.95
   5.25	 -55.35	 -63.00
   3.00	 -54.60	 -56.10
   2.25	 -52.35	 -55.35
   0.60	 -51.00	 -54.45
   0.45	 -51.30	 -51.60
  -3.30	 -46.65	 -36.30
  -8.40	 -42.30	 -24.60
  -9.75	 -39.45	 -16.35
 -12.45	 -35.25	 -10.20
 -13.95	 -34.50	  -4.35
 -15.00	 -35.25	  -2.55
 -16.35	 -32.10	   4.20
 -17.10	 -33.30	   4.50
 -20.85	 -30.45	  13.50
 -21.75	 -28.05	  24.45
 -21.30	 -25.35	  30.45
 -23.70	 -24.45	  36.60
 -23.10	 -21.30	  40.05
 -24.60	 -21.60	  47.70
 -25.80	 -19.65	  50.85
 -29.40	 -15.75	  54.45
 -33.90	 -13.65	  57.90
 -32.55	 -13.65	  57.90
 -32.55	 -13.05	  55.35
 -31.50	 -12.45	  55.50
 -29.40	 -12.75	  52.95
 -24.90	 -17.25	  45.15
 -19.95	 -19.20	  32.85
 -15.90	 -23.25	  13.05
 -13.05	 -27.30	   2.25
  -7.35	 -34.95	 -17.55
  -6.60	 -32.70	 -30.90
  -3.45	 -37.95	 -46.50
   1.35	 -39.60	 -62.55
   3.90	 -47.40	 -74.55
   4.65	 -57.00	 -87.90
   8.70	 -63.60	 -97.50
   3.75	 -68.25	-110.10
  20.40	 -62.25	-114.15
  28.65	 -58.05	-112.95
  34.65	 -54.90	-116.70
  33.90	 -60.15	-122.25
  36.90	 -62.25	-127.50
  38.55	 -62.55	-136.80
  37.20	 -62.70	-140.25
  37.80	 -69.90	-133.80
  22.80	 -93.75	-120.30
   4.65	 -99.60	-114.00
  -2.10	 -91.50	-114.30
   0.60	 -87.45	-111.00
  -4.20	 -89.85	-114.60
  -8.55	 -93.15	-126.75
  -5.10	 -94.50	-133.50
  -6.30	 -93.15	-140.25
  -5.40	-104.10	-147.45
  -9.30	-107.25	-152.10
  -4.20	-100.50	-158.70
   0.90	-105.00	-163.05
   4.95	-108.60	-154.35
  -3.75	-109.05	-148.35
  -4.65	-111.45	-150.45
  -3.90	-112.95	-151.95
  -6.75	-113.40	-148.80
 -11.10	-112.35	-150.30
 -13.50	-114.75	-157.05
 -18.90	-115.95	-164.25
 -14.40	-117.15	-163.50
  -6.90	-114.75	-164.10
  -3.30	-111.00	-166.65
  -1.20	-110.85	-169.35
  -3.60	-114.30	-168.15
  -6.75	-108.30	-168.30
  -4.20	-110.10	-170.10
  -2.70	-109.35	-171.60
  -2.70	-113.85	-167.85
  -3.60	-117.30	-167.40
  -0.60	-115.50	-166.95
  -4.35	-118.05	-164.40
  -3.90	-115.50	-165.15
  -7.50	-118.65	-161.70
 -11.55	-117.15	-163.80
 -14.85	-118.95	-162.75
 -13.65	-120.00	-159.00
 -17.10	-117.15	-158.70
 -18.15	-113.40	-160.20
 -11.40	-120.60	-162.60
 -11.55	-119.40	-160.95
  -8.25	-114.15	-155.40
  -7.05	-110.85	-147.30
  -4.65	 -73.20	 -75.00
 -16.50	 -50.40	 -33.75
 -12.60	 -46.05	 -20.40
 -14.40	 -43.20	 -16.65
 -14.85	 -42.75	 -13.35
 -19.05	 -41.55	  -9.90
 -14.85	 -42.00	  -7.50
 -16.35	 -38.70	  -9.30
 -16.65	 -40.20	  -7.80
 -18.30	 -42.60	  -9.45
 -19.05	 -33.75	  10.95
 -18.90	 -24.75	  28.80
 -22.35	 -17.55	  50.40
 -25.50	  -6.00	  70.35
 -24.75	   3.75	  89.85
 -28.20	   6.60	 105.60
 -30.90	  19.05	 120.30
 -30.30	  25.50	 130.05
 -31.05	  21.45	 134.10
 -36.75	  24.60	 136.05
 -33.45	  35.55	 149.70
 -31.95	  37.80	 163.35
 -35.10	  45.75	 177.45
 -31.35	  48.30	 188.85
 -27.15	  50.40	 200.40
 -27.90	  52.95	 210.00
 -35.25	  52.20	 211.50
 -33.45	  44.85	 198.60
 -31.80	  27.30	 160.50
 -35.55	   2.55	  99.30
 -31.20	 -19.80	  47.10
 -27.90	 -27.15	  17.55
 -25.20	 -36.15	  -2.25
 -23.55	 -40.80	 -17.55
 -24.75	 -45.75	 -24.75
 -22.80	 -50.40	 -33.00
 -22.95	 -45.00	 -37.65
 -15.90	 -46.80	 -36.15
 -14.25	 -47.10	 -40.35
 -10.35	 -47.55	 -38.70
  -8.55	 -50.85	 -41.70
 -13.20	 -55.05	 -52.20
 -13.65	 -51.30	 -51.30
 -11.85	 -51.60	 -50.55
 -12.45	 -52.50	 -49.20
 -10.35	 -53.85	 -54.60
  -9.90	 -56.55	 -66.60
  -3.75	 -61.20	 -71.55
  -1.35	 -67.65	 -78.00
  -3.75	 -68.55	 -80.40
  -1.35	 -65.85	 -80.85
  -3.30	 -66.15	 -79.35
  -5.10	 -72.00	 -83.10
  -9.00	 -72.90	 -87.30
 -11.10	 -70.05	 -89.10
  -6.00	 -71.10	 -95.40
  -1.05	 -75.00	 -97.80
  -1.80	 -75.30	-101.85
   2.85	 -76.80	-107.70
   0.45	 -80.70	-109.05
   2.85	 -62.85	 -72.75
  -3.30	 -48.90	 -40.35
  -6.90	 -41.55	 -30.15
 -11.85	 -36.15	 -21.15
 -12.75	 -34.95	 -17.25
 -11.70	 -39.30	 -12.45
 -16.65	 -50.85	 -32.85
 -14.40	 -63.00	 -75.90
 -10.80	 -91.35	-124.80
  -7.35	-109.95	-169.95
  -5.70	-125.55	-197.40
  -7.65	-128.40	-208.95
   4.50	-138.45	-212.85
   6.75	-136.65	-210.90
  15.15	-138.15	-204.75
  20.40	-140.25	-199.20
  18.00	-135.75	-190.95
  18.45	-131.85	-183.30
  17.10	-113.40	-170.55
  20.70	-106.50	-154.35
  23.10	 -96.75	-148.20
  28.05	-105.30	-146.55
  24.00	-110.85	-151.65
  21.60	-106.65	-163.35
  22.95	-112.35	-174.90
  19.65	-109.05	-177.90
  21.45	-111.90	-176.70
  21.15	-114.60	-178.95
  20.70	-115.35	-181.50
  25.65	-114.75	-178.80
  27.15	-111.75	-178.80
  29.40	-113.70	-179.55
  28.50	-109.80	-171.15
  25.65	-109.65	-164.85
  19.50	-105.60	-151.95
  15.90	-101.70	-140.70
  16.80	 -97.80	-131.70
  17.55	 -96.30	-128.70
  19.20	 -95.10	-131.10
  17.40	 -92.10	-124.80
  14.10	 -90.60	-116.40
  12.45	 -90.15	-113.25
   9.15	 -84.15	-114.75
  26.25	 -68.85	-114.90
  36.90	 -68.25	-105.75
  33.90	 -66.00	-104.25
  33.30	 -61.95	 -98.40
  33.75	 -57.75	 -98.85
  43.65	 -54.45	 -96.75
  42.00	 -57.45	 -96.45
  36.60	 -59.70	 -96.15
  39.00	 -55.50	 -95.25
  34.50	 -62.10	 -88.65
  32.85	 -64.80	 -94.65
  31.20	 -65.40	-100.35
  33.45	 -69.45	-105.90
  41.70	 -68.25	-106.05
  37.95	 -68.85	-104.55
  35.10	 -66.75	 -95.10
  22.50	 -65.25	 -81.45
  15.00	 -64.35	 -65.10
   9.15	 -58.05	 -62.55
  20.55	 -56.25	 -73.95
  14.40	 -58.95	 -63.00
  -0.45	 -47.55	 -45.30
  -9.90	 -33.00	 -26.10
  -7.05	 -39.45	  -7.80
 -49.20	 -18.75	  44.40
 -65.25	 -11.10	  74.85
 -65.85	  -7.35	  93.00
 -72.60	  -6.00	 105.75
 -73.20	   0.30	 117.00
 -65.10	   6.15	 114.00
 -61.80	  16.80	 119.10
 -53.40	  29.25	 121.95
 -44.85	  33.75	 126.45
 -43.35	  33.75	 128.40
 -41.85	  33.45	 129.45
 -74.85	  -3.45	 120.75
 -82.65	  -0.30	 119.10
 -86.40	  -5.40	 114.30
 -83.70	  -4.50	 106.05
 -88.05	  -6.75	 101.70
 -70.35	  -7.80	  93.15
 -64.80	  -7.05	  81.75
 -58.95	  -8.55	  63.00
 -50.55	 -13.65	  51.30
 -37.05	 -16.50	  33.45
 -34.20	 -19.50	  24.15
 -32.25	 -23.10	  22.35
 -29.25	 -24.75	  15.60
 -28.20	 -29.40	  15.00
 -27.45	 -33.75	  14.70
 -27.30	 -33.60	  14.10
 -30.15	 -35.25	  15.00
 -28.50	 -31.35	  21.15
 -29.55	 -28.05	  28.05
 -34.35	 -32.55	  32.10
 -33.90	 -32.10	  32.10
 -34.95	 -32.70	  28.20
 -31.95	 -34.50	  25.65
 -33.30	 -35.85	  26.55
 -36.75	 -34.50	  34.50
 -40.05	 -31.95	  30.45
 -38.70	 -31.35	  21.45
 -30.30	 -36.15	   0.45
 -21.45	 -39.90	 -21.15
 -16.05	 -47.10	 -30.90
 -11.40	 -52.50	 -43.05
  -4.50	 -60.15	 -60.75
  -1.05	 -61.35	 -69.90
   2.70	 -63.00	 -73.35
   1.80	 -62.85	 -70.65
   0.60	 -63.15	 -70.95
   2.10	 -62.85	 -76.05
   3.45	 -67.05	 -81.45
   5.10	 -67.95	 -87.90
   8.55	 -71.10	 -88.35
   7.95	 -68.70	 -79.35
   4.35	 -63.60	 -69.90
   1.35	 -61.05	 -62.55
  -1.05	 -56.55	 -51.45
  -6.90	 -48.90	 -27.15
 -19.65	 -35.85	   6.75
 -26.40	 -29.70	  28.65
 -30.30	 -24.00	  38.40
 -33.30	 -20.70	  46.80
 -36.90	 -17.10	  54.15
 -37.50	 -13.95	  58.80
 -43.50	 -10.05	  67.50
 -47.25	  -5.25	  76.95
 -52.35	   2.70	  92.85
 -59.85	   8.40	 104.10
 -61.20	  13.65	 114.15
 -66.00	  17.40	 124.80
 -68.70	  19.50	 135.75
 -72.00	  26.10	 142.35
 -73.95	  27.45	 146.40
 -75.15	  28.80	 148.80
 -75.15	  28.05	 148.35
 -76.50	  28.20	 145.95
 -75.60	  27.00	 145.50
 -73.95	  27.45	 144.90
 -76.05	  30.45	 149.25
 -77.70	  32.85	 157.20
 -81.00	  40.20	 171.15
 -81.00	  45.00	 178.20
 -83.25	  45.75	 179.70
 -82.05	  44.85	 176.85
 -81.60	  42.30	 175.05
 -91.80	  33.90	 175.20
 -97.20	  32.10	 165.75
 -83.70	  35.85	 162.75
 -69.30	  47.55	 160.20
 -65.25	  50.10	 177.45
 -75.90	  59.40	 178.50
 -84.60	  41.10	 180.90
 -80.40	  29.55	 151.65
 -74.55	  23.85	 133.50
 -70.80	  19.95	 129.30
 -69.15	  18.00	 127.20
 -71.85	  19.65	 127.80
 -69.30	  17.40	 132.90
 -72.00	  23.10	 126.90
 -67.50	  21.75	 118.95
 -62.70	  21.45	 113.40
 -59.70	  14.85	 101.25
 -53.10	  11.10	  91.05
 -52.50	   7.35	  87.15
 -51.45	   7.95	  88.20
 -52.05	   9.30	  89.55
 -50.40	   7.65	  86.70
 -51.60	   6.00	  84.00
 -48.90	   5.40	  83.10
 -49.80	   3.75	  81.00
 -49.05	   3.45	  78.15
 -50.40	  -1.35	  72.45
 -47.10	  -4.35	  67.65
 -49.20	  -1.35	  73.95
 -51.60	   0.45	  76.65
 -52.05	   3.00	  79.95
 -52.50	   3.30	  82.05
 -54.90	   1.65	  80.70
 -55.05	   2.10	  82.35
 -53.85	   0.90	  77.70
 -52.80	   0.45	  78.15
 -40.20	   6.30	  84.75
 -35.25	  16.50	  85.35
 -37.05	  17.25	  86.10
 -34.95	  16.80	  86.70
 -37.50	  15.00	  86.10
 -37.65	  14.85	  84.00
 -36.90	  13.65	  81.00
 -36.00	   8.70	  76.05
 -33.75	   6.60	  72.75
 -34.20	   5.85	  71.25
 -35.40	   7.50	  71.10
 -35.10	   8.55	  76.65
 -37.20	  14.10	  82.50
 -39.00	  18.30	  86.70
 -39.45	  20.70	  90.60
 -41.70	  24.00	  93.90
 -41.10	  23.55	  94.80
 -41.10	  24.90	  95.25
 -41.55	  26.40	  97.80
 -41.10	  27.15	  98.85
 -43.05	  29.40	 101.85
 -44.25	  30.30	 103.95
 -42.75	  30.60	 105.00
 -43.35	  30.15	 106.20
 -44.10	  32.70	 104.85
 -42.75	  34.65	 107.25
 -32.85	  35.85	 113.10
 -38.40	  35.85	 111.60
 -36.30	  37.80	 114.30
 -39.00	  37.50	 115.05
 -39.45	  37.95	 116.70
 -38.40	  36.90	 113.40
 -38.25	  35.25	 110.25
 -37.95	  32.85	 106.80
 -36.90	  28.80	 101.25
 -36.00	  27.90	  99.60
 -35.85	  30.30	 100.50
 -36.00	  33.00	 104.40
 -36.15	  35.85	 106.80
 -36.15	  37.95	 108.60
 -37.05	  37.05	 108.90
 -37.20	  39.90	 109.80
 -37.80	  40.80	 112.20
 -37.80	  44.85	 114.00
 -36.90	  42.75	 114.90
 -39.60	  45.90	 120.30
 -39.45	  48.00	 121.50
 -38.70	  48.75	 125.25
 -40.05	  49.20	 127.65
 -41.85	  49.95	 129.15
 -44.25	  54.15	 130.05
 -43.65	  52.95	 127.20
 -44.70	  51.30	 127.50
 -45.15	  47.40	 124.65
 -44.40	  41.85	 118.05
 -47.25	  35.85	 111.30
 -48.00	  30.60	 103.20
 -46.65	  27.15	  96.75
 -47.70	  24.60	  96.75
 -48.15	  18.30	  91.95
 -42.75	  15.15	  88.80
 -44.85	  14.25	  80.10
 -44.85	   6.90	  75.00
 -46.05	  -1.95	  64.80
 -44.25	  -5.70	  56.40
 -42.00	  -6.00	  54.15
 -39.90	 -13.35	  50.10
 -41.70	 -16.35	  50.10
 -44.85	 -18.30	  53.70
 -41.55	  -3.60	  46.35
 -28.95	  -7.65	  43.65
 -27.15	 -16.05	  39.00
 -29.40	 -23.55	  37.50
 -29.40	 -29.70	  34.20
 -28.80	 -35.40	  25.20
 -29.85	 -33.90	  20.40
 -26.10	 -36.00	  12.75
 -19.50	 -34.50	  14.25
 -21.45	 -24.45	  29.85
 -20.10	 -26.10	  31.50
 -26.40	 -34.95	  27.15
 -26.85	 -46.65	  16.80
 -32.55	 -53.85	  11.10
 -38.25	 -56.55	  12.45
 -47.25	 -59.40	  16.35
 -46.65	 -69.45	   9.90
 -52.80	 -72.30	  -3.75
 -26.85	 -66.60	 -23.10
 -21.75	 -72.30	 -22.20
 -16.35	 -79.20	 -24.00
 -17.70	 -70.80	 -15.15
 -30.45	 -70.65	 -14.70
 -40.35	 -73.20	   9.90
 -41.85	 -66.90	  25.35
 -51.75	 -60.30	  32.25
 -62.85	 -52.95	  38.25
 -64.35	 -55.50	  33.45
 -54.75	 -43.65	  17.55
 -27.75	 -55.65	  18.15
 -23.25	 -45.75	  12.60
 -24.00	 -40.20	  11.10
 -18.45	 -40.65	   3.00
 -18.30	 -38.25	   4.65
 -21.30	 -39.00	  12.45
 -26.55	 -42.45	  17.40
 -38.40	 -43.50	  22.50
 -42.75	 -57.45	  27.30
 -18.30	 -46.35	   5.40
 -14.10	 -50.85	  -3.75
 -13.95	 -52.20	 -12.45
 -18.15	 -56.40	 -16.65
 -21.30	 -64.65	 -11.70
 -25.50	 -73.65	  -9.00
 -37.05	 -84.60	 -16.05
 -40.35	 -99.30	 -22.80
 -46.50	-107.85	 -29.85
 -36.00	-100.80	 -52.95
 -26.85	-107.70	 -67.95
 -20.85	-105.60	 -77.25
 -19.95	-105.00	 -79.65
 -22.20	-111.90	 -79.95
 -26.85	-116.25	 -78.00
 -26.40	-112.95	 -63.90
 -30.60	-105.75	 -44.25
 -33.60	 -85.50	 -26.55
 -19.05	 -55.50	 -12.00
 -17.10	 -31.35	   6.30
 -18.75	 -13.95	  24.15
 -20.70	 -15.90	  35.10
 -20.85	 -18.75	  36.75
 -23.70	 -16.65	  33.30
 -24.15	 -19.05	  37.50
 -24.90	 -11.70	  38.55
 -22.95	  -6.30	  42.75
 -20.70	   3.75	  44.70
 -21.15	   0.45	  45.75
 -23.55	  -2.85	  46.35
 -20.40	  -3.75	  40.65
 -17.10	  -6.00	  33.30
  -9.15	  -2.55	  26.10
  -5.40	  -3.60	  23.10
  -8.40	   4.35	  26.85
  -3.90	  19.80	  30.90
  -0.90	  17.70	  44.70
  -7.65	  25.35	  49.65
  -7.65	  20.85	  54.00
  -5.25	  31.35	  48.75
  -6.60	  35.25	  48.90
   2.10	  42.60	  47.70
   7.65	  37.50	  47.10
   3.90	  34.20	  50.40
  -4.20	  29.25	  54.90
  -7.80	  35.10	  52.35
  -3.45	  22.20	  57.45
  -5.70	  24.75	  51.60
  -5.40	  31.50	  58.80
 -19.05	  34.20	  63.15
 -19.65	  43.20	  43.20
  -6.75	  59.70	  28.50
  -3.45	  64.20	  11.85
  -3.30	  67.95	  -2.10
  -1.80	  65.40	   7.65
  -5.40	  42.60	   7.65
 -11.55	  18.15	  -1.95
 -14.70	  11.70	   6.60
  -9.45	  10.20	   2.85
 -18.45	  16.65	  -1.65
 -19.80	  22.80	  -6.60
 -18.15	  27.75	  -5.25
 -17.25	  34.95	  -7.35
 -18.75	  36.00	  -1.05
 -21.15	  39.45	  -8.25
 -27.75	  49.80	  -9.00
 -29.40	  55.80	  -5.85
 -36.30	  54.75	   0.30
 -39.15	  60.75	   2.25
 -41.70	  70.80	   4.50
 -50.40	  82.05	   6.15
 -55.50	  83.10	   6.60
 -56.55	  87.15	   1.05
 -44.25	  89.55	  -1.95
 -25.35	  90.15	 -22.80
 -38.55	  82.65	 -13.95
 -46.05	  75.15	   1.20
 -48.75	  74.40	  -0.90
 -45.90	  71.25	  -5.40
 -30.15	  69.15	  -6.90
  -8.70	  66.90	  23.10
  -3.60	  61.80	  26.10
   2.25	  60.45	  18.90
   4.50	  65.25	  17.70
   0.00	  67.65	  13.95
  -0.60	  63.15	  12.75
  -2.70	  40.65	  14.10
  -7.95	  17.25	  13.20
 -10.80	  -5.70	  11.55
 -12.00	 -20.85	   5.40
  -9.30	  -7.05	   4.50
  -4.20	   7.05	  10.35
  -3.90	  30.45	   8.40
   1.05	  40.80	  12.00
  -0.90	  39.45	  13.65
   1.35	  36.30	  13.50
  -1.05	  45.90	  13.20
  -1.05	  49.95	  11.40
   5.85	  63.15	  10.20
   6.15	  67.95	  10.65
   5.85	  66.90	   9.45
   5.85	  69.15	   8.40
   3.60	  67.95	  10.65
   3.00	  67.05	  11.10
   2.70	  54.15	  12.30
  -0.90	  37.65	  11.55
  -4.35	  22.05	  11.70
  -4.95	   9.00	  10.05
 -10.05	  -3.00	   6.00
 -10.20	 -12.00	   4.65
  -8.25	 -14.40	   6.30
 -10.95	 -18.75	   4.65
 -12.75	 -14.25	   0.30
  -7.05	 -26.25	  -1.20
  -9.90	 -24.15	   4.65
  -8.70	 -20.85	   4.35
 -15.45	 -15.00	   5.40
  -7.50	 -26.25	   0.90
 -13.50	 -34.20	   1.05
 -16.05	 -35.25	  -3.90
 -11.85	 -38.40	  -4.50
 -11.70	 -34.50	  -6.60
 -12.75	 -31.50	  -6.15
  -7.95	 -31.50	  -2.10
 -12.45	 -36.75	  -0.30
 -13.05	 -32.10	   0.45
  -9.30	 -24.45	  -0.90
 -10.80	 -22.50	  -7.50
  -8.40	 -21.60	  -6.90
  -4.35	 -19.80	  -2.85
  -7.95	 -12.45	  -1.05
  -7.05	   4.20	   2.25
  -4.35	   6.90	   2.85
  -3.75	   7.50	   2.70
  -7.65	   6.90	   4.65
  -2.85	  19.80	   6.60
   3.00	  29.55	  13.05
  -3.30	  35.25	   8.40
  -2.70	  47.25	   9.30
   2.25	  52.35	  16.35
   1.65	  52.05	  19.95
  -2.70	  47.25	  21.45
  -4.65	  37.05	  14.70
   0.15	  38.40	  21.15
  -0.45	  28.05	  25.80
   1.05	  31.50	  24.90
   1.65	  29.25	  17.70
  -0.30	  32.25	  16.50
   1.80	  31.95	  13.50
   5.70	  29.85	  14.85
   6.00	  27.30	  14.40
   4.65	  20.55	  18.75
   2.55	  20.10	  16.05
  -2.25	   3.75	   7.80
 -18.45	 -50.10	  -8.55
 -36.75	-103.35	 -25.35
 -39.00	-132.00	 -30.45
 -31.05	-125.55	 -28.80
 -24.90	-112.95	 -20.85
 -26.10	 -95.25	 -15.75
 -27.15	 -93.00	 -18.30
 -22.95	-104.55	 -17.40
 -28.20	-108.45	 -18.00
 -30.15	-109.20	 -14.70
 -30.15	-112.95	 -16.80
 -27.90	-118.80	 -18.75
 -27.15	-119.85	 -22.05
 -26.25	-117.15	 -25.20
 -26.10	-118.35	 -23.85
 -26.25	-113.85	 -22.50
 -21.30	-106.95	 -21.30
 -20.55	-106.65	 -16.05
 -23.25	-108.60	 -22.95
 -24.45	-111.30	 -22.50
 -23.85	-107.70	 -24.60
 -20.55	-114.75	 -27.90
 -19.05	-126.90	 -25.65
 -22.35	-131.25	 -28.95
 -22.35	-132.75	 -29.40
 -26.40	-136.05	 -28.20
 -27.75	-138.15	 -32.85
 -22.35	-144.90	 -31.20
 -22.05	-141.90	 -33.00
 -20.40	-142.20	 -31.35
 -26.85	-139.05	 -33.45
 -27.45	-151.20	 -31.20
 -28.65	-148.65	 -29.40
 -10.20	-123.60	 -18.30
  -7.65	 -99.30	  -9.15
  -0.15	-102.45	  -9.75
  -7.65	-117.30	 -12.00
 -14.25	-118.05	 -10.65
 -18.30	-127.20	 -15.00
 -13.20	-130.95	 -18.30
  -8.40	-123.15	 -12.75
 -12.75	-113.70	  -9.90
 -12.00	 -91.50	  -2.85
  -7.65	 -75.00	   4.65
  -6.60	 -55.05	   1.35
  -1.20	 -35.40	  18.45
  -4.50	 -23.25	  30.30
  -6.30	 -12.30	  30.30
  -4.35	 -13.50	  28.95
  -6.60	 -10.65	  28.20
  -4.95	   4.20	  35.85
 -21.60	 -12.45	  39.00
 -23.10	 -18.75	  45.90
 -18.15	 -47.25	  37.20
 -10.20	 -54.45	  15.45
  -9.15	 -54.00	   3.30
  -6.15	 -54.00	  -3.30
   0.00	 -55.50	  -6.60
  -4.65	 -56.55	 -10.95
  -6.60	 -60.60	 -10.95
 -12.75	 -72.75	  -9.15
 -17.55	 -72.75	 -10.95
 -12.45	 -70.65	  -8.70
 -10.65	 -77.55	 -12.75
 -13.20	 -78.30	  -9.90
 -11.85	 -82.50	 -16.35
 -10.65	 -83.40	  -6.90
 -14.10	 -83.70	  -6.30
 -15.60	 -76.65	  -3.45
 -11.55	 -68.55	   1.20
  -9.30	 -70.05	   6.75
  -9.30	 -67.05	  10.80
  -9.15	 -66.60	  14.70
  -7.35	 -70.65	  16.80
  -6.90	 -70.65	  15.45
 -10.05	 -73.65	   8.25
 -13.95	 -75.00	   5.85
 -13.50	 -69.15	   7.35
 -15.00	 -58.50	  12.75
 -14.10	 -43.50	  15.90
 -10.20	 -28.95	  20.55
  -7.05	 -22.50	  20.40
  -4.95	 -22.50	  22.95
  -5.85	 -23.55	  21.30
  -3.30	 -23.10	  20.10
  -4.20	 -19.95	  20.40
  -0.45	 -20.70	  22.50
  -0.30	 -20.85	  25.65
  -0.60	 -24.90	  27.15
  -1.95	 -22.95	  28.05
  -3.00	 -22.50	  33.60
  -1.05	 -20.55	  33.75
  -3.60	 -26.40	  32.25
  -4.65	 -31.20	  28.65
  -5.40	 -34.20	  26.85
  -5.70	 -33.60	  25.50
  -7.35	 -33.75	  24.15
  -5.70	 -36.60	  24.00
  -6.75	 -37.65	  21.75
  -8.40	 -40.05	  21.60
  -8.70	 -43.35	  18.00
  -8.25	 -43.50	  18.45
  -9.00	 -48.00	  18.15
 -10.05	 -48.00	  18.15
  -8.40	 -41.55	  20.55
  -7.95	 -40.35	  22.05
 -10.35	 -37.65	  24.45
  -7.80	 -35.85	  23.25
  -7.65	 -35.55	  24.60
  -7.05	 -32.85	  25.50
  -8.25	 -27.75	  28.80
  -6.60	 -27.15	  30.90
  -7.05	 -26.55	  29.85
  -7.35	 -27.90	  31.20
  -9.00	 -30.30	  27.30
  -9.30	 -30.60	  27.00
  -9.90	 -32.25	  27.15
  -8.55	 -34.65	  25.50
  -7.05	 -34.35	  27.30
  -8.55	 -35.10	  27.30
  -9.15	 -32.70	  26.85
  -8.70	 -30.45	  28.95
  -6.90	 -28.95	  29.40
  -6.60	 -27.90	  28.65
  -5.70	 -27.75	  29.85
  -6.60	 -29.40	  28.65
  -7.80	 -29.55	  27.00
  -9.45	 -31.95	  25.35
  -1.35	 -35.25	  15.45
  -2.10	 -51.45	   9.15
 -11.55	 -64.80	   7.50
 -21.30	 -67.95	   7.95
 -12.30	 -68.55	   5.25
 -10.80	 -64.50	   6.75
  -9.90	 -63.90	   7.65
 -19.50	 -61.35	   6.60
 -13.95	 -59.55	   3.60
 -11.70	 -59.10	   4.65
 -13.20	 -55.50	   7.95
 -12.45	 -52.50	  14.25
  -1.95	 -41.70	  14.85
  -2.25	 -29.25	  12.30
  -4.50	 -23.70	  12.30
 -10.95	 -18.75	   9.45
 -18.45	 -27.75	  40.65
 -11.55	 -16.35	  10.80
  -7.65	 -17.25	  10.65
  -7.35	 -17.25	   7.65
  -6.60	 -16.50	   8.70
  -3.45	 -20.70	   6.75
  -6.15	 -23.85	   7.35
  -2.70	 -27.00	   6.00
   1.35	 -28.95	   7.35
  -0.60	 -27.45	   2.10
  -4.95	 -18.90	   7.05
 -10.65	 -15.45	  10.65
  -8.40	 -14.70	   8.70
  -7.05	 -15.90	   8.25
  -6.00	 -16.65	   8.55
  -7.80	 -15.90	  11.55
  -9.45	 -15.45	   8.70
  -7.35	 -16.50	  11.40
 -14.70	 -14.70	   8.70
  -9.00	 -15.60	   6.30
  -5.40	 -16.80	   9.15
  -0.45	 -20.70	   7.80
   5.40	 -22.35	  10.65
   5.25	 -25.50	  19.20
   7.65	 -28.20	  16.50
   7.95	 -27.15	  15.75
   4.20	 -23.70	  18.90
   3.00	 -21.75	  20.70
   6.15	 -24.90	  21.60
  13.20	 -25.65	  33.00
   7.95	 -25.35	  24.90
   9.00	 -27.30	  24.75
  14.10	 -28.80	  32.85
  10.80	 -28.50	  24.00
   6.75	 -25.20	  33.30
   6.90	 -23.55	  40.05
   3.30	 -22.05	  39.30
   3.45	 -17.40	  40.95
   5.25	 -11.85	  49.35
   2.10	  -8.70	  49.20
  -0.60	   0.30	  50.70
  -7.50	   9.00	  44.70
 -11.55	  17.40	  48.75
 -11.55	  26.55	  56.40
 -16.50	  32.70	  49.20
 -15.15	  33.30	  57.15
 -14.10	  30.30	  47.55
  -9.45	  21.30	  47.40
  -9.75	  15.15	  46.05
  -9.90	  12.75	  46.65
  -7.80	  13.05	  46.80
  -9.15	  16.50	  47.10
  -9.45	  17.25	  47.10
  -6.90	  17.25	  54.75
  -7.50	  13.35	  52.80
  -2.85	   4.65	  51.00
   0.15	  -1.65	  49.05
   1.35	  -5.85	  47.70
   3.45	 -10.05	  48.00
   4.65	 -13.20	  47.40
   3.30	 -16.05	  47.40
   7.80	 -18.15	  49.05
   4.20	 -19.95	  38.70
   6.30	 -25.50	  39.45
  11.70	 -27.15	  47.40
   6.90	 -18.30	  44.85
   6.30	 -26.25	  40.20
   5.10	 -22.80	  46.35
   6.75	 -19.20	  49.80
   3.60	 -14.25	  53.25
   2.10	  -6.60	  54.75
  -0.90	  -0.15	  50.85
  -0.90	  -3.00	  58.95
  -1.65	  -4.50	  49.35
   0.60	  -7.35	  51.45
   1.05	  -9.90	  49.20
   1.35	  -5.85	  59.55
   0.15	  -4.95	  51.60
   2.55	 -12.00	  52.95
   3.75	 -15.90	  49.05
   9.00	 -21.75	  55.35
  13.65	 -33.60	  52.80
  17.25	 -32.25	  51.45
  19.20	 -39.45	  50.85
  21.15	 -44.70	  46.80
  26.55	 -55.35	  46.05
  29.55	 -67.05	  42.45
  39.90	 -84.30	  41.25
  49.95	-105.15	  35.25
  62.85	-127.20	  32.70
  67.05	-141.75	  30.30
  76.80	-156.75	  26.85
  82.35	-173.55	  16.80
  88.80	-186.60	  15.90
  91.80	-198.15	  14.85
  95.25	-197.55	  19.05
  97.50	-202.65	  15.75
  99.15	-208.35	  15.15
 105.75	-207.30	  22.20
 104.40	-208.20	  36.75
  96.45	-199.50	  39.15
  95.85	-191.10	  46.80
  92.25	-182.40	  57.75
  92.40	-170.55	  49.05
  85.50	-163.50	  49.05
  79.80	-160.80	  52.50
  76.05	-156.00	  49.95
  74.10	-151.65	  47.55
  73.50	-146.40	  47.10
  72.75	-147.45	  49.65
  71.85	-149.85	  49.35
  76.95	-149.85	  50.10
  75.15	-149.85	  49.35
  81.45	-153.90	  49.35
  77.55	-148.65	  48.15
  73.65	-145.80	  49.35
  72.00	-143.40	  45.90
  74.25	-142.65	  55.05
  67.65	-135.30	  44.10
  61.20	-127.05	  42.75
  47.70	-126.90	  43.05
  48.30	-123.45	  30.60
  47.25	-122.70	  37.20
  41.70	-121.50	  24.75
  25.65	-121.35	 -13.95
  25.80	-114.15	 -15.15
  35.85	-107.55	 -10.35
  32.85	-107.55	  -6.75
  35.10	-108.30	  -2.25
  26.10	-109.20	 -18.00
  28.95	 -99.60	 -26.40
  38.25	-107.70	 -20.10
  37.95	-113.40	 -15.90
  34.20	-121.65	 -18.75
  33.90	-129.30	 -23.25
  36.75	-139.05	 -24.90
  41.85	-141.90	 -20.85
  39.45	-149.10	 -24.75
  42.00	-151.05	 -23.70
  39.45	-145.80	 -27.75
  40.05	-143.10	 -22.05
  36.30	-132.75	 -18.00
  35.25	-124.35	 -15.45
  36.30	-117.30	 -15.75
  26.55	-114.90	 -14.10
  27.45	-109.20	  -9.45
  38.25	-112.50	 -13.95
  30.15	-121.65	 -15.75
  30.30	-129.30	 -19.65
  33.75	-132.00	 -27.90
  34.65	-135.45	 -32.10
  33.00	-131.70	 -29.40
  36.90	-132.90	 -30.30
  31.50	-135.75	 -31.20
  28.65	-134.25	 -30.15
  28.65	-126.45	 -19.80
  33.60	-127.05	 -31.05
  31.35	-118.65	 -24.75
  31.35	-116.40	 -27.00
  34.50	-111.75	 -18.00
  27.75	-115.35	 -27.00
  30.15	-112.50	 -22.35
  28.05	-112.65	 -24.75
  29.55	-110.10	 -28.80
  27.45	-110.70	 -32.25
  27.90	-109.65	 -33.45
  27.45	-109.95	 -29.70
  27.90	-113.25	 -32.25
  27.45	-111.45	 -29.70
  28.95	-106.20	 -20.85
  25.50	-107.25	 -19.20
  27.30	-106.05	 -24.45
  26.40	-103.65	 -22.80
  26.10	-104.85	 -20.55
  25.20	-108.30	 -24.45
  28.80	-116.40	 -28.80
  33.00	-122.10	 -28.65
  31.05	-124.50	 -33.60
  30.90	-127.65	 -30.15
  35.25	-131.70	 -30.15
  33.45	-133.50	 -31.50
  33.60	-139.50	 -28.80
  39.90	-170.55	 -51.60
  46.50	-214.65	 -27.75
  43.65	-226.95	 -29.40
  37.95	-228.30	 -43.50
  39.30	-229.20	 -37.50
  33.45	-232.05	 -31.20
  32.55	-226.35	 -33.60
  35.25	-211.95	 -31.20
  33.45	-197.10	 -30.45
  31.05	-191.10	 -27.00
  31.50	-182.85	 -25.65
  33.30	-176.40	 -27.00
  32.70	-171.75	 -27.45
  35.10	-165.30	 -18.15
  35.25	-157.80	 -16.50
  31.35	-154.35	 -20.70
  29.40	-142.65	 -16.05
  25.80	-141.00	 -14.10
  18.75	-133.50	 -11.70
  28.65	-127.65	  -8.40
  27.45	-120.60	  -6.60
  21.15	-123.00	 -14.85
  19.50	-122.10	 -16.05
  16.35	-112.35	 -18.15
  16.80	-103.65	 -19.05
  15.90	-107.25	 -17.40
  11.55	 -95.85	 -10.35
   2.25	 -52.05	   4.95
  -6.30	 -34.35	   7.05
  -7.80	 -33.90	  10.35
  -7.05	 -31.05	  10.35
 -12.30	  -9.30	  18.15
 -19.65	  15.15	  24.45
 -25.50	  39.45	  41.70
 -27.75	  69.60	  57.90
 -20.10	  97.50	  79.35
 -22.35	 121.35	  88.95
 -26.85	 137.55	  94.20
 -33.30	 161.25	 106.80
 -33.90	 178.20	 111.90
 -36.15	 195.15	 119.70
 -44.70	 212.85	 126.00
 -45.30	 227.10	 132.90
 -49.05	 229.65	 138.90
 -46.80	 239.70	 147.30
 -45.75	 242.25	 149.85
 -44.25	 246.30	 148.80
 -42.60	 239.85	 151.95
 -37.80	 228.45	 144.90
 -35.55	 218.10	 129.75
 -33.45	 211.95	 134.55
 -30.90	 197.10	 125.40
 -35.55	 181.35	 120.30
 -33.00	 172.50	 116.25
 -31.95	 150.00	 110.70
 -23.10	 110.70	  87.15
 -12.75	  91.95	  82.65
  -9.45	  79.05	  79.05
  -2.70	  58.20	  72.30
  -0.45	  40.65	  63.75
  -2.85	  29.70	  57.00
  -3.60	  30.45	  53.70
   1.05	  34.95	  63.60
   6.00	  26.25	  57.15
   3.90	  23.55	  57.30
   0.45	  18.15	  52.05
  -1.95	  19.95	  49.35
  -3.75	  19.20	  50.55
  -0.30	  17.55	  50.40
   2.55	  11.40	  47.10
   2.25	   5.25	  40.20
   6.90	  -4.65	  33.75
   6.30	 -18.15	  28.80
   8.70	 -23.55	  30.15
   9.45	 -32.70	  17.55
  12.60	 -46.05	   8.25
  17.55	 -61.05	  -1.05
  20.40	 -72.30	  -1.20
  18.30	 -87.45	 -19.50
  23.55	 -98.55	 -27.45
  20.85	 -99.60	 -23.85
  19.65	-111.30	 -37.95
  22.95	-114.60	 -39.90
  23.85	-115.50	 -40.35
  22.20	-113.85	 -37.20
  21.15	-109.35	 -39.45
  20.55	-104.40	 -38.25
  22.50	-103.50	 -37.65
  21.30	-103.35	 -36.30
  18.15	-100.20	 -37.95
  17.55	-100.80	 -36.75
  15.90	 -99.45	 -29.55
  16.80	-102.15	 -33.00
  14.70	-108.15	 -38.25
  13.35	-112.65	 -42.45
  12.45	-114.75	 -49.20
  14.10	-115.35	 -51.30
  13.95	-116.25	 -55.50
  15.60	-119.40	 -61.50
  16.50	-121.65	 -65.10
  17.40	-124.05	 -67.50
  16.50	-122.10	 -66.90
  17.25	-124.65	 -64.35
  19.05	-123.15	 -67.20
  17.70	-121.95	 -64.50
  16.80	-120.30	 -64.35
  17.10	-115.95	 -58.65
  17.40	-111.90	 -52.05
  14.10	-108.60	 -49.35
  13.50	-107.70	 -49.95
  15.75	-109.20	 -49.20
  16.35	-109.35	 -48.75
  16.50	-108.90	 -50.70
  15.45	-109.20	 -46.35
  15.75	-108.45	 -48.90
  14.85	-106.05	 -47.25
  12.30	-103.20	 -45.00
  13.50	-104.85	 -45.90
  14.40	-104.55	 -45.30
  15.00	-105.60	 -46.35
  12.75	-104.40	 -46.35
  14.70	-106.20	 -46.65
  13.65	-105.75	 -45.75
  14.85	-103.20	 -46.80
  14.25	-104.40	 -44.40
  15.60	-107.25	 -48.75
  14.70	-108.90	 -47.40
  14.40	-109.05	 -48.30
  15.60	-111.30	 -49.35
  16.50	-112.50	 -51.75
  16.65	-117.45	 -53.40
  16.65	-120.00	 -54.60
  17.10	-123.00	 -57.15
  18.15	-127.05	 -57.15
  19.05	-131.25	 -61.35
  18.15	-133.65	 -59.40
  20.70	-135.15	 -61.95
  19.65	-131.85	 -57.15
  19.65	-126.75	 -51.60
  19.20	-121.20	 -46.05
  17.25	-116.55	 -42.30
  17.70	-112.35	 -39.15
  17.55	-112.95	 -37.80
  17.25	-111.00	 -37.80
  19.50	-114.30	 -36.75
  18.30	-113.25	 -35.25
  18.45	-108.30	 -27.00
  19.65	-115.65	 -32.85
  19.20	-123.00	 -37.65
  21.45	-134.10	 -42.00
  23.25	-142.20	 -49.05
  24.45	-147.00	 -49.80
  26.40	-150.75	 -54.45
  25.20	-156.45	 -56.10
  26.85	-158.55	 -55.50
  27.00	-155.70	 -50.85
  27.45	-156.30	 -51.45
  28.05	-160.20	 -46.50
  29.85	-167.10	 -56.10
  28.80	-175.95	 -60.75
  30.15	-183.15	 -64.65
  31.80	-187.80	 -66.30
  31.80	-192.15	 -71.55
  31.50	-190.50	 -69.15
  29.70	-178.80	 -59.55
  27.30	-162.00	 -49.80
  27.00	-148.80	 -44.70
  25.20	-146.25	 -48.75
  25.50	-149.55	 -54.15
  25.35	-149.70	 -55.50
  26.55	-156.90	 -60.15
  26.40	-164.40	 -62.55
  24.90	-157.05	 -52.95
  26.10	-158.55	 -55.50
  26.40	-155.25	 -55.80
  24.75	-164.55	 -64.80
  24.90	-168.75	 -70.20
  24.15	-168.75	 -72.00
  24.00	-165.30	 -70.80
  25.20	-162.45	 -69.30
  24.45	-161.70	 -70.35
  24.15	-164.40	 -71.70
  24.15	-162.15	 -72.00
  24.60	-161.40	 -65.10
  25.20	-164.25	 -73.65
  25.20	-164.55	 -74.40
  25.20	-163.05	 -70.80
  23.25	-158.40	 -66.75
  23.25	-152.10	 -64.50
  21.30	-145.65	 -55.80
  20.85	-141.90	 -51.00
  20.10	-127.65	 -48.90
  19.80	-123.15	 -45.90
  18.15	-122.70	 -46.05
  16.05	-112.95	 -41.85
  17.40	-109.80	 -42.00
  17.25	-106.65	 -37.80
  15.60	-106.80	 -39.45
  17.25	-108.90	 -42.30
  18.75	-112.20	 -45.15
  19.20	-109.05	 -34.65
  20.70	-120.45	 -43.95
  22.95	-118.95	 -53.85
  23.55	-124.35	 -59.55
  25.65	-127.95	 -66.60
  28.95	-133.50	 -70.20
  28.80	-140.25	 -79.95
  26.55	-148.05	 -83.70
  27.90	-150.45	 -87.15
  32.25	-161.10	 -93.45
  29.25	-172.65	-106.05
  30.30	-184.50	-121.20
  31.95	-201.60	-140.85
  31.95	-213.30	-152.70
  38.40	-225.30	-162.75
  37.05	-238.80	-175.50
  42.30	-248.25	-179.55
  47.55	-267.60	-191.40
  49.65	-281.40	-203.40
  48.75	-298.20	-209.55
  46.65	-294.00	-211.95
  54.45	-291.00	-207.15
  57.90	-293.40	-200.25
  56.10	-293.70	-210.60
  58.65	-305.10	-219.45
  58.95	-315.15	-224.25
  64.80	-325.35	-225.30
  66.90	-331.05	-219.60
  49.95	-340.35	-230.70
  55.80	-279.15	-228.00
 122.70	-243.00	-229.05
 195.75	-187.65	-106.95
  97.50	-192.00	  -6.60
  84.60	-190.50	  26.10
  76.05	-190.20	  36.00
  72.30	-183.00	  39.15
  64.50	-166.50	  37.65
  58.65	-139.50	  38.70
  53.70	-116.55	  34.95
  56.55	 -82.65	  52.95
  25.80	 -44.25	  39.45
  17.70	 -26.25	  27.75
  10.05	 -15.60	  22.50
   6.90	 -10.20	  17.25
   7.95	  -5.85	  17.25
   4.20	  -6.30	  15.60
   4.95	  -3.45	  18.45
   5.40	  -2.10	  17.55
   3.45	  -2.70	  19.20
   3.45	   5.70	  21.45
   1.35	  12.00	  23.55
  -0.30	  13.50	  24.60
  -1.95	  21.15	  26.25
  -3.45	  28.80	  28.50
  -1.95	  34.35	  31.05
  -5.70	  38.70	  31.05
  -5.25	  43.50	  31.35
  -5.85	  50.70	  33.45
  -7.35	  59.10	  42.30
  -9.15	  61.05	  36.00
 -10.80	  61.50	  41.25
 -10.80	  66.00	  40.65
  -8.25	  64.80	  50.10
 -13.20	  67.20	  39.30
 -12.00	  80.85	  47.10
 -17.40	  90.30	  50.55
 -18.90	 100.20	  56.10
 -19.05	 100.80	  54.45
 -17.55	  99.30	  54.75
 -15.00	  90.45	  51.45
 -10.80	  81.75	  54.90
  -7.95	  62.10	  41.10
  -2.85	  43.35	  35.25
   1.65	  35.85	  32.85
   1.80	  30.45	  29.40
   3.75	  24.45	  27.00
   8.55	  18.15	  25.50
   6.30	  16.65	  24.00
   5.40	  22.05	  27.90
   2.85	  33.45	  30.15
   1.05	  47.40	  36.30
  -0.45	  55.35	  39.90
  -0.60	  54.45	  39.60
   1.20	  56.85	  43.95
   2.85	  63.15	  57.00
  -3.60	  65.40	  49.20
  -2.25	  70.05	  49.35
  -1.95	  71.10	  51.60
  -1.35	  70.95	  51.45
   0.30	  74.55	  61.35
  -3.30	  75.75	  51.75
  -0.60	  77.55	  54.00
  -3.60	  80.10	  57.00
  -1.65	  79.20	  55.35
  -2.25	  78.90	  55.65
  -1.80	  80.55	  54.75
  -0.60	  81.30	  54.00
  -2.70	  82.50	  57.15
  -3.00	  83.25	  55.35
  -1.95	  84.75	  54.60
  -3.30	  87.45	  57.00
  -6.15	  95.55	  59.55
  -7.05	 100.50	  59.40
  -7.50	 103.50	  65.25
  -6.00	 108.60	  66.00
 -10.65	 116.25	  67.95
 -12.60	 120.75	  70.80
 -10.35	 121.95	  72.90
  -9.90	 125.40	  76.80
 -12.30	 132.15	  76.95
 -17.55	 145.95	  75.75
 -18.75	 152.70	  78.30
 -21.15	 160.50	  79.95
 -19.05	 160.35	  79.05
 -18.00	 147.45	  70.65
 -15.75	 136.80	  63.90
 -14.25	 123.60	  66.15
 -10.80	 109.35	  52.80
  -2.70	  81.75	  54.90
   4.95	  49.05	  33.90
  13.20	  18.30	  19.05
  17.55	  -6.90	  10.95
  24.75	 -32.10	   0.90
  29.70	 -46.65	  -4.65
  28.80	 -46.50	  -9.00
  26.55	 -35.40	  -4.95
  23.55	 -23.85	   0.00
  20.55	 -12.45	   4.65
  21.60	 -15.00	   6.90
  26.10	 -25.65	   2.55
  27.15	 -34.20	  -2.55
  27.00	 -37.95	   0.45
  27.90	 -40.35	  -2.10
  31.35	 -41.70	  -0.90
  29.25	 -40.95	  -1.20
  25.20	 -36.90	  -1.65
  25.35	 -32.25	  -5.85
  25.65	 -31.20	  -8.70
  21.15	 -22.95	  -3.75
  17.70	 -22.20	  -1.20
  17.10	 -23.70	  -1.20
  16.80	 -21.30	  -2.10
  20.10	 -41.10	  -2.85
  29.55	 -79.65	  -1.20
  29.40	 -99.30	 -13.20
  25.65	-109.65	 -13.50
  14.85	-116.70	 -29.85
  13.95	-119.55	 -18.00
  16.05	 -69.90	  -6.90
  15.00	 -47.70	  -3.90
  17.25	 -62.55	  -6.60
  21.45	 -97.65	 -13.35
  25.50	-130.80	 -14.40
  33.45	-150.45	 -19.05
  37.65	-163.80	 -22.95
  40.65	-173.10	 -27.00
  37.05	-175.80	 -27.45
  37.80	-175.50	 -31.50
  37.95	-169.35	 -31.80
  33.60	-160.95	 -27.75
  32.10	-144.00	 -24.00
  23.55	-102.60	 -16.05
  21.45	 -89.10	 -11.55
  19.20	 -82.95	  -6.30
  20.85	 -78.00	  -6.15
  17.25	 -74.25	  -5.40
  15.00	 -66.60	  -6.90
   8.40	 -33.00	   0.60
  -2.10	  19.50	   8.70
 -13.50	  64.35	  16.05
 -23.10	  93.00	  24.15
 -26.40	 112.20	  29.70
 -31.80	 128.10	  33.30
 -35.25	 141.90	  35.25
 -35.25	 151.95	  38.25
 -38.70	 159.00	  41.70
 -39.00	 167.70	  41.85
 -43.95	 180.00	  46.80
 -50.10	 187.35	  46.50
 -51.75	 199.05	  46.65
 -52.50	 210.00	  53.25
 -52.95	 219.90	  49.65
 -54.75	 226.95	  46.65
 -53.85	 229.05	  50.10
 -57.45	 232.65	  57.45
 -57.45	 236.70	  52.05
 -65.40	 237.60	  59.55
 -63.90	 237.60	  58.05
 -67.20	 231.75	  50.70
 -67.20	 226.20	  47.10
 -63.60	 210.75	  36.75
 -62.10	 192.30	  39.00
 -64.20	 172.35	  37.20
 -60.15	 156.15	  32.85
 -60.75	 157.65	  40.65
 -51.75	 135.00	  55.50
 -28.95	  90.15	  51.00
 -27.75	  66.30	  51.30
 -24.90	  64.65	  45.15
 -22.05	  57.00	  41.10
 -11.85	  43.95	  29.85
  -9.15	  30.45	  24.60
  -6.90	  22.05	  16.50
  -8.70	   5.85	  13.20
  -1.95	 -10.05	  11.55
   1.05	 -17.55	  18.00
   2.70	 -22.20	  15.15
   6.60	 -26.10	  15.45
   7.80	 -35.10	  16.65
   4.50	 -39.90	  18.15
   3.30	 -37.80	  16.80
   1.80	 -21.30	  18.75
   1.65	  -0.45	  15.90
  -4.50	  16.35	   7.80
  -6.90	  24.15	   3.90
 -11.70	  21.60	   3.60
 -16.65	  24.45	   3.00
 -25.50	  33.30	   5.70
 -32.10	  39.15	   9.75
 -35.25	  41.10	   8.70
 -28.20	  43.35	   8.70
 -25.80	  40.95	  17.70
 -22.05	  42.30	  22.05
 -14.85	  40.65	  25.80
 -13.20	  41.10	  19.05
 -10.05	  39.90	  13.65
  -8.25	  26.25	  11.85
  -9.90	  19.05	  10.95
 -13.05	  19.20	  12.60
 -19.65	  20.40	  11.85
 -19.20	  24.00	  11.10
 -15.00	  22.35	  13.95
 -12.60	  17.70	  14.40
  -7.80	  14.10	  13.35
  -7.80	  12.30	  16.35
  -4.20	   8.55	  18.90
  -2.55	   5.85	  15.75
  -5.70	   7.05	  13.35
  -1.80	   3.60	  13.50
   0.30	  -3.30	  12.45
   1.05	  -6.60	  12.75
   2.25	 -11.55	  11.55
   1.80	 -16.50	  12.75
   1.05	 -16.80	  11.70
   0.30	 -15.00	  11.40
  -1.95	  -9.00	   9.75
  -4.35	  -2.85	   9.15
  -3.00	   1.20	  10.05
  -4.95	   3.00	   9.75
 -13.20	   5.10	  12.75
 -13.50	   3.90	  12.00
  -9.00	   1.95	  12.30
  -8.40	  -0.60	  11.40
  -4.35	  -1.35	   8.40
  -3.75	  -3.45	   7.05
  -4.50	  -3.00	  11.55
  -4.65	  -0.60	   9.90
  -6.30	  -3.00	  11.55
  -6.90	   3.30	  12.75
  -6.15	   5.40	  17.25
  -3.30	   4.65	  13.50
  -0.30	   3.90	  13.20
  -0.15	   3.00	  12.60
  -0.60	   5.40	  10.95
  -2.10	   5.40	   8.40
  -2.85	   3.90	   9.15
   0.15	  -3.45	   7.50
  -2.55	 -14.25	   6.15
   1.05	 -25.35	   6.15
   2.70	 -28.80	   7.50
   3.30	 -27.15	   8.40
   1.35	 -26.85	   9.15
   1.05	 -24.60	   7.65
   1.80	 -32.70	   5.10
   3.60	 -39.60	   2.85
   6.75	 -45.30	   3.45
   7.50	 -53.10	   2.70
   9.00	 -58.65	  -0.45
   7.65	 -69.45	  -3.60
  10.65	 -73.95	  -6.60
   9.75	 -77.40	  -5.70
  11.55	 -83.25	  -6.75
   9.45	 -87.45	  -7.95
  12.75	 -88.20	  -7.95
  10.35	 -87.30	  -7.80
  12.00	 -88.65	 -11.40
  11.85	 -88.05	  -6.75
  18.75	 -81.30	  -6.90
  11.40	 -80.10	  -6.90
   8.55	 -72.30	  -5.70
   9.00	 -60.15	  -0.45
   5.25	 -48.75	  -0.45
   6.00	 -49.35	  -2.25
   6.90	 -54.00	  -2.85
   5.85	 -55.05	  -3.60
   6.60	 -51.00	  -2.85
   5.40	 -42.60	  -0.30
   3.75	 -28.80	   2.25
   0.90	 -21.75	   6.00
  -2.10	 -16.50	   7.35
   0.00	  -9.15	  10.65
  -0.60	  -7.35	  12.45
  -1.80	  -1.80	  13.50
  -1.35	   3.60	  16.50
  -5.25	   7.50	  18.45
  -4.65	   8.70	  18.00
  -4.35	  11.70	  16.80
  -6.00	  14.10	  16.65
  -6.30	  14.10	  16.65
  -6.60	  14.25	  18.00
 -11.40	  12.75	  23.10
 -12.30	  13.65	  18.90
  -9.90	  11.70	  15.75
  -9.90	  11.40	  13.20
  -9.00	  11.10	  14.85
  -7.80	  10.05	  14.10
  -5.10	   3.60	  11.70
  -4.20	   2.25	  14.40
  -5.85	   0.60	  12.45
  -4.50	  -0.45	  12.60
  -5.85	  -4.65	  13.50
  -4.35	  -9.45	  13.50
  -6.15	  -7.35	  18.30
  -8.40	  -4.35	  20.10
 -10.80	   4.20	  18.45
 -12.30	  12.60	  18.45
 -13.20	  17.25	  16.05
 -13.35	  17.70	  16.35
 -10.95	  11.70	  18.00
 -12.00	   9.15	  18.30
  -7.95	   4.65	  18.30
  -5.10	  -2.10	  15.00
  -4.50	  -7.50	  11.55
  -1.80	  -9.90	  11.70
  -0.90	 -15.60	  12.30
  -0.30	 -18.75	  12.00
   1.80	 -25.35	  11.70
   3.00	 -29.55	  14.10
   3.00	 -32.10	  13.05
   2.85	 -36.75	  12.45
   4.20	 -39.15	  12.30
   4.50	 -40.20	  12.30
   4.65	 -40.80	  12.75
   5.10	 -40.80	  12.45
   3.60	 -41.10	  10.95
   6.00	 -44.25	  11.10
   3.90	 -48.15	  12.45
   5.85	 -55.80	  13.95
   7.05	 -61.50	  14.85
   9.75	 -67.05	  15.15
   8.40	 -72.00	  12.00
   8.55	 -73.35	  13.35
   7.95	 -71.25	  15.45
   7.05	 -71.10	  17.10
   8.55	 -69.30	  17.40
   7.50	 -69.30	  15.90
   7.50	 -72.90	  16.65
   6.30	 -73.35	  17.10
   9.00	 -71.10	  19.20
   7.35	 -71.25	  19.50
   6.60	 -73.50	  18.75
   6.90	 -80.10	  18.30
   8.25	 -86.25	  19.95
   7.50	 -89.85	  18.45
   8.70	 -90.75	  15.75
  15.15	 -92.40	  13.65
  18.45	 -91.80	  11.10
  21.75	 -98.40	   9.75
  23.70	-102.45	  10.35
  23.10	-103.35	  11.40
  20.70	-105.00	  13.35
  19.20	-102.75	  13.35
  18.75	 -91.50	  12.00
  15.75	 -78.60	  14.25
  13.50	 -70.20	  13.95
  12.00	 -65.10	  14.70
  10.65	 -65.85	  15.75
  10.05	 -69.60	  17.40
  10.35	 -73.65	  15.90
  13.35	 -78.45	  15.15
  14.70	 -80.10	  19.05
  17.10	 -85.80	  18.90
  17.10	 -91.05	  18.15
  17.40	 -95.85	  18.45
  22.05	 -99.60	  19.05
  26.25	-103.20	  20.70
  28.05	-111.30	  24.00
  32.70	-116.55	  26.40
  36.90	-130.80	  30.60
  42.00	-144.00	  33.30
  40.20	-148.80	  29.85
  43.05	-150.45	  22.35
  43.95	-153.90	  18.90
  49.20	-162.15	   9.90
  52.35	-170.55	  -6.00
  54.60	-167.85	  -8.55
  61.05	-166.65	  -6.15
  62.55	-169.20	 -19.80
  55.80	-174.00	 -19.80
  56.55	-178.80	 -19.50
  55.50	-182.40	 -15.75
  60.45	-182.25	 -12.60
  64.50	-190.35	  -9.75
  59.70	-180.75	 -20.70
  60.60	-167.70	 -10.65
  64.65	-156.00	 -18.30
  65.25	-147.60	 -17.40
  65.10	-149.70	 -10.65
  55.05	-144.90	   7.35
  60.60	-140.55	  15.45
  58.50	-141.30	  21.30
  53.70	-130.95	  20.55
  41.10	-133.20	  20.85
  41.55	-128.40	   6.60
  47.55	-120.00	  -1.20
  42.00	-120.45	   0.45
  47.10	-112.20	  -0.30
  45.60	-100.80	   5.40
  36.60	 -92.40	   0.15
  38.25	 -81.60	  16.50
  30.60	 -72.90	  19.95
  25.50	 -68.85	  42.45
  23.10	 -72.00	  70.20
  13.35	 -87.75	  43.95
   9.90	-109.65	  41.55
  14.85	-113.40	  29.85
  29.70	-116.25	  24.60
  24.75	-113.40	  18.45
  25.80	-118.20	  13.35
  34.50	-127.20	  10.95
  44.40	-135.75	  -9.15
  41.70	-139.20	 -18.15
  39.90	-141.75	  -0.90
  66.90	-150.00	  -1.05
  45.75	-146.25	 -10.05
  39.60	-124.35	  16.50
  24.00	 -91.80	  30.30
  10.80	 -62.25	  43.20
  13.20	 -50.70	  48.15
  11.70	 -50.70	  44.85
   9.15	 -46.35	  47.70
  20.10	 -76.05	  37.80
  33.75	-111.45	  26.85
  46.05	-142.50	  12.30
  52.80	-169.35	  12.60
  57.90	-181.20	   1.95
  61.35	-186.90	  -2.85
  55.50	-174.00	   1.35
  52.35	-157.65	   4.20
  41.55	-145.20	   6.90
  29.25	-127.50	  -0.15
  29.85	-105.30	   0.90
  29.25	 -84.30	   5.70
  17.25	 -66.15	  21.30
  13.20	 -57.30	  23.85
  10.95	 -58.05	  24.15
  11.55	 -47.25	  22.95
  -2.25	 -33.30	  31.35
  -8.55	   5.25	  48.00
 -18.15	  36.60	  57.45
 -30.15	  56.55	  61.05
 -37.20	  74.40	  68.55
 -45.60	  87.15	  72.45
 -49.20	 106.20	  72.75
 -52.95	 119.85	  74.25
 -63.60	 138.30	  76.05
 -65.40	 150.75	  75.00
 -75.15	 170.85	  87.75
 -81.00	 183.30	  89.85
 -85.50	 199.20	  92.85
 -89.70	 213.30	  96.30
 -95.25	 225.45	 100.05
 -96.90	 222.30	 101.25
 -92.25	 218.85	  98.55
 -86.70	 214.80	  98.10
 -89.10	 207.60	 100.50
 -88.80	 203.25	  96.15
 -85.35	 194.55	  90.15
 -69.60	 151.05	  73.35
 -45.75	  90.30	  53.10
 -24.60	  38.25	  33.75
  -8.40	  -4.35	  17.55
   4.35	 -41.10	   7.35
  19.20	 -80.40	  -5.25
  35.10	-119.70	 -13.05
  53.40	-165.30	 -24.00
  62.10	-191.70	 -28.65
  65.55	-194.70	 -31.35
  58.05	-197.10	 -35.55
  48.75	-171.60	 -25.80
  31.20	-119.85	  -8.40
   6.75	 -56.10	   5.70
  -1.95	 -13.05	  18.90
  -6.30	  -7.50	  24.75
  -4.50	 -16.65	  22.95
 -11.40	   3.90	  27.45
 -19.50	  25.65	  33.75
 -33.75	  55.05	  47.40
 -44.40	  76.80	  50.40
 -57.75	  98.55	  57.30
 -76.95	 113.85	  68.85
 -73.50	  90.15	  44.85
 -52.95	  93.00	  34.50
 -53.10	  94.65	  37.20
 -45.30	  94.65	  34.65
 -53.85	  96.90	  33.90
 -51.75	  98.10	  73.20
 -53.10	  85.05	  64.50
 -48.75	  76.95	  65.25
 -35.85	  64.80	  66.00
 -27.45	  50.40	  56.25
 -34.20	  50.40	  53.70
 -37.05	  60.60	  60.60
 -40.05	  64.35	  56.55
 -35.10	  68.85	  59.40
 -35.55	  70.95	  65.85
 -35.55	  73.20	  76.80
 -38.40	  70.05	  75.15
 -43.35	  70.65	  75.30
 -50.55	  83.70	  73.65
 -49.65	  88.65	  73.20
 -48.45	  77.25	  66.60
 -41.10	  62.55	  59.10
 -31.80	  42.75	  50.10
 -28.05	  27.00	  42.45
 -25.65	  15.75	  36.75
 -18.00	   5.10	  24.15
 -18.45	   7.05	  24.75
 -18.30	   4.65	  23.10
 -14.10	   0.90	  21.15
 -16.50	   1.05	  20.10
 -22.35	  15.75	  27.45
 -29.70	  42.30	  43.05
 -37.80	  71.70	  57.30
 -54.90	 111.60	  79.95
 -65.10	 144.15	  99.60
 -69.90	 158.55	 110.70
 -72.30	 161.70	 113.85
 -75.30	 171.00	 119.55
 -78.90	 174.15	 121.20
 -81.30	 179.10	 123.60
 -83.85	 188.70	 128.70
 -85.35	 193.80	 133.50
 -84.30	 194.40	 137.40
 -82.05	 192.00	 139.05
 -81.60	 189.75	 140.85
 -79.95	 185.25	 140.70
 -83.25	 183.30	 141.45
 -88.05	 185.25	 142.95
 -86.25	 187.05	 141.75
 -78.15	 180.00	 135.45
 -81.30	 180.90	 139.05
 -80.55	 177.30	 138.30
 -81.60	 175.80	 138.30
 -81.60	 174.75	 137.85
 -81.30	 173.25	 136.80
 -80.70	 172.35	 135.90
 -79.95	 169.80	 136.20
 -72.45	 158.10	 129.15
 -66.30	 139.20	 117.45
 -61.50	 123.45	 109.80
 -54.90	 107.55	  99.15
 -48.45	  89.70	  90.45
 -43.35	  75.75	  80.85
 -37.20	  62.25	  69.60
 -38.55	  57.30	  76.80
 -32.55	  40.95	  69.60
 -22.05	  20.85	  59.55
 -18.00	   0.60	  51.75
 -13.65	 -14.85	  41.25
 -10.20	 -27.15	  33.00
  -7.80	 -34.65	  27.75
  -5.85	 -38.55	  24.60
  -2.25	 -44.25	  21.45
  -1.80	 -48.45	  19.80
  -1.80	 -49.65	  19.50
   0.00	 -52.95	  17.25
   2.85	 -55.50	  15.75
   1.65	 -55.35	  16.35
   1.65	 -54.15	  17.10
   2.25	 -58.95	  15.15
   3.30	 -59.10	  15.00
   1.80	 -55.80	  17.25
   2.55	 -57.30	  18.00
   0.15	 -53.40	  19.95
  -1.20	 -50.85	  19.95
   0.00	 -50.70	  21.30
   2.25	 -58.20	  18.15
   3.30	 -60.60	  17.55
   1.80	 -60.60	  15.75
   2.70	 -64.50	  13.65
   3.75	 -67.50	  11.55
   6.30	 -71.85	   7.50
   7.05	 -75.90	   8.55
   9.90	 -77.55	   6.15
  11.10	 -82.20	   5.25
  12.45	 -83.40	   2.85
  12.60	 -86.25	   3.45
  13.50	 -94.80	  -0.60
  16.05	 -98.10	  -0.60
  17.55	-104.85	  -3.90
  21.45	-111.60	  -7.50
  20.70	-110.10	  -6.75
  21.75	-109.80	  -7.50
  19.80	-106.20	  -6.60
  20.70	-106.05	  -6.30
  22.50	-106.05	  -6.30
  18.00	-102.60	  -3.90
  17.25	-102.15	  -2.85
  17.10	 -98.40	  -3.00
  16.65	 -97.95	  -3.45
  16.80	 -98.55	  -3.60
  18.45	 -99.15	  -4.50
  14.10	 -95.40	  -1.20
  15.45	 -93.75	   2.85
  16.50	 -93.00	   5.85
  14.40	 -90.60	   9.00
  15.45	 -90.75	   9.45
  15.00	 -89.40	  11.70
  22.95	-108.30	 -11.10
  24.15	-104.10	 -11.70
  21.45	 -96.15	  -6.30
  18.45	 -91.80	  -2.25
  16.05	 -91.95	  -1.35
  15.90	 -88.35	  -0.45
  19.20	 -87.75	   0.90
  18.75	 -83.40	  15.45
  14.85	 -75.15	  32.85
  11.70	 -63.15	  36.75
   7.95	 -52.50	  37.80
   4.35	 -36.75	  40.80
  -1.20	 -19.20	  41.70
  -3.00	  -1.65	  41.70
  -6.30	   4.95	  41.70
  -5.85	   4.35	  43.65
  -4.50	   5.70	  43.20
  -7.50	   4.20	  45.00
  -9.15	   4.65	  47.10
 -11.10	   9.00	  48.30
 -11.10	   6.30	  51.30
 -15.75	  -3.30	  48.90
 -14.25	 -10.95	  44.40
 -11.55	 -20.70	  41.25
  -7.80	 -29.55	  39.45
  -2.55	 -41.55	  35.25
  -1.95	 -50.55	  35.40
  -0.30	 -49.95	  36.30
  -1.20	 -45.30	  41.25
  -3.45	 -43.50	  42.75
  -1.20	 -40.20	  45.30
  -3.00	 -40.20	  46.05
  -2.55	 -40.05	  48.45
  -3.00	 -40.65	  49.35
  -3.60	 -33.45	  54.00
  -6.00	 -31.05	  56.85
  -7.80	 -24.00	  60.15
 -10.05	 -15.60	  61.95
 -11.10	 -12.30	  63.75
 -11.40	  -9.45	  63.90
 -12.00	 -11.40	  65.85
 -11.40	 -10.65	  63.60
 -12.00	 -10.65	  66.15
 -12.00	  -8.40	  65.40
 -11.70	  -8.40	  66.15
 -13.20	  -6.60	  68.70
 -10.20	  -7.35	  69.90
 -10.65	  -7.35	  71.25
 -13.05	  -8.55	  68.25
 -12.60	  -9.75	  70.35
 -11.70	  -8.70	  70.95
 -10.95	  -9.90	  72.00
 -12.45	  -9.90	  69.90
 -10.05	  -8.25	  71.85
 -11.55	  -9.75	  70.80
 -12.75	  -8.40	  70.20
 -12.60	  -9.00	  68.55
  -9.90	 -10.20	  66.90
  -9.90	 -13.95	  62.85
  -7.50	 -18.90	  60.75
  -4.35	 -23.85	  60.30
  -1.95	 -28.80	  60.15
  -0.90	 -31.80	  62.70
   0.15	 -35.40	  60.75
   3.60	 -40.35	  62.85
   3.75	 -45.30	  62.25
   5.70	 -46.50	  62.25
   9.15	 -55.50	  60.60
  11.55	 -64.80	  59.40
  16.35	 -76.95	  59.70
  17.25	 -88.95	  54.45
  18.45	 -98.40	  54.15
  20.10	-104.85	  55.50
  23.70	-108.60	  54.15
  26.85	-114.30	  54.00
  32.70	-118.80	  56.25
  31.35	-121.95	  57.15
  28.80	-130.35	  57.45
  25.65	-130.50	  59.85
  23.85	-130.95	  59.55
  13.95	-137.85	  54.45
  19.80	-154.05	  41.10
  42.30	-143.85	  36.30
  43.65	-140.55	  33.75
  43.20	-139.20	  36.90
  43.05	-141.60	  38.55
  40.65	-142.50	  34.65
  37.50	-144.90	  36.75
  37.95	-149.55	  37.20
  40.65	-147.00	  35.10
  38.25	-151.50	  33.75
  42.30	-154.80	  32.70
  42.00	-154.95	  33.90
  43.65	-158.10	  33.00
  43.20	-164.55	  36.60
  43.35	-166.65	  33.45
  51.00	-160.80	  26.85
  55.65	-133.35	  20.40
  43.35	 -86.10	  38.55
  12.60	 -52.35	  36.60
  -0.60	 -29.40	  22.80
  -9.30	 -18.90	  16.35
 -13.50	 -16.50	  13.95
 -11.40	 -16.50	  12.75
 -13.20	 -17.55	  15.45
 -10.20	 -18.30	  15.00
 -11.70	 -20.55	  14.70
  -9.90	 -20.85	  12.00
 -13.05	 -15.60	  11.10
 -17.55	  -8.40	  14.70
 -17.55	  -0.30	  16.50
 -22.20	   3.75	  16.35
 -24.00	  10.05	  18.90
 -26.10	  12.75	  16.05
 -27.45	  22.05	  22.05
 -29.40	  24.90	  22.05
 -29.55	  24.00	  24.00
 -29.85	  19.20	  20.70
 -28.80	  20.70	  22.95
 -31.50	  22.35	  20.85
 -31.35	  25.20	  23.70
 -33.60	  29.25	  22.50
 -40.65	  39.90	  25.80
 -41.55	  51.00	  29.40
 -42.30	  55.80	  30.90
 -40.80	  59.85	  31.20
 -46.05	  60.45	  30.60
 -44.40	  61.80	  27.90
 -46.65	  61.80	  25.35
 -48.00	  62.70	  29.25
 -46.50	  60.15	  24.75
 -45.90	  55.80	  19.50
 -44.70	  53.40	  17.40
 -44.40	  49.65	  18.00
 -44.10	  50.40	  19.80
 -46.80	  54.15	  18.45
 -45.60	  54.45	  20.10
 -45.00	  53.85	  15.90
 -47.55	  66.30	  19.65
 -51.45	  79.35	  24.90
 -53.40	  84.30	  28.05
 -54.15	  89.10	  29.55
 -53.25	  88.20	  27.15
 -53.25	  80.55	  26.10
 -51.75	  74.25	  23.85
 -47.25	  68.55	  18.45
 -49.05	  63.00	  14.85
 -48.75	  66.30	  15.15
 -50.55	  66.30	  17.10
 -48.15	  66.60	  13.95
 -50.10	  67.50	  10.35
 -47.40	  58.05	   2.85
 -41.85	  41.55	  -1.35
 -38.70	  24.75	 -11.55
 -35.40	  27.00	  -8.25
 -36.15	  32.85	  -1.95
 -37.95	  34.65	  -0.90
 -41.70	  42.45	   3.00
 -43.05	  53.25	   5.40
 -45.60	  61.80	   8.70
 -49.80	  64.80	   9.00
 -47.70	  65.10	   9.45
 -48.90	  65.10	  10.65
 -46.80	  65.55	  10.80
 -44.85	  57.75	  10.65
 -46.50	  56.85	  12.30
 -47.25	  57.45	  13.35
 -46.05	  58.65	   9.30
 -47.70	  64.35	  11.70
 -48.90	  70.20	  10.65
 -50.40	  78.30	  12.75
 -47.70	  65.85	  12.45
 -43.20	  41.70	   8.25
 -37.65	  20.70	   7.50
 -29.70	   4.65	   4.65
 -34.35	  16.35	   0.90
 -40.35	  41.85	   6.60
 -48.00	  70.80	  15.15
 -50.70	  74.25	  18.30
 -49.05	  74.40	  17.70
 -48.90	  75.75	  17.25
 -47.70	  71.25	  18.75
 -47.40	  62.10	  18.30
 -42.00	  45.75	  14.10
 -36.00	  24.60	   9.45
 -29.40	   3.30	   3.60
 -26.10	 -17.25	  -3.30
 -20.85	 -28.20	  -7.65
 -19.50	 -34.50	  -7.95
 -18.45	 -37.95	  -8.25
 -17.55	 -43.35	  -9.45
 -17.55	 -47.70	 -10.95
 -19.50	 -36.75	  -5.40
 -22.05	 -31.20	  -1.80
 -19.65	 -34.65	  -0.90
 -19.20	 -35.10	  -2.70
 -23.70	 -27.75	   1.65
 -28.80	  -8.55	   7.50
 -32.55	  11.10	  13.65
 -35.40	  27.75	  18.15
 -39.60	  38.25	  20.55
 -41.55	  48.15	  24.60
 -47.70	  64.35	  25.65
 -51.60	  76.95	  27.75
 -52.35	  83.70	  32.85
 -58.20	  97.20	  37.65
 -57.90	  95.10	  36.90
 -57.45	  87.00	  30.60
 -48.00	  59.70	  21.75
 -36.30	  26.10	   6.60
 -28.95	  -2.55	   1.80
 -23.85	 -23.85	  -4.65
 -18.45	 -37.95	  -8.25
 -16.05	 -45.60	 -10.95
 -10.80	 -66.00	 -15.60
  -6.60	 -76.80	 -18.75
  -4.65	 -89.70	 -22.35
  -1.20	-104.55	 -25.20
   1.80	-114.30	 -29.70
   4.65	-117.75	 -28.95
   3.45	-118.65	 -27.75
   2.55	-119.85	 -28.65
   3.75	-114.15	 -27.75
   0.30	-105.15	 -21.30
  -1.20	-100.50	 -18.90
  -3.30	 -97.50	 -14.70
  -5.85	 -82.65	 -13.50
 -11.10	 -64.50	 -11.10
 -15.75	 -52.95	  -7.65
 -15.75	 -45.90	  -1.80
 -18.45	 -39.45	  -1.65
 -19.05	 -31.50	  -2.85
 -21.75	 -23.25	   2.70
 -20.55	 -17.55	   3.30
 -23.70	 -17.40	   6.30
 -22.80	 -18.75	   4.35
 -29.25	  10.35	  14.40
 -33.30	  18.90	  16.35
 -35.55	  22.05	  15.75
 -35.55	  22.05	  16.80
 -33.90	  26.55	  18.90
 -41.25	  46.50	  29.85
 -49.35	  74.85	  39.15
 -57.00	 104.10	  51.00
 -65.85	 133.20	  58.05
 -70.95	 149.25	  61.80
 -76.50	 157.35	  65.40
 -76.35	 163.80	  68.55
 -82.05	 174.30	  73.50
 -94.20	 187.65	  79.35
-100.80	 196.35	  67.65
 -80.85	 196.80	  61.35
 -76.05	 207.45	  72.75
 -84.60	 223.95	 114.30
 -89.70	 226.65	 128.70
 -90.60	 221.25	 134.85
 -89.40	 206.40	 133.80
 -86.70	 200.85	 126.45
 -85.65	 197.55	 112.95
 -75.60	 181.95	 102.00
 -77.70	 166.05	  92.10
 -71.70	 159.30	  81.30
 -70.20	 142.35	  76.05
 -67.95	 128.40	  72.45
 -68.40	 121.35	  62.55
 -60.75	 118.65	  62.25
 -67.20	 119.55	  60.30
 -63.90	 122.10	  58.80
 -59.55	 113.25	  54.45
 -51.75	  96.00	  51.00
 -59.55	  92.25	  49.20
 -57.90	  95.40	  52.35
 -59.55	  99.30	  51.75
 -53.25	  97.50	  51.00
 -52.20	  88.65	  55.50
 -52.80	  70.35	  51.30
 -42.75	  60.15	  50.55
 -44.85	  60.60	  50.70
 -46.35	  57.30	  47.10
 -42.45	  45.00	  42.45
 -36.90	  41.25	  44.25
 -40.95	  40.65	  42.45
 -37.80	  34.20	  40.05
 -35.40	  25.50	  35.85
 -37.65	  25.20	  32.85
 -42.00	  28.80	  32.55
 -33.90	  31.05	  28.80
 -28.50	  21.45	  25.80
 -21.15	   5.70	  19.95
 -15.15	 -13.05	  13.65
  -6.60	 -41.85	   1.35
  -3.00	 -53.85	  -1.95
  -1.05	 -62.10	  -2.85
  -1.35	 -62.55	  -3.60
  -1.95	 -61.95	  -0.90
  -5.70	 -56.40	   2.70
  -7.65	 -58.05	   2.85
  -5.10	 -68.70	  -1.80
  -0.30	 -83.85	  -6.15
   1.35	 -98.55	 -11.40
   4.35	-104.40	 -14.25
   7.35	-110.70	 -17.25
   8.40	-112.20	 -18.30
   7.95	-114.00	 -19.05
   9.30	-117.90	 -20.40
  10.20	-122.10	 -20.55
  15.00	-136.05	 -23.55
  19.20	-154.35	 -29.85
  20.85	-156.75	 -29.70
  17.40	-143.55	 -23.25
  12.30	-131.40	 -15.90
   8.55	-116.70	 -10.05
   7.05	-107.55	  -7.50
   6.15	-102.60	  -7.95
   4.50	-102.75	  -8.25
   4.65	-101.55	  -9.45
   5.10	-100.05	 -11.70
   4.50	 -99.45	 -10.05
   0.15	 -92.10	  -7.50
   0.15	 -79.95	  -3.45
  -2.55	 -70.20	   1.05
  -4.65	 -62.55	   2.55
 -10.95	 -47.10	   7.95
 -10.65	 -43.05	  10.65
 -10.05	 -45.75	   8.25
  -6.90	 -50.40	   7.35
  -9.30	 -49.05	   6.75
  -9.90	 -49.20	   6.90
 -10.20	 -46.35	   8.40
 -11.85	 -41.70	  10.80
 -12.45	 -34.50	  13.20
 -14.25	 -27.90	  15.75
 -16.65	 -22.95	  17.70
 -17.10	 -20.70	  18.15
 -17.25	 -23.10	  19.05
 -17.55	 -21.60	  19.50
 -16.50	 -19.05	  23.55
 -16.65	 -25.50	  19.95
 -13.95	 -28.95	  18.75
 -16.05	 -30.15	  18.30
 -14.10	 -31.05	  19.65
 -16.80	 -23.85	  22.35
 -18.45	 -22.20	  24.00
 -19.05	 -18.00	  25.35
 -18.00	 -19.05	  26.85
 -18.45	 -16.35	  26.55
 -18.15	 -18.45	  22.95
 -18.90	 -19.20	  23.25
 -17.70	 -19.95	  24.75
 -17.40	 -25.20	  22.50
 -15.60	 -28.50	  19.95
 -15.60	 -25.50	  21.45
 -16.80	 -27.90	  19.05
 -14.25	 -28.20	  20.10
 -15.60	 -28.80	  19.20
 -13.65	 -31.80	  18.45
 -15.75	 -28.95	  18.75
 -15.60	 -27.00	  18.90
 -15.75	 -28.20	  18.75
 -15.60	 -29.25	  19.20
 -15.15	 -29.25	  18.90
 -12.45	 -29.70	  19.05
 -13.95	 -34.20	  18.30
 -11.40	 -40.80	  12.75
  -9.75	 -44.70	  10.05
  -6.90	 -54.45	   5.10
  -6.75	 -57.15	   5.70
  -6.90	 -55.05	   5.85
  -6.15	 -55.50	   4.65
  -6.60	 -59.85	   4.35
  -4.65	 -63.60	   2.10
  -3.30	 -72.45	  -1.05
  -1.20	 -78.45	  -6.00
   3.00	 -87.75	  -9.30
   3.90	 -96.30	 -13.50
   5.85	-101.55	 -16.80
   8.55	-108.30	 -19.20
   7.95	-111.75	 -21.30
   9.75	-118.20	 -22.95
  13.50	-124.35	 -24.15
  14.70	-127.95	 -28.20
  13.65	-132.60	 -29.85
  18.15	-139.20	 -30.60
  17.25	-136.80	 -30.90
  16.35	-134.10	 -31.35
  14.85	-133.35	 -29.85
  14.70	-130.50	 -30.90
  14.85	-130.05	 -28.50
  12.75	-129.75	 -28.95
  13.50	-126.15	 -26.40
  13.20	-124.35	 -24.90
  13.95	-124.35	 -23.55
  10.95	-122.40	 -27.15
  13.05	-123.00	 -25.50
  12.75	-123.15	 -26.85
  10.65	-121.35	 -27.45
  12.75	-121.05	 -26.10
  11.70	-116.55	 -25.35
  12.75	-115.05	 -20.85
  10.05	-112.65	 -21.45
   9.15	-109.65	 -22.35
   8.40	-108.15	 -19.50
   7.50	-105.30	 -20.40
   6.60	-102.90	 -18.30
   6.30	 -99.15	 -15.90
   4.50	 -97.20	 -14.10
   4.65	 -97.05	 -15.75
   3.90	 -95.25	 -15.75
   5.10	 -94.50	 -15.45
   4.20	 -95.85	 -15.90
   5.70	 -93.60	 -18.90
   3.90	 -94.50	 -16.80
   3.60	 -92.25	 -16.80
   3.45	 -93.90	 -16.65
   3.75	 -91.05	 -14.85
   2.70	 -87.30	 -11.55
   2.10	 -89.70	 -16.05
  -2.70	 -75.90	  -7.05
  -3.60	 -67.65	  -2.85
  -4.50	 -54.90	   1.65
 -10.95	 -42.60	   9.15
 -11.70	 -39.00	   9.45
  -9.90	 -39.60	   6.15
  -7.80	 -41.25	   5.25
  -6.00	 -51.60	   1.65
  -5.40	 -58.05	  -1.35
  -3.90	 -64.65	  -1.35
  -6.15	 -78.30	  -6.60
  -3.45	 -93.60	 -13.65
  -2.70	-108.30	 -19.65
   2.10	-123.90	 -30.15
   6.30	-137.40	 -39.15
   9.30	-145.80	 -49.80
  16.80	-156.30	 -56.25
  19.95	-167.55	 -57.15
  18.15	-177.15	 -60.45
  22.80	-184.95	 -66.15
  27.45	-194.25	 -70.20
  31.05	-199.50	 -72.60
  34.50	-209.25	 -75.00
  34.50	-215.85	 -77.25
  33.60	-214.65	 -78.90
  38.55	-216.60	 -80.55
  37.95	-212.85	 -85.50
  38.55	-208.95	 -82.65
  42.75	-192.15	 -75.90
  29.55	-187.80	 -77.40
  24.00	-183.00	 -82.50
  16.05	-177.60	 -82.35
  25.20	-169.35	 -74.40
  30.60	-168.60	 -67.05
  33.60	-173.85	 -59.40
  28.50	-173.40	 -49.35
  28.65	-169.95	 -45.15
  28.65	-173.25	 -44.10
  28.95	-174.30	 -43.65
  26.85	-177.30	 -45.15
  26.25	-179.25	 -46.50
  28.50	-184.50	 -46.50
  29.55	-189.60	 -47.25
  29.70	-191.70	 -47.10
  31.20	-199.05	 -49.95
  33.00	-203.10	 -47.70
  33.60	-205.80	 -49.05
  34.20	-210.45	 -48.15
  36.30	-217.05	 -50.40
  38.70	-221.70	 -51.30
  40.35	-223.95	 -51.75
  38.40	-223.80	 -51.60
  39.90	-223.50	 -52.35
  39.30	-229.50	 -53.70
  40.05	-229.50	 -51.45
  43.35	-231.75	 -52.95
  44.40	-237.30	 -53.70
  41.70	-235.20	 -57.15
  44.10	-235.05	 -56.55
  46.35	-236.55	 -55.05
  48.45	-232.50	 -57.00
  45.90	-229.20	 -55.05
  43.95	-207.60	 -49.80
  40.20	-192.90	 -53.10
  34.95	-168.45	 -45.90
  28.50	-152.85	 -43.95
  28.20	-148.20	 -42.60
  27.00	-143.55	 -44.25
  24.90	-136.50	 -41.10
  24.90	-130.20	 -42.60
  22.80	-125.10	 -41.10
  22.95	-116.70	 -40.20
  19.80	-104.40	 -40.35
  16.50	 -97.05	 -38.25
  15.75	 -92.25	 -37.80
  13.65	 -87.75	 -39.45
  13.20	 -81.60	 -36.75
  14.40	 -79.65	 -33.90
  13.50	 -76.50	 -34.50
   7.65	 -70.65	 -36.30
   6.30	 -67.50	 -31.80
   7.35	 -62.85	 -30.45
   7.95	 -61.35	 -30.15
   7.95	 -66.90	 -30.15
  10.35	 -78.45	 -28.80
   7.80	 -70.05	 -29.55
   3.00	 -51.60	 -18.90
  -1.05	 -28.65	  -6.90
  -7.65	  -1.80	   1.05
 -17.10	  24.00	   7.80
 -20.10	  40.80	  15.00
 -22.20	  46.05	  20.70
 -22.20	  48.30	  19.95
 -17.25	  44.85	  19.05
 -21.75	  53.40	  20.40
 -28.05	  64.80	  20.40
 -26.85	  67.95	  23.85
 -31.20	  74.55	  20.10
 -34.50	  82.05	  16.80
 -40.65	  90.30	  24.75
 -36.75	  82.05	  28.20
 -22.20	  40.65	  19.20
 -12.60	  -2.25	  10.35
   0.15	 -45.00	  -0.45
   4.35	 -75.75	 -13.50
  13.50	-104.85	 -15.75
  21.60	-144.60	 -24.60
  23.70	-159.75	 -30.30
  22.95	-155.40	 -28.80
  21.15	-139.95	 -28.50
  15.90	-128.85	 -28.05
  17.40	-117.90	 -22.50
  12.30	-109.05	 -19.65
  13.50	-106.20	 -18.00
  11.70	-107.40	 -19.50
  10.95	-108.90	 -18.30
   8.55	-108.60	 -19.20
  11.85	-110.85	 -19.65
  10.05	-106.05	 -19.20
   6.90	 -93.75	 -16.80
   3.00	 -81.45	 -11.10
   0.45	 -77.70	  -7.50
  -1.65	 -78.90	  -4.95
   0.45	 -81.00	  -7.50
   1.35	 -83.10	  -9.90
   1.20	 -82.50	  -9.30
   0.45	 -82.20	 -10.80
   0.90	 -93.15	 -13.05
   2.55	-110.70	 -19.05
   5.10	-123.60	 -24.15
   7.35	-133.80	 -25.65
   8.25	-136.95	 -26.25
   7.80	-136.95	 -31.80
   5.40	-132.00	 -28.65
   2.25	-125.55	 -32.55
   0.00	-119.10	 -29.40
  -5.10	 -97.50	 -24.15
 -19.80	 -39.00	  -7.95
 -27.45	  -7.65	   0.30
 -35.55	  14.70	   3.90
 -36.15	  13.35	   5.25
 -36.30	  19.50	   7.35
 -34.20	   4.65	  -1.80
 -27.90	 -37.80	 -17.25
 -16.35	 -85.05	 -28.80
  -7.50	-131.10	 -40.20
  -0.60	-147.90	 -44.85
   1.05	-150.00	 -47.40
  -3.75	-139.95	 -41.70
  -4.65	-133.20	 -39.60
  -9.00	-120.00	 -37.95
 -12.60	-106.50	 -33.60
 -27.90	 -40.80	 -19.05
 -41.70	  15.90	  -9.00
 -48.75	  37.20	   2.70
 -48.75	  42.75	   4.50
 -49.35	  46.50	   7.05
 -50.10	  42.00	   7.80
 -43.20	  10.35	  -1.20
 -33.45	 -38.25	 -14.25
 -23.55	 -86.10	 -24.90
 -10.35	-129.30	 -40.95
  -6.75	-149.85	 -47.25
  -6.60	-152.25	 -47.10
  -8.55	-145.05	 -41.70
 -22.35	 -84.90	 -23.55
 -40.65	 -21.45	  -0.45
 -44.85	  -6.60	   6.15
 -46.50	  -3.45	   5.70
 -49.95	  -5.85	   6.90
 -49.65	  -9.90	   6.15
 -48.75	 -18.45	   3.45
 -48.00	 -17.40	   6.30
 -53.25	  -6.90	   8.40
 -60.45	   7.05	  14.40
 -63.75	  25.50	  23.70
 -46.65	  42.30	  40.35
 -56.40	  43.20	  46.80
 -58.80	  50.70	  49.95
 -59.55	  57.30	  53.70
 -63.90	  69.90	  62.55
 -66.75	  83.70	  71.55
-109.35	  99.45	  80.40
-145.20	  78.00	   7.35
 -95.85	 122.25	 -11.55
 -89.10	 156.15	   5.25
 -83.25	 170.10	  40.65
 -92.85	 171.15	  46.05
 -83.25	 178.20	  54.15
 -91.35	 186.60	  87.00
-110.55	 179.70	  77.70
-101.55	 183.60	  65.40
-106.50	 176.40	  67.05
-102.90	 161.40	  59.10
 -97.65	 153.60	  58.95
-114.90	 165.75	  53.40
-116.25	 182.85	  48.45
-107.40	 177.30	  48.45
-101.70	 173.40	  48.75
-100.80	 165.45	  47.70
-100.50	 153.90	  37.20
-102.15	 139.80	  49.20
-106.65	 125.70	  58.50
 -99.90	 106.05	  56.10
 -93.90	  86.55	  53.10
 -88.05	  72.90	  55.35
 -86.70	  51.75	  52.95
 -81.45	  41.70	  49.80
 -81.75	  42.75	  46.05
 -73.35	  33.30	  49.05
 -63.15	  21.60	  41.85
 -69.45	  13.20	  44.10
 -61.80	   7.65	  38.55
 -64.20	  -0.90	  37.95
 -59.85	  -5.85	  38.55
 -64.35	 -18.75	  40.80
 -68.55	 -12.60	  40.65
 -61.05	 -20.55	  39.30
 -62.25	 -25.80	  42.75
 -60.60	 -17.55	  45.60
 -56.10	 -15.15	  50.85
 -64.50	 -15.15	  46.50
 -67.50	 -11.10	  47.55
 -59.85	 -13.95	  48.15
 -55.35	 -22.95	  52.05
 -56.25	 -33.45	  51.00
 -62.25	 -34.35	  52.80
 -58.05	 -30.45	  56.25
 -60.30	 -18.30	  62.55
 -53.10	 -14.10	  64.20
 -54.15	 -22.95	  64.20
 -56.10	 -22.20	  63.75
 -56.10	 -11.85	  63.00
 -60.75	   4.20	  60.45
 -63.75	  22.95	  58.65
 -66.15	  38.25	  56.25
 -69.90	  45.90	  59.85
 -82.35	  43.65	  60.30
-102.00	  41.25	  53.85
-128.55	  15.60	  53.85
-145.05	 -11.85	  48.00
-145.65	 -21.30	  52.50
-146.55	   5.25	  45.00
-139.80	  19.50	  52.50
-129.30	  31.35	  52.35
-100.95	  52.35	  61.95
 -79.65	  70.35	  60.75
 -71.55	  79.20	  64.20
 -80.10	  88.65	  71.70
 -88.65	  91.95	  69.90
 -83.85	  98.55	  83.85
 -66.60	 105.90	  94.80
 -73.20	 107.70	  87.15
 -66.30	 110.10	  95.40
 -40.80	  96.75	  84.15
 -55.50	  69.90	  74.55
 -72.60	  50.85	  68.25
 -60.45	  50.55	  66.75
 -46.80	  59.70	  68.85
 -33.30	  61.20	  61.95
 -16.35	  50.55	  50.85
 -20.70	  28.80	  48.00
 -43.95	  13.65	  43.50
 -57.15	   3.45	  40.20
 -62.55	  -1.05	  37.50
 -68.40	 -11.40	  34.95
 -67.50	 -25.20	  32.10
 -70.20	 -24.15	  21.30
 -73.35	 -35.10	  19.95
 -75.30	 -35.55	  21.60
 -78.00	 -47.40	  22.05
 -75.15	 -53.85	  26.55
 -69.90	 -56.25	  23.85
 -65.85	 -61.80	  23.10
 -67.95	 -62.55	  24.90
 -66.30	 -63.45	  22.95
 -63.15	 -61.05	  24.90
 -61.05	 -58.80	  24.90
 -64.65	 -59.85	  19.50
 -66.60	 -61.35	  18.00
 -66.90	 -61.80	  17.55
 -67.80	 -59.40	  17.40
 -56.85	 -57.45	  16.35
 -48.30	 -61.20	  11.10
 -47.10	 -55.80	   0.60
 -43.65	 -39.60	   1.05
 -48.75	 -33.30	  10.05
 -46.65	 -37.80	   7.65
 -49.35	 -41.25	   9.30
 -46.65	 -39.30	  10.65
 -45.00	 -36.60	   7.80
 -43.95	 -35.85	   3.45
 -44.70	 -32.55	   1.20
 -43.50	 -29.85	  -3.00
 -41.55	 -29.70	  -9.15
 -42.75	 -25.80	  -9.75
 -43.20	 -26.25	 -12.30
