 -72.45	-102.60	 -28.20
 -78.15	-107.55	 -30.30
 -79.95	-107.85	 -31.80
 -68.70	-100.35	 -29.70
 -67.80	 -98.70	 -29.55
 -14.10	 -52.35	-106.50
 -15.15	 -54.15	-111.60
  -9.90	 -51.45	-110.25
  -4.50	 -45.30	-104.25
  -2.25	 -40.20	-101.70
  -3.75	 -49.05	 -92.10
   1.80	 -47.10	 -81.30
   9.90	 -54.45	 -79.35
   6.90	 -54.00	 -71.70
   5.25	 -50.55	 -68.25
   6.75	 -51.60	 -62.70
   8.40	 -51.75	 -59.85
  10.20	 -42.30	 -58.50
   9.00	 -43.50	 -55.65
  16.50	 -53.70	 -57.30
  19.05	 -52.20	 -55.80
  16.65	 -49.80	 -61.20
  19.05	 -51.45	 -59.55
  21.60	 -48.45	 -55.50
  24.60	 -44.40	 -55.50
  12.60	 -47.25	 -60.15
   5.10	 -58.05	 -56.25
   1.95	 -64.20	 -53.10
  -3.45	 -68.25	 -42.45
 -13.20	 -77.25	 -36.00
 -26.55	 -84.75	 -28.05
 -48.45	 -99.60	 -26.40
 -51.60	 -96.45	 -25.80
 -61.20	 -85.80	 -36.15
 -71.25	 -96.00	 -26.40
 -78.00	-102.15	 -15.75
 -92.40	-109.80	 -11.85
-102.75	-123.00	   6.00
-114.90	-131.85	  12.30
-121.95	-135.90	  11.85
-127.80	-144.75	  14.10
-120.00	-148.35	  -1.95
-128.40	-141.90	  -9.90
-134.25	-145.95	 -18.00
-136.65	-146.55	 -16.65
-137.40	-149.55	 -11.85
-138.45	-143.55	 -11.10
-131.70	-142.65	  -6.15
-134.10	-138.15	  -6.30
-125.10	-143.85	   1.05
-126.75	-144.30	   2.70
-123.75	-141.45	   3.00
-122.10	-143.10	  -2.55
-117.00	-142.65	  -6.60
-107.25	-130.35	  -7.05
 -91.05	-128.85	  -8.55
 -77.40	-118.20	 -17.40
 -64.50	-114.60	 -21.75
 -66.15	-114.30	 -23.55
 -67.80	-107.55	 -19.20
 -65.40	-106.95	 -18.30
 -58.05	-100.05	 -17.55
 -50.10	-102.00	 -16.65
 -45.00	-108.30	 -26.55
 -54.45	-100.35	 -16.05
 -50.55	-122.25	  -7.05
 -17.70	-110.10	  25.80
  -7.50	-103.50	  31.05
  25.20	 -86.55	  27.75
   9.00	 -65.25	  20.40
  16.50	 -48.90	  24.15
  24.00	 -48.75	  27.30
  23.10	 -49.95	  28.95
   1.20	 -58.65	  27.00
   2.85	 -67.20	  25.65
  -6.75	 -73.35	  23.70
  -3.90	 -74.55	  19.05
 -10.95	 -66.60	   7.65
  -0.60	 -72.45	   6.60
  -2.10	 -69.15	  13.50
  -9.75	 -74.85	   9.00
   0.00	 -75.75	  10.20
  -3.75	 -67.80	   9.30
  -5.40	 -66.60	   9.90
  -1.20	 -62.70	   3.75
  -1.05	 -80.10	   4.65
  10.20	 -78.60	   5.10
  14.70	 -69.45	  11.40
   7.35	 -73.95	  18.00
  12.30	 -68.55	  17.70
  21.75	 -59.70	  19.20
  14.85	 -63.45	  23.25
  27.00	 -63.45	  24.45
  28.95	 -57.30	  20.55
  36.90	 -46.50	  17.40
  39.00	 -51.45	  18.00
  53.85	 -45.30	  17.70
  54.45	 -43.65	  15.45
  59.85	 -38.55	  16.50
  62.25	 -40.95	  17.10
  70.20	 -36.30	  20.10
  80.85	 -31.50	  22.35
  83.40	 -31.50	  23.10
  93.75	 -24.60	  24.90
  91.20	 -19.80	  25.35
  93.60	 -19.65	  27.75
  98.70	 -17.70	  30.60
 103.35	 -12.45	  30.15
 107.25	  -8.55	  28.50
 112.65	  -5.25	  28.05
 110.55	  -5.25	  23.70
 114.90	  -6.00	  21.75
 123.00	   0.45	  22.50
 132.45	   3.90	  23.55
 136.50	   9.15	  24.90
 136.50	   7.65	  23.85
 135.30	   7.65	  25.35
 132.15	   5.25	  22.95
 128.40	   8.40	  22.35
 127.95	   7.95	  22.35
 129.30	   4.95	  23.25
 131.40	   6.75	  22.20
 136.50	   7.35	  20.85
 141.60	   8.70	  22.80
 148.80	  12.60	  27.00
 155.25	  12.45	  30.15
 160.95	  16.35	  32.10
 163.80	  18.15	  35.40
 173.10	  19.20	  36.90
 183.30	  25.80	  40.20
 190.95	  33.00	  37.80
 191.40	  39.90	  39.90
 190.65	  40.65	  39.15
 194.40	  42.00	  39.90
 197.55	  44.40	  39.60
 199.20	  43.50	  40.65
 200.85	  43.05	  40.35
 205.20	  40.80	  41.55
 212.85	  45.30	  45.00
 212.55	  51.00	  45.15
 207.90	  51.75	  42.60
 210.75	  51.00	  41.10
 212.55	  48.90	  42.60
 213.30	  49.95	  44.10
 214.20	  50.10	  46.50
 214.05	  49.95	  49.95
 213.90	  50.10	  50.55
 214.20	  47.25	  50.55
 207.15	  45.15	  51.75
 201.90	  41.55	  49.65
 195.90	  37.65	  49.05
 182.10	  31.20	  48.45
 160.80	  18.75	  45.15
 153.75	  15.45	  44.40
 153.90	  15.90	  46.80
 157.20	  16.65	  46.80
 154.80	  13.95	  46.35
 154.80	  15.00	  47.10
 153.15	  14.10	  50.10
 149.85	  10.80	  51.30
 148.95	  10.20	  52.20
 145.20	  12.00	  51.00
 145.80	  13.05	  51.60
 154.35	  11.85	  54.90
 158.85	  11.70	  58.50
 162.15	  13.50	  60.30
 159.30	  13.20	  58.80
 158.40	  11.10	  58.20
 156.15	  10.80	  58.65
 155.25	  10.95	  56.55
 154.35	  10.35	  56.85
 149.25	   7.95	  56.55
 148.05	   6.30	  55.35
 145.95	   6.60	  54.00
 142.35	   5.40	  52.95
 144.75	   5.70	  52.35
 149.25	   6.60	  53.25
 152.25	   7.35	  55.80
 150.30	  16.35	  54.15
 154.80	  17.55	  52.95
 155.70	  12.60	  54.60
 153.30	   9.90	  51.75
 157.95	  13.35	  50.55
 162.15	  15.00	  52.20
 166.65	  18.75	  52.50
 173.10	  21.75	  52.35
 175.95	  22.95	  53.40
 179.10	  23.55	  51.00
 178.95	  24.45	  53.40
 181.65	  26.10	  53.25
 181.50	  26.25	  50.10
 166.05	  20.40	  44.25
 164.10	  18.30	  41.10
 160.35	  18.00	  42.30
 166.05	  21.15	  46.05
 162.60	  19.05	  41.85
 145.05	  11.85	  32.85
 138.60	  10.20	  26.85
 135.45	   7.80	  24.75
 137.70	  11.10	  23.25
 141.75	  13.05	  23.25
 146.40	  15.75	  22.05
 147.30	  18.15	  21.75
 140.10	  16.05	  14.70
 130.50	  12.00	   8.70
 127.20	   9.90	   6.60
 118.05	   5.40	   2.55
 109.20	   2.55	  -1.80
  97.80	  -1.35	  -6.60
  85.50	  -6.30	 -14.40
  75.00	 -10.20	 -19.05
  66.90	 -14.70	 -22.80
  59.55	 -18.00	 -26.85
  52.20	 -23.10	 -29.40
  47.55	 -23.25	 -30.60
  45.15	 -23.85	 -33.00
  42.30	 -25.35	 -33.00
  36.30	 -26.40	 -36.00
  32.70	 -28.20	 -38.25
  36.75	 -30.15	 -39.60
  33.90	 -30.60	 -41.70
  18.45	 -37.95	 -49.05
   4.65	 -45.15	 -50.70
  -1.05	 -46.35	 -54.00
  -4.95	 -51.30	 -53.85
  -7.35	 -51.00	 -56.55
 -12.30	 -56.85	 -56.40
  -4.35	 -57.75	 -55.05
  13.95	 -54.75	 -48.45
  13.65	 -49.35	 -45.75
   8.55	 -48.30	 -45.30
  23.55	 -40.35	 -39.60
  56.40	 -16.65	 -24.00
  78.90	  -8.55	 -15.60
  84.60	  -8.40	 -19.05
  90.45	  -1.35	 -19.50
  86.40	  -5.40	 -23.55
  84.75	  -2.70	 -20.40
  87.90	  -1.05	 -23.55
 105.30	  14.10	 -24.75
 101.70	  13.65	 -29.55
  96.90	   3.00	 -27.00
  99.90	  -3.00	 -26.25
 100.20	   7.80	 -21.45
 101.55	  12.00	 -24.15
  89.55	   9.00	 -25.50
  85.80	   2.25	 -24.45
  73.50	   1.05	  -6.90
  81.60	 -12.45	  -2.10
  93.60	  -2.70	  -8.25
  96.90	 -20.70	  -7.50
  90.30	  -0.45	 -28.80
  25.35	 -15.00	 -95.25
  24.75	 -18.45	 -99.45
  22.20	 -21.45	 -96.90
  18.45	 -25.80	-101.70
  27.90	 -22.80	-115.80
  24.60	 -28.20	-124.65
  22.95	 -31.80	-121.95
  21.75	 -32.55	-115.95
  33.60	 -19.20	-114.90
  38.40	  -8.25	-115.35
  25.20	 -16.35	-110.85
  31.50	 -12.00	-119.55
  26.85	 -17.55	-119.55
   6.30	 -26.55	-117.90
 -13.50	 -42.60	-110.70
 -31.80	 -52.05	-105.75
 -51.75	 -72.75	 -98.55
 -69.45	 -84.15	-100.35
 -80.40	 -79.20	-104.55
 -84.30	 -85.50	-108.60
 -89.70	 -89.70	-101.85
 -91.20	-106.20	 -84.60
 -90.75	 -97.50	 -79.05
 -89.55	 -98.40	 -77.40
-106.05	-105.00	 -75.90
-111.45	-111.00	 -75.75
-111.60	-116.40	 -74.10
-111.30	-115.95	 -80.40
-109.95	-114.30	 -86.40
-123.00	-110.85	 -91.05
-135.75	-130.50	 -78.60
-147.45	-141.30	 -76.80
-153.60	-145.80	 -78.15
-157.65	-148.35	 -83.25
-163.65	-145.20	 -90.15
-166.80	-146.25	 -99.45
-186.30	-132.90	-103.20
-186.45	-146.70	 -84.90
-171.90	-158.40	 -65.25
-168.75	-162.60	 -51.00
-160.05	-159.30	 -40.05
-166.50	-166.80	 -40.95
-189.00	-173.55	 -48.15
-178.35	-168.15	 -49.20
-166.95	-158.10	 -47.10
-161.85	-164.40	 -46.65
-166.05	-163.05	 -48.00
-167.85	-158.70	 -48.30
-167.40	-159.30	 -44.40
-167.10	-164.25	 -49.05
-169.50	-165.90	 -45.15
-164.40	-164.10	 -40.05
-171.90	-165.75	 -37.20
-175.20	-170.55	 -40.65
-175.20	-170.85	 -40.20
-171.45	-164.10	 -39.00
-165.15	-167.40	 -33.75
-148.35	-156.15	 -34.65
-156.90	-166.80	 -25.50
-147.60	-169.05	 -27.00
-153.60	-167.55	 -22.50
-151.05	-156.15	 -24.45
-151.05	-157.95	 -15.90
-166.80	-166.80	  -6.30
-177.30	-182.85	  -6.90
-185.25	-201.75	  -6.00
-196.35	-213.75	  -8.70
-199.20	-200.25	 -18.90
-187.35	-197.40	 -10.35
-190.95	-204.45	 -12.75
-193.65	-205.05	  -7.50
-195.30	-206.40	  -6.15
-188.40	-194.25	  -4.65
-190.05	-197.40	 -11.85
-184.95	-186.90	 -24.90
-187.35	-187.80	 -27.00
-190.05	-188.55	 -29.25
-188.10	-188.10	 -27.75
-187.20	-187.20	 -23.10
-191.85	-190.05	 -17.40
-180.75	-191.10	  -6.00
-181.35	-177.30	   2.10
-167.70	-164.40	   7.95
-138.60	-155.25	  18.30
-144.75	-153.15	  19.95
-165.45	-154.80	  13.20
-142.20	-160.95	   4.20
-136.80	-154.05	  -5.40
-129.15	-150.45	 -17.25
-126.75	-136.65	 -18.90
-105.60	-132.00	 -15.75
-109.20	-135.00	 -23.10
-103.20	-134.40	 -13.35
-104.55	-136.95	 -15.15
-106.95	-142.35	 -20.55
-107.40	-145.20	 -23.10
-109.95	-149.25	 -28.65
-100.05	-160.80	 -34.95
-138.45	-162.75	 -46.05
-165.90	-160.80	 -54.75
-196.20	-165.75	 -58.20
-194.40	-176.40	 -54.60
-196.65	-165.00	 -45.30
-190.95	-175.05	 -42.30
-200.40	-174.30	 -39.30
-202.35	-169.20	 -38.55
-199.35	-161.40	 -38.25
-189.60	-162.00	 -39.15
-170.25	-147.45	 -33.75
-135.45	-134.85	 -22.95
-102.00	-114.15	 -10.80
 -95.85	-115.35	 -14.40
 -99.90	-101.25	 -20.40
-102.90	 -98.10	 -15.45
 -93.00	-108.90	  -9.15
-103.35	-113.25	  -6.90
-102.75	-128.10	 -13.05
 -84.00	-126.30	 -17.40
 -76.95	-122.25	 -13.05
 -82.50	-118.20	 -15.15
 -70.65	-118.80	 -13.50
 -68.55	-114.60	 -13.35
 -57.00	-108.15	 -15.45
 -55.05	-112.50	 -17.55
 -69.45	-106.95	 -18.75
 -99.30	-123.15	 -32.25
 -85.50	-119.40	 -32.55
 -54.90	-104.55	 -22.95
  -4.20	 -67.50	 -12.60
  27.30	 -37.95	  -4.20
  36.60	 -37.95	  -2.25
  47.25	 -35.10	  -2.25
  54.90	 -26.55	   0.45
  50.40	 -21.30	   1.80
  46.65	 -28.20	   0.30
  47.40	 -30.15	  -2.85
  48.45	 -32.70	  -5.85
  51.00	 -33.00	  -6.60
  47.55	 -36.15	  -3.45
  12.30	 -57.90	 -12.30
 -12.00	 -73.95	 -15.45
 -26.55	 -81.00	 -18.90
 -48.45	 -88.20	 -27.45
 -58.05	 -91.20	 -28.95
 -59.10	 -93.00	 -31.95
 -56.85	 -96.90	 -29.25
 -54.45	 -93.45	 -27.15
 -56.55	 -91.50	 -30.90
 -47.40	 -86.40	 -30.90
 -14.70	 -69.90	 -20.85
  -4.95	 -64.80	 -17.40
  -7.80	 -63.00	 -18.45
   1.20	 -63.45	   6.00
  17.25	 -55.05	  20.10
  17.25	 -43.65	  24.60
  16.65	 -36.90	  32.55
  10.05	 -35.85	  38.40
   1.35	 -22.80	  42.60
  -9.75	 -14.40	  44.70
 -16.80	  -5.85	  45.15
  -6.90	   0.30	  37.05
 -15.00	   6.15	  28.65
 -24.15	  10.20	  24.60
 -37.20	   8.55	  22.20
 -36.75	   2.55	  15.45
 -19.20	  -4.20	  -0.15
 -15.90	   5.70	  10.80
  -8.25	  15.15	  13.35
 -16.35	  16.35	   5.25
 -50.40	  -7.95	  39.00
 -58.20	 -26.55	  24.45
 -51.45	 -19.05	  23.55
 -40.65	 -15.90	  25.50
  -9.30	  -8.55	  42.75
  15.15	  -0.15	  50.10
  29.85	  -3.45	  55.35
  30.90	  -3.60	  58.05
  26.25	  -1.65	  57.15
  15.90	   2.25	  58.65
   6.90	   6.60	  62.85
   3.45	  -0.15	  65.25
  -8.70	   7.95	  66.60
 -20.85	   8.40	  70.95
 -27.45	   8.70	  75.00
 -30.30	   5.25	  83.25
 -44.85	   8.40	  83.10
 -35.10	  11.10	  51.30
 -31.20	   8.40	  51.45
 -32.85	  10.35	  47.55
 -18.90	  11.55	  44.25
 -10.05	   8.25	  43.95
  -3.30	   4.35	  41.85
   6.90	  -0.30	  51.75
  11.55	  -4.20	  62.25
   4.95	  -3.75	  76.95
 -19.20	  11.10	  95.10
 -55.05	  20.10	  98.85
 -63.15	  34.50	  91.20
 -43.95	  44.25	  89.55
 -35.10	  44.25	  95.10
 -14.40	  48.75	  82.95
 -14.10	  40.20	  66.00
  -9.90	  31.20	  63.60
  -1.80	  24.15	  60.60
 -12.00	  15.75	  47.10
 -34.50	  16.80	  37.50
 -53.25	   5.85	  26.85
 -55.65	  -8.25	  17.40
 -31.20	 -12.00	  20.10
 -16.80	 -17.25	  31.50
 -24.60	 -22.35	  34.20
 -32.70	 -26.40	  36.30
 -33.90	 -25.80	  35.40
 -29.25	 -24.75	  35.10
 -21.15	 -27.30	  42.45
 -10.35	 -26.55	  46.80
  -4.35	 -26.10	  49.20
   9.00	 -26.25	  45.00
  30.90	 -21.30	  39.30
  57.15	 -47.25	  25.20
  70.05	 -46.80	  18.15
  74.85	 -39.15	  28.05
  81.75	 -39.15	  24.00
  87.00	 -37.20	  23.70
  92.85	 -39.15	  23.70
  96.00	 -40.35	  25.35
 100.05	 -40.05	  28.20
 102.00	 -44.25	  31.05
 106.65	 -46.35	  31.20
 105.75	 -44.70	  31.80
 105.90	 -46.35	  36.30
 101.25	 -48.75	  53.10
 100.80	 -52.50	  61.05
 102.15	 -54.75	  63.90
 101.10	 -54.45	  62.10
 107.25	 -54.90	  64.50
 109.35	 -57.90	  66.30
