   1.39	   3.79	  -8.88
   1.39	   3.79	  -8.72
   1.55	   3.64	  -8.57
   1.39	   3.79	  -9.18
   1.39	   3.79	  -9.03
   1.24	   3.49	  -8.72
   1.85	   4.10	  -8.41
   2.62	   3.79	  -8.57
   2.16	   3.18	  -9.03
   2.00	   3.18	  -8.26
   1.85	   3.18	  -7.80
   2.77	   3.33	  -8.41
   2.62	   3.64	  -9.02
   2.46	   3.03	  -8.87
   2.61	   3.03	  -8.72
   3.23	   3.18	  -8.72
   2.92	   3.49	  -9.33
   2.61	   2.72	  -8.72
   2.77	   3.49	  -9.18
   2.92	   3.03	  -7.95
   3.38	   2.72	  -8.72
   2.77	   3.49	  -9.33
   2.92	   3.33	  -9.02
   3.38	   3.03	  -9.33
   2.92	   3.18	  -9.02
   3.53	   2.87	  -9.02
   3.84	   3.18	  -9.17
   3.53	   2.88	  -8.10
   3.68	   2.26	  -8.71
   3.99	   2.88	  -8.25
   4.30	   3.03	  -8.25
   3.69	   2.57	  -8.41
   4.15	   3.03	  -8.71
   4.30	   3.18	  -8.56
   3.99	   2.88	  -8.25
   4.15	   3.18	  -8.25
   4.15	   3.03	  -8.25
   3.99	   3.18	  -8.25
   4.30	   2.88	  -8.71
   4.30	   2.72	  -8.56
   4.60	   2.72	  -8.56
   4.45	   2.57	  -8.25
   4.91	   2.27	  -8.10
   4.91	   1.96	  -8.40
   4.76	   2.27	  -8.10
   4.91	   2.11	  -8.25
   4.91	   2.27	  -8.10
   5.06	   2.11	  -7.94
   5.21	   2.11	  -7.79
   5.06	   2.42	  -8.10
   5.21	   2.27	  -7.79
   5.37	   2.27	  -7.79
   5.21	   1.96	  -7.64
   5.37	   2.11	  -7.79
   5.21	   2.11	  -7.79
   5.67	   1.81	  -7.63
   5.37	   2.11	  -7.94
   5.52	   2.11	  -7.63
   5.67	   1.81	  -7.48
   5.52	   2.11	  -7.94
   5.52	   2.27	  -7.63
   5.52	   1.96	  -7.94
   5.67	   2.42	  -7.48
   5.67	   2.27	  -7.94
   5.52	   2.57	  -7.63
   5.52	   2.42	  -7.48
   5.68	   2.42	  -7.63
   5.52	   2.42	  -7.63
   5.52	   2.42	  -7.48
   5.67	   2.42	  -7.94
   5.37	   2.57	  -7.79
   5.52	   2.73	  -7.48
   5.52	   2.57	  -7.79
   5.67	   2.42	  -7.63
   5.68	   2.57	  -7.63
   5.52	   2.42	  -7.63
   5.52	   2.42	  -7.63
   5.52	   2.57	  -7.79
   5.68	   2.42	  -7.63
   5.83	   2.57	  -7.63
   5.52	   2.42	  -7.63
   5.83	   2.57	  -7.48
   5.83	   2.42	  -7.63
   5.67	   2.42	  -7.63
   5.83	   2.57	  -7.79
   5.83	   2.58	  -7.33
   5.83	   2.42	  -7.63
   5.98	   2.57	  -7.17
   5.83	   2.57	  -7.33
   5.98	   2.42	  -7.48
   5.98	   2.42	  -7.33
   5.98	   2.42	  -7.63
   5.83	   2.57	  -7.33
   6.13	   2.57	  -7.48
   5.98	   2.58	  -7.33
   5.98	   2.42	  -7.17
   6.14	   2.73	  -7.48
   6.13	   2.58	  -7.33
   5.83	   2.73	  -7.17
   5.98	   2.73	  -7.33
   5.98	   2.58	  -7.48
   6.13	   2.73	  -7.48
   6.14	   2.88	  -7.33
   5.83	   2.58	  -7.33
   6.13	   2.57	  -7.48
   5.98	   2.27	  -6.87
   5.98	   2.42	  -7.63
   6.13	   2.42	  -7.48
   5.98	   2.58	  -7.33
   6.13	   2.57	  -7.48
   5.98	   2.73	  -7.33
   5.98	   2.42	  -7.33
   5.98	   2.73	  -7.63
   5.83	   2.73	  -7.02
   5.98	   2.88	  -7.48
   5.52	   2.88	  -7.48
   6.14	   2.88	  -6.71
   5.22	   3.34	  -7.48
   5.52	   3.03	  -7.33
   5.68	   3.03	  -7.63
   5.68	   3.03	  -7.02
   5.68	   2.88	  -7.33
   5.68	   2.88	  -7.48
   5.68	   2.73	  -7.17
   5.83	   2.73	  -7.63
   5.68	   2.88	  -7.48
   5.83	   2.88	  -7.48
   5.52	   2.88	  -7.17
   5.68	   2.73	  -7.48
   5.68	   3.03	  -7.63
   5.68	   2.88	  -7.33
   5.52	   2.73	  -7.63
   5.68	   2.88	  -7.17
   5.68	   2.88	  -7.48
   5.68	   2.73	  -7.33
   5.83	   2.88	  -7.79
   5.68	   2.88	  -7.33
   5.68	   2.88	  -7.63
   5.83	   2.88	  -7.33
   5.68	   2.73	  -7.17
   5.83	   2.88	  -7.48
   5.68	   2.88	  -7.02
   5.68	   2.73	  -7.48
   5.68	   2.88	  -7.33
   5.68	   2.73	  -7.48
   5.83	   2.88	  -7.48
   5.68	   2.88	  -7.48
   5.68	   2.88	  -7.94
   5.52	   2.88	  -7.02
   5.52	   2.73	  -7.48
   6.15	   5.79	  -7.48
   4.92	   4.72	  -6.10
   4.15	   5.18	  -6.41
   4.77	   7.32	  -6.26
   3.70	   7.63	  -5.80
   3.55	   6.25	  -5.96
   3.55	   6.25	  -7.34
   2.63	   5.95	  -6.57
   2.17	   6.25	  -7.80
   3.08	   5.48	  -7.34
   2.93	   5.49	  -6.73
   2.78	   5.33	  -7.49
   3.08	   5.48	  -7.95
   2.78	   5.33	  -7.49
   1.86	   5.18	  -7.80
   1.40	   4.87	  -8.72
   1.40	   4.71	  -8.42
   1.55	   4.71	  -8.57
   1.70	   4.56	  -8.42
   1.70	   4.56	  -8.57
   1.70	   4.71	  -8.72
   1.85	   4.71	  -8.26
   1.85	   4.56	  -8.41
   2.01	   4.56	  -8.57
   1.85	   4.71	  -8.41
   1.85	   4.56	  -8.72
   1.70	   4.71	  -8.26
   1.85	   4.56	  -8.72
   2.01	   4.56	  -8.87
   2.01	   4.71	  -8.57
   1.85	   4.41	  -8.26
   1.55	   4.71	  -8.72
   1.70	   4.56	  -8.87
   1.85	   4.56	  -8.41
   1.70	   4.56	  -8.72
   1.70	   4.41	  -8.72
   1.85	   4.71	  -8.41
   1.85	   4.56	  -8.11
   2.01	   4.41	  -8.72
   2.01	   4.41	  -8.41
   1.85	   4.56	  -8.26
   2.01	   4.56	  -8.57
   2.01	   4.41	  -8.26
   2.01	   4.41	  -8.57
   2.01	   4.25	  -8.57
   2.01	   4.41	  -8.41
   2.01	   4.41	  -8.72
   2.01	   4.41	  -8.41
   1.85	   4.56	  -8.57
   2.01	   4.56	  -8.57
   2.01	   4.56	  -8.57
   2.01	   4.41	  -8.57
   2.01	   4.56	  -8.11
   2.16	   4.41	  -8.72
   2.01	   4.41	  -8.72
   2.16	   4.41	  -8.41
   2.16	   4.41	  -8.57
   2.16	   4.41	  -8.72
   2.16	   4.41	  -8.41
   2.01	   4.56	  -8.41
   2.16	   4.41	  -8.57
   2.16	   4.41	  -8.57
   2.16	   4.56	  -8.41
   2.01	   4.41	  -8.41
   2.16	   4.41	  -8.41
   2.16	   4.41	  -8.41
   2.01	   4.25	  -8.57
   2.16	   4.41	  -8.57
   2.16	   4.56	  -7.95
   2.01	   4.41	  -8.72
   2.16	   4.41	  -8.57
   2.01	   4.41	  -8.26
   2.16	   4.41	  -8.87
   2.01	   4.41	  -8.57
   2.01	   4.41	  -8.57
   2.16	   4.25	  -8.57
   2.16	   4.41	  -8.57
   2.16	   4.41	  -8.87
   2.16	   4.41	  -8.41
   2.16	   4.25	  -8.41
   2.16	   4.56	  -8.72
   2.16	   4.25	  -8.41
   2.16	   4.41	  -8.57
   2.16	   4.41	  -8.72
   2.16	   4.41	  -8.72
   2.01	   4.10	  -8.57
   2.16	   4.41	  -8.57
   2.16	   4.25	  -8.57
   2.16	   4.41	  -8.41
   2.01	   4.26	  -8.41
   2.01	   4.25	  -9.03
   2.16	   4.25	  -8.41
   2.16	   4.25	  -8.87
   2.16	   4.41	  -8.26
   1.85	   4.41	  -9.03
   2.01	   4.41	  -8.57
   1.85	   4.41	  -8.72
   1.85	   4.56	  -8.41
   1.85	   4.56	  -8.41
   1.85	   4.56	  -8.57
   1.86	   4.71	  -8.57
   1.86	   4.72	  -8.11
   1.70	   4.71	  -8.42
   1.86	   4.87	  -8.11
   1.86	   4.71	  -8.72
   1.70	   4.71	  -8.26
   1.86	   4.71	  -8.57
   2.01	   4.87	  -8.41
   2.01	   4.71	  -8.72
   2.01	   4.71	  -8.26
   2.16	   4.56	  -8.57
   2.16	   4.56	  -8.41
   2.31	   4.56	  -8.57
   2.31	   4.25	  -8.57
   2.62	   4.25	  -8.41
   2.31	   4.25	  -8.72
   2.47	   4.41	  -8.26
   2.62	   4.25	  -8.72
   2.77	   4.25	  -8.41
   2.77	   4.10	  -8.56
   2.93	   4.26	  -8.26
   2.77	   3.95	  -8.56
   2.77	   4.41	  -8.26
   2.93	   4.25	  -8.56
   3.08	   3.95	  -8.10
   3.23	   3.80	  -8.26
   3.23	   3.49	  -8.56
   3.38	   3.49	  -8.41
   3.38	   3.49	  -8.56
   3.53	   3.03	  -8.71
   3.84	   3.18	  -8.56
   3.99	   3.49	  -8.56
   3.84	   3.03	  -8.25
   3.99	   3.18	  -8.71
   3.84	   3.18	  -8.10
   3.69	   3.03	  -8.56
   4.15	   3.95	  -8.56
   3.23	   4.25	  -9.94
   3.99	   3.18	  -8.56
   3.99	   2.42	  -7.95
   5.37	   2.57	  -8.25
   3.69	   3.03	  -7.95
   4.76	   2.11	  -7.94
   5.06	   2.88	  -8.25
   5.37	   3.18	  -8.56
   5.67	   1.96	  -8.71
   4.45	   1.65	  -8.10
   4.91	   2.42	  -8.40
   5.52	   1.05	  -6.41
   4.75	   2.26	  -7.94
   5.21	   1.81	  -6.87
   5.06	   0.43	  -7.63
   5.67	   1.81	  -8.25
   5.22	   2.57	  -7.48
   4.46	   2.72	  -8.86
   4.45	   3.64	  -8.10
   5.37	   2.11	  -7.48
   5.22	   3.18	  -9.01
   5.37	   2.12	  -7.02
   4.30	   2.72	  -8.41
   4.45	   3.34	  -8.25
   4.76	   3.19	  -8.10
   5.52	   2.88	  -7.33
   5.21	   2.57	  -7.63
   4.76	   3.49	  -7.95
   5.53	   2.73	  -7.63
   5.06	   1.80	  -7.94
   5.06	   2.73	  -8.10
   5.37	   3.03	  -7.64
   5.37	   2.72	  -8.25
   5.06	   2.73	  -7.64
   5.06	   2.57	  -7.79
   4.76	   2.57	  -8.40
   4.60	   2.88	  -8.56
   4.76	   2.26	  -8.40
   4.76	   2.57	  -8.40
   4.91	   2.26	  -8.25
   4.91	   2.88	  -8.56
   3.83	   2.26	  -7.95
   4.75	   1.80	  -8.71
   4.60	   2.42	  -7.95
   4.45	   3.03	  -8.40
   4.15	   3.34	  -7.79
   4.46	   5.78	  -9.63
   1.55	   4.42	  -5.96
   2.01	   5.17	  -8.26
   2.31	   4.56	  -8.11
   2.77	   4.41	  -8.72
   2.46	   3.79	  -8.87
   2.62	   3.79	  -9.02
   2.92	   3.64	  -8.41
   2.62	   3.33	  -9.33
   2.31	   3.49	  -9.33
   2.31	   3.33	  -9.33
   2.46	   3.33	  -9.03
   2.62	   3.33	  -8.87
   2.77	   3.49	  -9.02
   2.77	   3.33	  -8.87
   3.07	   3.18	  -8.87
   3.07	   3.18	  -8.72
   3.22	   2.41	  -9.17
   3.53	   2.72	  -8.10
   3.53	   2.57	  -9.02
   3.53	   2.57	  -8.71
   3.69	   2.57	  -8.87
   3.69	   3.03	  -8.41
   3.84	   2.42	  -8.56
   3.99	   2.72	  -8.25
   4.14	   2.72	  -9.17
   3.07	   2.41	  -9.33
   3.84	   3.33	  -9.63
   1.54	   2.42	  -8.42
   1.23	   1.96	  -9.03
   2.92	   3.03	  -8.72
   2.46	   3.03	  -9.33
  -0.45	   1.50	  -7.81
   2.94	   7.00	 -10.86
  -0.29	   3.02	  -9.80
   0.32	   2.26	  -9.65
   0.31	   1.65	  -9.19
  -0.46	   0.73	  -9.50
  -0.61	   0.88	  -9.95
   1.54	   1.65	  -9.79
  -0.15	   1.03	 -10.26
   0.92	   1.65	  -9.03
   0.00	   1.03	 -10.26
  -0.30	   1.34	  -9.19
   0.01	   2.10	 -11.18
  -0.76	   2.87	  -9.19
   0.00	   1.49	  -9.65
  -0.61	   1.80	  -9.34
   0.62	   3.03	  -8.27
  -1.98	   3.02	  -9.81
  -5.19	   3.33	 -11.05
  -0.91	   1.80	  -8.41
  -3.04	   6.39	 -10.27
  -4.10	   8.10	  -3.84
  -3.64	   8.42	  -1.55
  -5.18	   7.20	   0.59
  -5.63	   8.73	  -0.02
  -5.94	   7.96	  -0.79
  -6.09	   7.96	   0.13
  -6.10	   7.66	   0.28
  -6.25	   8.12	   0.59
  -5.48	   7.50	   0.28
  -6.56	   7.05	   0.28
  -6.40	   7.96	   0.13
  -6.40	   7.66	   0.59
  -5.94	   8.12	   0.44
  -6.40	   7.81	   0.28
  -5.94	   7.66	   0.59
  -5.94	   8.12	   0.44
  -5.94	   7.96	   0.90
  -5.94	   7.81	   0.74
  -6.09	   8.27	   0.59
  -5.79	   8.27	   0.44
  -5.94	   8.12	   0.59
  -5.94	   7.96	   0.44
  -5.94	   8.27	   0.90
  -6.09	   8.58	   0.59
  -6.09	   8.12	   0.28
  -5.64	   7.81	  -0.02
  -6.56	   7.35	   0.74
  -5.94	   7.51	   0.90
  -6.09	   7.96	   0.44
  -5.63	   8.12	   0.28
  -5.79	   7.97	   0.90
  -5.94	   7.66	   0.28
  -5.64	   7.97	   1.05
  -5.79	   7.96	   0.90
  -5.63	   7.97	   0.59
  -5.33	   8.42	   0.90
  -5.33	   8.42	   0.44
  -5.02	   8.42	   0.75
  -5.17	   8.42	   0.44
  -5.02	   8.73	   0.75
  -5.02	   8.27	   0.13
  -4.87	   8.58	   0.59
  -4.87	   8.88	   0.59
  -4.87	   8.73	   0.90
  -4.56	   8.73	   0.59
  -4.71	   8.58	   1.05
  -4.71	   8.73	   0.75
  -4.56	   8.73	   0.75
  -4.56	   8.88	   0.90
  -4.71	   8.58	   0.75
  -4.71	   8.73	   1.36
  -4.71	   8.58	   1.36
  -5.02	   8.42	   0.75
  -5.17	   8.27	   0.59
  -5.17	   8.27	   1.05
  -5.02	   8.43	   1.36
  -5.17	   8.58	   0.90
  -5.17	   8.27	   1.05
  -5.17	   8.58	   0.90
  -5.17	   8.27	   1.20
  -5.33	   8.12	   1.66
  -4.87	   7.97	   1.82
  -4.87	   8.12	   1.36
  -5.02	   9.19	   1.21
  -5.48	   8.42	   1.05
  -5.48	   9.03	  -0.02
  -5.32	   8.88	   1.05
  -5.33	   8.88	   0.28
  -5.48	   8.88	  -0.17
  -5.18	   8.73	   0.13
  -5.63	   9.65	   1.05
  -5.33	   7.81	   1.36
  -5.32	   9.50	   0.29
  -5.17	   8.27	   0.59
  -5.17	   9.19	   1.20
  -5.02	   7.81	   0.13
  -5.48	   7.96	   0.74
  -5.02	   8.42	  -0.48
  -5.02	   8.58	   0.75
  -5.02	   8.42	   0.90
  -5.17	   8.42	   0.90
  -5.18	   7.66	   0.13
  -5.02	   7.81	   1.36
  -5.48	   8.88	   0.90
  -5.17	   9.04	   1.21
  -5.02	   8.42	   1.20
  -5.33	   8.58	   1.36
  -5.02	   8.73	   0.44
  -5.18	   7.97	   0.59
  -5.17	   8.12	   0.75
  -5.02	   8.12	   1.36
  -5.02	   8.88	   0.59
  -5.18	   7.66	   1.66
  -5.48	   6.89	   1.82
  -5.48	   8.73	   0.13
  -5.33	   8.57	  -0.94
  -4.87	   9.04	   1.51
  -5.33	   8.27	   1.51
  -4.87	   8.12	   2.43
  -5.17	   8.27	   0.74
  -5.02	   8.73	   1.51
  -5.02	   7.66	   2.12
  -5.02	   8.43	   1.51
  -4.87	   7.66	   1.97
  -5.33	   8.73	  -0.02
  -5.33	   8.27	   0.90
  -5.18	   7.97	   1.20
  -5.18	   7.66	   1.36
  -5.32	   9.34	   0.44
  -5.33	   7.81	   0.44
  -5.02	   8.12	   1.51
  -5.17	   8.73	   1.21
  -5.02	   8.42	   0.59
  -4.87	   8.58	   0.44
  -4.71	   9.04	   1.05
  -4.87	   8.27	   0.59
  -4.87	   8.73	   1.36
  -4.87	   8.12	   0.59
  -4.87	   8.42	   0.90
  -4.87	   8.58	   1.05
  -4.71	   8.88	   1.05
  -4.56	   8.58	   0.90
  -4.56	   8.73	   1.05
  -4.41	   8.58	   1.05
  -4.56	   8.73	   1.05
  -4.41	   8.73	   1.36
  -4.25	   8.73	   1.06
  -4.41	   8.89	   1.21
  -4.25	   9.04	   1.21
  -4.25	   8.89	   1.51
  -4.25	   8.89	   1.36
  -4.25	   8.89	   1.21
  -4.25	   9.04	   1.21
  -4.10	   9.04	   1.21
  -4.10	   8.89	   2.13
  -4.10	   8.73	   1.52
  -4.10	   9.04	   1.36
  -4.25	   8.89	   1.36
  -4.25	   8.89	   1.51
  -4.10	   8.89	   1.51
  -4.25	   8.89	   1.21
  -4.41	   9.04	   1.21
  -4.41	   8.89	   1.21
  -4.56	   8.73	   1.36
  -4.56	   8.89	   1.36
  -4.56	   8.89	   1.51
  -4.56	   8.89	   1.21
  -4.41	   8.73	   1.36
  -4.41	   8.73	   1.51
  -4.41	   8.73	   1.36
  -4.41	   8.89	   1.36
  -4.41	   8.89	   1.05
  -4.41	   8.73	   1.21
  -4.41	   8.73	   1.51
  -4.41	   8.89	   1.36
  -4.41	   8.89	   1.21
  -4.41	   8.89	   1.36
  -4.41	   8.89	   1.51
  -4.41	   8.89	   1.36
  -4.41	   8.89	   1.51
  -4.41	   8.73	   1.36
  -4.41	   8.89	   1.51
  -4.41	   8.89	   1.51
  -4.56	   8.89	   1.36
  -4.56	   8.73	   1.51
  -4.56	   8.89	   1.36
  -4.56	   8.73	   1.51
  -4.71	   8.73	   1.67
  -4.71	   8.73	   1.36
  -4.56	   8.73	   1.21
  -4.56	   8.58	   1.36
  -4.71	   8.73	   1.36
  -4.56	   8.73	   1.36
  -4.71	   8.73	   1.21
  -4.56	   8.73	   1.36
  -4.56	   8.73	   1.36
  -4.56	   8.73	   1.36
  -4.56	   8.73	   1.36
  -4.56	   8.73	   1.36
  -4.71	   8.58	   1.36
  -4.87	   8.58	   1.21
  -5.02	   8.43	   1.21
  -5.33	   8.43	   1.20
  -4.87	   8.58	   1.36
  -5.33	   8.43	   1.20
  -4.87	   8.43	   1.05
  -5.17	   8.43	   1.05
  -5.17	   8.43	   1.20
  -5.02	   8.43	   1.05
  -5.02	   8.43	   1.05
  -5.02	   8.43	   1.21
  -5.02	   8.43	   1.05
  -5.02	   8.43	   1.05
  -5.02	   8.43	   1.21
  -5.02	   8.43	   1.21
  -5.02	   8.43	   1.05
  -5.02	   8.43	   1.21
  -5.02	   8.58	   1.21
  -5.02	   8.43	   1.21
  -5.02	   8.43	   1.21
  -5.02	   8.43	   1.21
  -5.02	   8.43	   1.21
  -5.02	   8.43	   1.21
  -5.02	   8.43	   1.21
  -5.02	   8.43	   1.21
  -5.02	   8.43	   1.21
  -5.02	   8.43	   1.21
  -5.17	   8.43	   1.20
  -5.02	   8.43	   1.21
  -5.02	   8.58	   1.21
  -5.02	   8.43	   1.20
  -5.02	   8.43	   1.21
  -5.02	   8.43	   1.21
  -5.02	   8.58	   1.05
  -5.02	   8.43	   1.05
  -5.02	   8.58	   1.36
  -5.02	   8.43	   1.21
  -5.02	   8.43	   1.21
  -5.02	   8.43	   1.21
  -5.02	   8.43	   1.21
  -5.02	   8.43	   1.36
  -5.02	   8.43	   1.36
  -5.02	   8.43	   1.36
  -5.02	   8.43	   1.21
  -5.02	   8.43	   1.21
  -5.02	   8.43	   1.21
  -5.02	   8.43	   1.21
  -5.02	   8.43	   1.21
  -5.02	   8.43	   1.36
  -5.02	   8.43	   1.21
  -5.02	   8.43	   1.05
  -5.02	   8.43	   1.21
  -5.02	   8.43	   1.36
  -5.17	   8.43	   1.36
  -5.17	   8.43	   1.36
  -5.02	   8.43	   1.36
  -5.02	   8.43	   1.36
  -5.17	   8.43	   1.36
  -5.02	   8.43	   1.36
  -5.17	   8.43	   1.36
  -5.17	   8.43	   1.21
  -5.02	   8.43	   1.21
  -5.02	   8.43	   1.20
  -5.17	   8.43	   1.36
  -5.17	   8.43	   1.36
  -5.02	   8.43	   1.36
  -5.17	   8.43	   1.21
  -5.17	   8.43	   1.51
  -5.02	   8.43	   1.36
  -5.02	   8.43	   1.36
  -5.17	   8.43	   1.36
  -5.02	   8.43	   1.36
  -5.02	   8.43	   1.36
  -5.02	   8.43	   1.36
  -5.02	   8.43	   1.21
  -5.02	   8.43	   1.21
  -5.02	   8.43	   1.36
  -5.02	   8.43	   1.36
  -5.17	   8.43	   1.20
  -5.02	   8.43	   1.36
  -5.17	   8.43	   1.36
  -5.02	   8.43	   1.21
  -5.17	   8.43	   1.36
  -5.02	   8.43	   1.36
  -5.02	   8.43	   1.21
  -5.02	   8.43	   1.21
  -5.02	   8.43	   1.36
  -5.02	   8.43	   1.21
  -5.02	   8.27	   1.51
  -5.02	   8.43	   1.36
  -5.02	   8.58	   1.36
  -4.71	   8.43	   1.21
  -5.02	   8.43	   1.51
  -4.25	   9.04	   1.21
  -4.25	   9.04	   0.90
  -3.95	   9.19	   0.75
  -4.10	   8.88	   0.44
  -4.56	   8.88	   0.59
  -4.56	   8.88	   0.75
  -4.41	   8.73	   0.75
  -4.56	   8.73	   0.75
  -4.41	   8.88	   0.90
  -4.41	   8.73	   0.90
  -4.56	   8.73	   0.90
  -4.87	   8.73	   0.75
  -4.71	   8.88	   0.90
  -4.56	   8.58	   0.75
  -4.71	   8.73	   0.75
  -4.71	   8.73	   1.05
  -4.71	   8.73	   0.75
  -4.87	   8.58	   0.75
  -5.02	   8.58	   0.75
  -5.02	   8.58	   0.75
  -5.17	   8.58	   0.75
  -5.17	   8.58	   0.75
  -5.02	   8.58	   0.75
  -5.02	   8.42	   0.59
  -5.02	   8.58	   0.75
  -5.02	   8.58	   0.59
  -5.02	   8.73	   0.59
  -5.02	   8.58	   0.75
  -5.02	   8.73	   0.59
  -4.87	   8.58	   0.59
  -4.87	   8.58	   0.90
  -5.02	   8.73	   0.75
  -5.02	   8.58	   0.90
  -5.02	   8.58	   0.59
  -5.02	   8.58	   0.90
  -5.17	   8.58	   0.90
  -5.02	   8.58	   0.90
  -5.02	   8.58	   0.75
  -5.02	   8.73	   0.90
  -4.87	   8.73	   0.90
  -4.71	   8.73	   0.59
  -4.71	   8.73	   0.44
  -4.71	   8.73	   0.75
  -4.87	   8.73	   1.36
  -4.41	   8.88	   0.29
  -4.56	   9.19	   0.75
  -4.56	   8.73	   1.05
  -4.41	   8.88	   0.60
  -4.41	   8.88	   0.60
  -4.41	   8.88	   0.75
  -4.41	   9.04	   0.90
  -4.25	   8.73	   0.75
  -4.10	   8.88	   1.36
  -4.25	   8.88	   0.90
  -4.10	   8.88	   0.90
  -4.10	   9.04	   0.90
  -3.95	   9.04	   0.90
  -4.10	   8.88	   0.90
  -4.10	   9.04	   0.90
  -4.10	   9.04	   0.90
  -4.10	   9.04	   0.90
  -4.10	   9.19	   0.75
  -4.10	   9.04	   1.06
  -3.95	   9.04	   1.06
  -4.10	   9.04	   1.06
  -4.10	   9.19	   0.90
  -4.10	   8.73	   0.75
  -3.95	   9.04	   0.75
  -3.64	   9.34	   0.90
  -3.49	   9.19	   1.06
  -3.95	   9.34	   0.29
  -3.48	   9.50	   0.90
  -3.33	   9.34	   0.45
  -3.49	   9.19	   0.45
  -3.18	   9.19	   1.06
  -3.48	   9.34	  -0.17
  -3.64	   9.49	  -0.32
  -3.79	   9.19	   0.60
  -3.33	   9.19	   0.75
  -3.33	   9.04	   0.29
  -3.33	   9.19	   0.14
  -3.64	   9.50	   1.06
  -3.33	   9.19	   0.60
  -3.48	   9.34	   0.45
  -3.18	   9.34	   0.91
  -3.18	   9.04	   0.91
  -3.33	   9.50	   0.91
  -3.33	   9.34	   0.91
  -3.33	   9.34	   0.91
  -3.18	   9.34	   1.21
  -3.33	   9.50	   0.75
  -3.03	   8.73	   0.91
  -3.03	   8.43	   1.37
  -3.18	   9.34	   0.91
  -3.18	   9.65	   0.45
  -3.49	   9.34	   0.75
  -3.33	   9.04	   0.91
  -3.33	   9.19	   0.91
  -3.33	   9.04	   1.06
  -3.33	   9.65	   1.21
  -3.18	   9.19	   0.91
  -3.33	   9.19	   0.91
  -3.18	   8.12	   1.21
  -3.33	   9.34	   0.75
  -3.33	   9.19	   0.60
  -3.33	   9.19	   0.14
  -3.33	   9.34	  -0.01
  -3.03	   9.04	   1.52
  -3.33	   9.34	   0.91
  -3.49	   9.34	   0.90
  -3.64	   8.88	   0.45
  -3.95	   9.34	  -0.02
  -3.64	   9.19	   0.29
  -3.64	   9.34	   0.75
  -3.64	   9.04	   0.90
  -3.79	   9.19	   0.29
  -3.64	   9.35	   1.67
  -3.79	   9.04	   1.52
  -3.79	   9.19	   0.60
  -3.79	   9.19	   1.21
  -3.79	   9.04	   1.06
  -3.64	   9.19	   1.06
  -3.79	   9.50	   1.06
  -3.49	   8.88	   0.75
  -3.64	   9.50	   1.06
  -3.64	   9.04	   1.06
  -3.64	   9.34	   0.90
  -3.49	   9.19	   0.90
  -3.49	   9.19	   1.06
  -3.49	   9.34	   0.90
  -3.49	   9.34	   1.06
  -3.49	   9.19	   0.91
  -3.49	   9.19	   0.90
  -3.18	   9.34	   1.06
  -3.33	   9.34	   0.75
  -3.33	   9.34	   1.06
  -3.49	   9.19	   1.21
  -3.33	   9.34	   0.60
  -3.33	   8.73	   1.21
  -3.33	   9.04	   1.06
  -3.18	   9.34	   1.06
  -3.18	   9.19	   1.06
  -3.49	   8.88	   0.90
  -3.48	   9.50	   0.90
  -3.18	   9.34	   1.21
  -3.33	   9.19	   1.21
  -3.33	   9.34	   1.21
  -3.33	   9.34	   1.06
  -3.18	   9.34	   1.06
  -3.18	   9.19	   1.06
  -3.18	   9.34	   1.06
  -3.33	   9.34	   1.06
  -3.18	   9.34	   0.91
  -3.33	   9.19	   1.06
  -3.33	   9.19	   0.91
  -3.33	   9.19	   0.91
  -3.48	   9.34	   0.90
  -3.18	   9.04	   1.21
  -3.33	   9.50	   1.06
  -3.33	   9.34	   1.21
  -3.33	   9.34	   0.91
  -3.48	   9.50	   1.06
  -3.03	   8.43	   1.37
  -3.33	   9.50	   0.91
  -3.33	   9.34	   1.21
  -3.33	   9.19	   1.21
  -3.33	   9.34	   1.06
  -3.49	   9.34	   1.06
  -3.49	   9.50	   1.21
  -3.33	   9.50	   1.06
  -3.33	   9.65	   1.21
  -3.49	   9.34	   1.06
  -3.49	   9.34	   1.21
  -3.33	   9.34	   1.06
  -3.33	   9.04	   1.21
  -3.49	   9.35	   1.36
  -3.18	   9.19	   0.91
  -3.33	   9.04	   1.36
  -3.18	   9.34	   1.06
  -3.03	   9.50	   1.06
  -3.03	   9.34	   1.21
  -3.03	   9.50	   1.37
  -3.02	   9.65	   1.37
  -2.87	   9.19	   1.37
  -3.03	   9.50	   1.37
  -3.03	   9.34	   1.37
  -2.87	   9.34	   1.21
  -2.87	   9.35	   1.52
  -2.87	   9.35	   1.37
  -2.87	   9.65	   1.21
  -2.72	   9.35	   1.37
  -2.57	   9.50	   1.52
  -2.72	   9.65	   1.37
  -2.41	   9.19	   1.52
  -2.57	   9.35	   1.52
  -2.57	   9.50	   1.37
  -2.57	   9.35	   1.37
  -2.57	   9.35	   1.98
  -2.57	   9.35	   1.67
  -2.57	   9.50	   1.67
  -2.57	   9.35	   1.67
  -2.57	   9.50	   1.37
  -2.57	   9.50	   1.67
  -2.72	   9.35	   1.67
  -2.72	   9.50	   1.52
  -2.72	   9.35	   1.98
  -2.57	   9.50	   1.37
  -2.41	   9.35	   1.52
  -2.57	   9.65	   1.37
  -2.41	   9.50	   1.67
  -2.41	   9.50	   1.83
  -2.41	   9.50	   1.83
  -2.57	   9.50	   1.83
  -2.41	   9.50	   1.83
  -2.57	   9.50	   1.83
  -2.57	   9.50	   1.83
  -2.57	   9.50	   1.98
  -2.57	   9.50	   1.98
  -2.72	   9.50	   1.83
  -2.41	   9.50	   1.83
  -2.41	   9.50	   1.67
  -2.57	   9.50	   1.98
  -2.57	   9.50	   1.83
  -2.57	   9.50	   1.83
  -2.57	   9.50	   1.83
  -2.72	   9.35	   1.67
  -2.72	   9.35	   1.67
  -2.57	   9.35	   1.67
  -2.72	   9.50	   1.67
  -2.57	   9.35	   1.83
  -2.72	   9.35	   1.83
  -2.72	   9.50	   1.67
  -2.72	   9.35	   1.83
  -2.72	   9.35	   1.67
  -2.57	   9.35	   1.98
  -2.72	   9.35	   1.83
  -2.72	   9.50	   1.83
  -2.72	   9.35	   1.67
  -2.72	   9.35	   1.83
  -2.72	   9.50	   1.67
  -2.72	   9.50	   1.67
  -2.57	   9.35	   1.83
  -2.72	   9.35	   1.83
  -2.72	   9.35	   1.83
  -2.72	   9.50	   1.52
  -2.87	   9.35	   1.52
  -2.72	   9.35	   1.83
  -2.57	   9.19	   2.29
  -2.72	   9.35	   1.83
  -2.72	   9.35	   1.52
  -2.72	   9.19	   1.52
  -2.87	   9.50	   1.52
  -2.72	   9.35	   1.52
  -2.72	   9.35	   1.83
  -2.87	   9.35	   1.67
  -3.03	   9.35	   1.52
  -3.03	   9.35	   1.52
  -2.87	   9.35	   1.37
  -3.02	  10.11	   1.52
  -3.64	   8.89	   1.67
  -3.94	   9.34	   1.06
  -4.25	   9.04	   0.75
  -4.25	   8.89	   1.21
  -4.25	   8.89	   1.21
  -4.10	   8.89	   1.21
  -4.10	   8.89	   1.21
  -4.10	   8.89	   1.21
  -4.10	   8.89	   1.36
  -4.25	   8.89	   1.36
  -4.25	   8.89	   1.36
  -4.25	   8.89	   1.21
  -4.25	   8.89	   1.36
  -4.25	   8.89	   1.36
  -4.25	   8.73	   1.51
  -4.25	   8.89	   1.36
  -4.25	   8.89	   1.36
  -4.25	   8.89	   1.51
  -4.25	   8.73	   1.36
  -4.25	   8.89	   1.36
  -4.25	   8.73	   1.51
  -4.41	   8.89	   1.36
  -4.41	   8.89	   1.36
  -4.25	   8.89	   1.36
  -4.41	   8.73	   1.36
  -4.41	   8.89	   1.36
  -4.25	   8.73	   1.36
  -4.25	   8.89	   1.36
  -4.25	   8.89	   1.36
  -4.25	   8.89	   1.36
  -4.25	   8.89	   1.51
  -4.25	   8.89	   1.36
  -4.25	   8.89	   1.36
  -4.25	   8.89	   1.51
  -4.25	   8.89	   1.36
  -4.25	   8.89	   1.36
  -4.25	   8.89	   1.36
  -4.25	   8.73	   1.36
  -4.25	   8.89	   1.36
  -4.25	   8.89	   1.36
  -4.25	   8.89	   1.36
  -4.25	   8.89	   1.51
  -4.41	   8.89	   1.36
  -4.25	   8.89	   1.51
  -4.25	   8.89	   1.36
  -4.25	   8.89	   1.51
  -4.41	   8.89	   1.36
  -4.41	   8.89	   1.36
  -4.25	   8.89	   1.51
  -4.41	   8.89	   1.51
  -4.25	   8.89	   1.51
  -4.25	   8.89	   1.36
  -4.25	   8.89	   1.36
  -4.41	   8.89	   1.51
  -4.25	   8.89	   1.51
  -4.25	   8.89	   1.51
  -4.25	   8.89	   1.51
  -4.25	   8.89	   1.51
  -4.25	   8.73	   1.51
  -4.25	   8.73	   1.51
  -4.25	   8.89	   1.51
  -4.25	   8.89	   1.51
  -4.25	   8.89	   1.51
  -4.41	   8.89	   1.51
  -4.25	   8.89	   1.51
  -4.25	   8.89	   1.36
  -4.25	   8.89	   1.36
  -4.41	   8.73	   1.51
  -4.25	   8.89	   1.51
  -4.25	   8.73	   1.51
  -4.25	   8.73	   1.36
  -4.25	   8.89	   1.67
  -4.25	   8.89	   1.51
  -4.25	   8.73	   1.51
  -4.25	   8.89	   1.51
  -4.25	   8.89	   1.51
  -4.25	   8.89	   1.51
  -4.25	   8.89	   1.67
  -4.25	   8.89	   1.51
  -4.25	   8.89	   1.51
  -4.10	   8.89	   1.51
  -4.10	   8.73	   1.67
  -4.25	   8.89	   1.67
  -4.25	   8.89	   1.51
  -4.25	   8.89	   1.51
  -4.25	   8.89	   1.51
  -4.25	   8.89	   1.67
  -4.25	   8.89	   1.51
  -4.25	   8.73	   1.51
  -4.25	   8.89	   1.51
  -4.25	   8.89	   1.67
  -3.95	   8.88	   1.21
  -4.10	   9.04	   1.36
  -4.10	   9.04	   1.52
  -3.79	   9.04	   1.36
  -3.64	   9.04	   1.36
  -3.95	   9.34	   0.60
  -4.41	   9.04	   0.75
  -4.10	   8.88	   0.75
  -3.95	   9.04	   0.90
  -3.95	   9.04	   0.90
  -3.95	   9.04	   0.90
  -3.95	   9.19	   0.90
  -3.95	   9.04	   0.90
  -3.95	   9.04	   0.90
  -3.95	   9.04	   1.21
  -3.79	   9.04	   1.06
  -3.95	   9.04	   0.90
  -3.95	   9.04	   0.90
  -3.95	   9.04	   1.06
  -3.95	   9.04	   1.06
  -3.95	   9.04	   1.06
  -3.95	   9.04	   1.06
  -3.95	   9.04	   1.06
  -3.95	   9.04	   0.90
  -3.95	   9.04	   1.06
  -3.95	   9.04	   1.06
  -3.95	   9.04	   1.06
  -3.95	   9.04	   1.06
  -4.10	   9.04	   1.21
  -3.95	   9.04	   1.06
  -3.95	   9.04	   1.06
  -3.95	   9.04	   1.06
  -4.10	   9.04	   1.06
  -3.49	   9.19	   0.75
  -3.33	   9.50	   1.06
  -3.33	   9.34	   0.91
  -3.48	   9.50	   0.90
  -3.64	   9.19	   0.75
  -3.33	   9.19	   0.60
  -3.03	   9.50	   0.91
  -4.86	   9.19	   0.59
  -4.87	   8.58	   0.29
  -4.41	   8.88	   0.44
  -4.71	   8.88	   0.59
  -4.71	   8.88	   0.59
  -4.56	   8.88	   0.59
  -4.41	   8.88	   0.75
  -4.41	   8.88	   0.75
  -4.25	   9.04	   0.60
  -3.64	   9.04	   0.44
  -3.64	   9.34	   0.45
  -3.49	   8.12	  -0.17
  -3.95	   9.34	  -0.17
  -4.10	   9.03	   0.14
  -4.10	   9.19	   0.44
  -3.95	   9.04	   0.29
  -3.95	   9.04	   0.60
  -3.95	   9.19	   0.75
  -3.94	   9.34	   0.14
  -3.64	   9.19	   0.29
  -3.95	   9.04	   0.60
  -3.95	   9.19	   0.60
  -3.95	   9.19	   0.60
  -3.79	   9.19	   0.44
  -3.79	   9.19	   0.60
  -3.79	   9.19	   0.45
  -3.79	   9.19	   0.44
  -3.64	   9.19	   0.14
  -3.79	   9.19	   0.60
  -3.64	   9.19	   0.75
  -3.64	   9.19	   0.45
  -3.79	   9.04	   1.06
  -3.64	   9.49	   0.29
  -3.64	   9.19	   0.29
  -3.79	   9.19	   0.44
  -3.64	   9.19	   0.29
  -3.64	   9.34	   0.45
  -3.64	   9.04	   0.45
  -3.64	   9.19	   0.60
  -3.64	   9.19	   0.75
  -3.79	   9.19	   0.45
  -3.64	   9.19	   0.75
  -3.79	   9.34	   0.60
  -3.49	   9.19	   0.60
  -3.64	   9.34	   0.60
  -3.79	   9.34	   0.29
  -3.49	   9.34	   0.75
  -3.64	   9.50	   0.45
  -3.95	   9.19	   0.44
  -3.79	   9.04	   0.44
  -3.64	   9.19	   0.45
  -3.79	   9.19	   0.44
  -3.64	   9.19	   0.29
  -3.95	   9.19	   0.60
  -3.64	   9.19	   0.29
  -3.79	   9.19	   0.29
  -3.79	   9.19	   0.60
  -3.64	   9.19	   0.75
  -3.79	   8.88	   0.60
  -3.79	   9.34	   0.60
  -3.79	   9.19	   0.29
  -3.64	   9.19	   0.45
  -3.79	   9.34	   0.60
  -3.79	   9.19	   0.60
  -3.95	   9.19	   0.14
  -3.79	   9.34	   0.44
  -3.94	   9.19	   0.60
  -3.94	   9.34	   0.14
  -3.79	   9.19	   0.60
  -3.64	   9.04	   0.60
  -3.49	   9.50	   0.75
  -3.49	   9.34	   0.60
  -3.49	   9.34	   0.75
  -3.33	   9.50	   0.75
  -3.49	   9.34	   0.90
  -3.49	   9.34	   0.60
  -3.49	   9.34	   0.90
  -3.18	   9.49	   0.60
  -3.18	   9.19	   0.91
  -3.18	   9.34	   0.45
  -3.03	   9.34	   0.60
  -3.03	   9.04	   0.45
  -3.03	   9.35	   1.37
  -2.87	   9.50	   0.75
  -2.87	   9.34	   1.21
  -2.57	   9.50	   0.91
  -2.72	   9.34	   0.91
  -2.72	   9.19	   1.06
  -2.72	   9.50	   0.60
  -2.57	   9.50	   0.60
  -2.57	   9.80	  -0.01
  -2.72	   9.50	   0.91
  -2.72	   9.65	   0.76
  -2.26	   9.65	   1.52
  -2.26	   9.65	   1.06
  -2.41	   9.50	   1.37
  -2.41	   9.34	   0.91
  -2.57	   9.50	   1.06
  -2.87	   9.50	   0.60
  -2.87	   9.34	   0.91
  -3.03	   9.19	   0.91
  -2.87	   9.50	   1.06
  -3.03	   9.19	   0.91
  -3.03	   9.50	   0.75
  -3.03	   9.34	   0.75
  -3.18	   9.50	   0.60
  -3.33	   9.50	   0.75
  -3.03	   9.50	   0.60
  -3.03	   9.34	   0.60
  -3.18	   9.50	   0.91
  -3.33	   9.50	   0.75
  -3.18	   9.50	   0.75
  -3.18	   9.50	   0.91
  -3.33	   9.50	   0.75
  -3.18	   9.34	   1.06
  -3.18	   9.50	   0.75
  -3.33	   9.34	   1.06
  -3.49	   9.34	   0.90
  -3.49	   9.19	   1.06
  -3.33	   9.50	   0.75
  -3.33	   9.19	   0.91
  -3.33	   9.19	   0.91
  -3.18	   9.34	   0.75
  -3.64	   9.49	  -0.93
  -3.33	   9.34	   1.21
  -3.33	   9.34	   0.75
  -3.18	   9.34	   0.91
  -3.03	   9.34	   1.52
  -3.18	   9.19	   0.75
  -3.33	   9.49	   0.75
  -2.87	   9.50	   0.75
  -3.03	   9.50	   0.29
  -2.72	   9.50	   0.91
  -2.87	   9.34	   0.75
  -2.87	   9.50	   0.75
  -2.87	   9.65	   0.75
  -3.03	   9.04	   0.60
  -3.33	   9.04	   1.06
  -3.33	   9.50	   0.91
  -3.48	   9.49	   0.14
  -3.64	   8.73	   0.75
  -3.33	   9.34	   0.91
  -3.33	   9.50	   0.75
  -3.49	   9.19	   0.75
  -3.33	   9.34	   0.75
  -3.18	   9.34	   0.91
  -3.33	   9.34	   0.75
  -3.33	   9.19	   1.06
  -3.18	   9.34	   0.91
  -3.18	   9.34	   1.21
  -3.18	   9.19	   0.75
  -3.33	   9.34	   1.06
  -3.33	   9.19	   1.06
  -3.18	   9.34	   1.06
  -2.87	   9.03	   0.45
  -2.87	   9.50	   0.91
  -2.72	   9.65	   0.75
  -2.87	   9.49	   0.29
  -2.87	   9.04	   1.21
  -2.87	   9.19	   0.75
  -2.87	   9.34	   0.91
  -3.03	   9.19	   0.91
  -2.87	   9.19	   1.21
  -2.87	   9.34	   1.06
  -3.03	   9.35	   1.37
  -3.18	   9.19	   1.37
  -2.57	   9.50	   0.91
  -2.87	   9.34	   1.06
  -2.87	   9.50	   1.21
  -3.03	   9.19	   1.21
  -3.03	   9.50	   1.21
  -2.87	   9.04	   1.21
  -2.87	   9.80	   0.91
  -3.49	   9.50	   1.06
  -3.33	   9.96	   1.52
  -2.57	   9.34	   1.21
  -2.87	   8.89	   1.37
  -2.72	  10.26	   1.83
  -2.11	   8.73	   1.37
  -2.87	   9.65	   0.60
  -2.87	   9.04	   0.75
  -3.02	   9.65	   1.06
  -3.33	   9.04	   1.06
  -2.87	   9.50	   1.06
  -3.18	   9.50	   0.91
  -3.03	   9.19	   1.21
  -2.41	   9.34	   0.91
  -3.03	   9.34	   0.91
  -2.72	   9.50	   0.75
  -3.03	   9.50	   1.06
  -2.72	   9.19	   1.06
  -2.72	   9.50	   1.06
  -3.03	   9.50	   1.06
  -3.03	   9.35	   1.52
  -3.03	   9.34	   1.06
  -2.57	   9.50	   1.06
  -2.57	   9.50	   1.06
  -2.41	   9.50	   1.06
  -2.26	   9.65	   1.21
  -2.41	   9.19	   1.22
  -2.57	   9.50	   1.52
  -2.41	   9.50	   1.37
  -2.41	   9.65	   1.37
  -2.11	   9.50	   1.37
  -2.57	   9.81	   1.37
  -2.41	   9.65	   1.52
  -2.11	   9.35	   1.37
  -2.11	   9.50	   1.52
  -1.95	   9.96	   1.37
  -1.95	   9.65	   1.52
  -2.41	   9.35	   1.52
  -1.95	   9.80	   1.22
  -1.95	   9.65	   1.68
  -2.11	   9.96	   1.37
  -1.95	   9.50	   1.37
  -2.11	   9.50	   1.37
  -1.95	   9.50	   1.52
  -2.26	   9.80	   0.91
  -2.11	   9.81	   1.52
  -2.26	   9.35	   1.52
  -1.80	   9.65	   1.37
  -1.95	   9.65	   1.06
  -2.26	   9.65	   1.37
  -2.26	   9.50	   1.37
  -1.95	   9.65	   1.22
  -1.80	   9.80	   0.91
  -2.26	   9.50	   1.22
  -2.11	   9.50	   1.52
  -1.65	   9.65	   1.07
  -1.80	   9.95	   0.91
  -1.95	   9.50	   1.37
  -1.65	   9.50	   1.22
  -1.80	   9.65	   1.22
  -1.65	   9.80	   1.07
  -1.80	   9.65	   1.06
  -1.80	   9.65	   1.22
  -1.65	   9.65	   1.07
  -1.49	   9.65	   1.07
  -1.49	   9.65	   1.22
  -1.49	   9.80	   1.07
  -1.49	   9.80	   1.22
  -1.65	   9.80	   1.07
  -1.80	   9.65	   1.06
  -1.80	   9.65	   1.22
  -1.95	   9.80	   1.37
  -1.80	   9.65	   1.22
  -1.95	   9.50	   1.37
  -1.95	   9.65	   1.22
  -2.11	   9.50	   1.37
  -2.11	   9.65	   1.37
  -1.95	   9.50	   1.22
  -2.26	   9.65	   1.22
  -2.41	   9.50	   1.22
  -2.57	   9.50	   1.06
  -2.41	   9.50	   1.06
  -2.41	   9.34	   0.60
  -2.72	   9.50	   0.60
  -2.26	   9.65	   0.91
  -2.41	   9.50	   0.91
  -2.41	   9.50	   0.91
  -2.26	   9.65	   0.91
  -2.41	   9.50	   1.06
  -2.26	   9.65	   0.76
  -2.26	   9.50	   0.76
  -2.41	   9.50	   0.91
  -2.26	   9.65	   0.91
  -2.26	   9.50	   0.76
  -2.26	   9.50	   0.76
  -2.26	   9.50	   0.91
  -2.41	   9.65	   1.06
  -2.41	   9.65	   0.76
  -2.41	   9.50	   0.91
  -2.11	   9.50	   0.76
  -1.95	   9.65	   0.76
  -2.26	   9.65	   0.91
  -2.26	   9.34	   0.76
  -2.26	   9.50	   0.91
  -2.11	   9.50	   1.37
  -2.41	   9.65	   0.91
  -1.95	   9.34	   0.76
  -2.11	   9.95	   0.76
  -3.94	  10.11	   1.21
  -4.71	   8.73	   0.29
  -2.87	   9.65	  -0.01
  -2.41	   9.34	  -0.93
  -3.03	   9.65	  -0.17
  -3.33	   9.34	   0.45
  -3.33	   9.34	   0.29
  -3.18	   9.04	   0.45
  -3.33	   9.34	   0.45
  -3.49	   9.34	   0.45
  -3.33	   9.34	   0.60
  -3.79	   9.50	   0.60
  -3.49	   9.34	   0.45
  -3.33	   9.49	   0.29
  -3.33	   9.65	   0.29
  -3.18	   9.34	   0.29
  -3.03	   9.34	   0.29
  -3.03	   9.49	   0.29
  -3.18	   9.34	   0.14
  -3.03	   9.34	   0.29
  -3.03	   9.34	   0.45
  -3.03	   9.19	   0.45
  -3.03	   9.19	   0.45
  -3.03	   9.34	   0.29
  -3.03	   9.04	   0.60
  -3.03	   9.19	   0.45
  -3.18	   9.49	   0.29
  -3.18	   9.49	   0.14
  -3.03	   9.19	   0.45
  -2.87	   9.19	   0.29
  -3.03	   9.19	   0.29
  -2.87	   9.34	   0.29
  -3.03	   9.34	   0.45
  -3.03	   9.34	   0.29
  -3.03	   9.34	   0.29
  -3.64	   8.72	  -2.00
  -3.34	   8.56	  -3.08
  -3.34	   8.87	  -3.23
  -3.03	   8.71	  -3.23
  -3.18	   8.87	  -3.08
  -3.18	   9.02	  -3.08
  -3.18	   8.87	  -3.23
  -3.18	   8.87	  -3.08
  -3.18	   8.87	  -3.23
  -3.18	   9.02	  -3.38
  -3.33	   9.02	  -3.23
  -3.18	   8.87	  -3.23
  -3.18	   8.87	  -2.92
  -3.18	   8.87	  -2.92
  -3.18	   8.72	  -2.77
  -3.03	   8.72	  -2.77
  -3.03	   8.72	  -2.92
  -3.03	   8.72	  -3.08
  -3.18	   8.87	  -3.08
  -3.18	   9.02	  -3.23
  -3.18	   9.02	  -3.23
  -3.18	   9.02	  -3.23
  -3.18	   9.02	  -3.23
  -3.18	   8.87	  -3.23
  -3.18	   9.02	  -3.08
  -2.57	   9.02	  -3.23
  -1.80	   9.18	  -2.92
  -2.11	   9.33	  -2.76
  -2.11	   9.33	  -2.61
  -2.11	   9.33	  -2.61
  -2.26	   9.33	  -2.61
  -2.11	   9.33	  -2.46
  -2.11	   9.33	  -2.61
  -2.26	   9.48	  -2.92
  -2.11	   9.33	  -2.15
  -1.95	   9.33	  -2.46
  -2.11	   9.64	  -2.61
  -2.11	   9.48	  -2.46
  -2.26	   9.48	  -2.15
  -2.11	   9.33	  -2.15
  -2.11	   9.18	  -2.00
  -2.11	   9.18	  -2.15
  -2.11	   9.18	  -2.46
  -2.11	   9.33	  -2.46
  -2.11	   9.48	  -2.61
  -2.11	   9.48	  -2.61
  -2.11	   9.64	  -2.61
  -2.26	   9.33	  -2.46
  -2.26	   9.33	  -2.46
  -2.41	   9.33	  -2.46
  -2.41	   9.48	  -2.46
  -2.41	   9.33	  -2.31
  -2.57	   9.18	  -2.31
  -2.57	   9.33	  -2.46
  -2.57	   9.33	  -2.46
  -2.57	   9.33	  -2.31
  -2.72	   9.18	  -2.61
  -2.72	   9.33	  -2.77
  -2.87	   9.48	  -2.62
  -3.02	   9.79	  -3.69
  -3.19	   8.10	  -4.45
  -3.95	   7.48	  -5.53
  -4.26	   7.33	  -5.07
  -3.95	   7.48	  -5.07
  -3.80	   7.33	  -5.37
  -3.49	   7.02	  -5.68
  -3.65	   7.33	  -5.68
  -3.80	   7.33	  -5.22
  -3.80	   7.64	  -5.22
  -3.95	   7.64	  -4.91
  -3.65	   7.79	  -5.07
  -3.49	   7.64	  -4.91
  -3.49	   7.79	  -4.91
  -3.34	   7.64	  -5.07
  -3.34	   7.94	  -4.91
  -3.49	   7.94	  -4.76
  -3.49	   7.94	  -4.76
  -3.49	   7.94	  -4.91
  -3.49	   7.79	  -4.76
  -3.49	   8.10	  -4.61
  -3.49	   8.10	  -4.76
  -3.49	   7.94	  -4.91
  -3.64	   7.94	  -4.45
  -3.18	   8.25	  -5.07
  -3.18	   8.25	  -4.76
  -3.49	   7.79	  -4.91
  -3.03	   7.94	  -4.61
  -2.72	   8.25	  -5.06
  -3.80	   8.10	  -4.30
  -2.88	   8.25	  -4.15
  -3.18	   8.56	  -4.76
  -2.88	   8.10	  -4.30
  -3.03	   8.25	  -4.61
  -3.49	   8.25	  -3.84
  -2.72	   8.09	  -4.45
  -2.72	   8.56	  -3.84
  -3.03	   8.25	  -4.30
  -2.57	   7.95	  -3.99
  -2.26	   8.40	  -4.60
  -3.03	   8.71	  -4.15
  -2.27	   8.10	  -3.84
  -2.72	   8.56	  -4.30
  -3.03	   8.56	  -4.45
  -2.72	   8.41	  -4.30
  -2.57	   8.71	  -4.14
  -2.42	   9.02	  -3.84
  -2.57	   8.56	  -4.30
  -3.18	   7.78	  -6.29
  -4.57	   6.41	  -5.53
  -3.80	   6.71	  -5.99
  -3.65	   7.03	  -5.07
  -3.96	   6.87	  -5.99
  -3.80	   7.02	  -4.91
  -3.34	   7.33	  -5.22
  -3.49	   7.33	  -5.22
  -3.34	   7.79	  -3.99
  -3.65	   7.79	  -4.45
  -3.34	   7.79	  -5.53
  -3.65	   7.79	  -4.61
  -3.65	   7.79	  -4.61
  -3.64	   8.10	  -4.61
  -3.49	   8.10	  -4.45
  -3.03	   8.56	  -3.23
  -3.03	   8.25	  -3.99
  -2.88	   8.41	  -4.15
  -2.72	   8.40	  -4.45
  -2.72	   8.40	  -4.60
  -2.72	   8.25	  -4.15
  -2.72	   8.56	  -4.45
  -2.72	   8.41	  -3.99
  -3.18	   8.56	  -4.15
  -2.88	   8.71	  -3.99
  -2.72	   8.41	  -4.30
  -2.88	   8.56	  -4.15
  -2.72	   8.71	  -3.84
  -2.72	   8.56	  -3.99
  -2.72	   8.56	  -4.15
  -2.88	   8.87	  -3.84
  -2.72	   8.56	  -3.84
  -2.72	   8.56	  -4.30
  -2.88	   8.56	  -3.84
  -3.18	   8.71	  -3.99
  -2.88	   8.87	  -3.99
  -2.72	   8.71	  -3.84
  -2.88	   8.87	  -3.69
  -2.42	   8.71	  -3.68
  -2.72	   8.71	  -3.53
  -2.57	   8.71	  -3.84
  -2.57	   8.71	  -3.69
  -2.57	   8.71	  -3.53
  -2.72	   8.86	  -3.99
  -2.72	   8.71	  -3.53
  -2.57	   8.87	  -3.84
  -2.42	   8.71	  -3.68
  -1.65	   9.02	  -3.53
  -1.65	   9.02	  -3.07
  -1.81	   6.90	   2.13
  -5.34	   5.48	  -9.21
  -4.43	   2.11	  -8.29
  -3.36	   1.34	  -8.44
  -1.68	   1.34	  -8.89
  -2.60	   1.65	  -9.50
  -2.14	   1.49	  -9.66
  -1.53	   0.26	 -10.88
  -2.60	   1.19	  -9.35
  -0.46	   0.73	  -9.34
  -0.92	   0.27	  -9.80
  -0.31	   0.27	  -9.34
   0.15	   0.27	  -9.80
   0.31	   0.57	  -9.65
   0.31	   0.42	  -9.19
   0.76	  -0.19	  -9.49
   0.61	   0.73	  -8.88
   0.62	   1.03	 -10.10
   0.61	   0.88	  -9.19
  -0.16	  -1.11	 -10.26
   0.31	   0.42	 -10.56
   0.00	   0.73	  -9.34
   0.31	   0.42	 -10.11
   0.16	   1.03	  -9.65
   1.83	  -0.81	 -10.71
   1.38	  -0.18	  -8.26
   0.46	   0.42	  -9.95
   0.77	   0.73	  -9.03
   0.46	   0.42	 -10.10
   1.38	   0.58	  -9.64
  -0.91	   1.03	 -10.57
  -1.99	   1.19	  -8.89
  -3.67	   1.04	  -7.21
  -1.98	   1.65	  -9.04
  -1.83	   2.11	  -8.89
  -1.52	   2.41	  -9.35
  -0.91	   2.57	  -9.34
  -1.06	   3.03	  -9.19
  -1.06	   2.87	  -9.34
  -1.06	   2.72	  -9.50
  -1.37	   3.33	  -9.35
  -1.37	   3.03	  -9.35
  -1.06	   3.33	  -9.19
  -1.21	   3.33	  -9.04
  -1.37	   3.33	  -9.04
  -1.21	   3.33	  -9.04
  -1.06	   3.33	  -8.58
  -0.91	   3.33	  -9.04
  -1.21	   3.33	  -9.04
  -1.21	   3.49	  -8.89
  -1.21	   3.64	  -8.89
  -1.06	   3.94	  -9.19
  -1.06	   3.79	  -9.04
  -1.06	   4.10	  -8.88
  -0.75	   3.95	  -9.04
  -1.06	   3.95	  -9.04
  -0.75	   3.64	  -8.88
  -0.90	   3.64	  -9.04
  -1.06	   3.79	  -8.89
  -1.21	   3.79	  -8.73
  -1.21	   3.79	  -8.89
  -1.36	   4.10	  -8.89
  -0.90	   3.79	  -8.88
  -1.06	   3.95	  -8.89
  -1.06	   3.95	  -9.04
  -1.21	   3.64	  -8.58
  -1.36	   4.10	  -8.73
  -1.06	   4.25	  -8.58
  -0.90	   4.10	  -8.58
  -1.21	   4.25	  -8.58
  -1.21	   4.41	  -8.73
  -1.21	   4.25	  -8.73
  -0.90	   4.40	  -8.88
  -0.90	   4.25	  -8.58
  -1.21	   4.25	  -8.89
  -1.06	   4.41	  -8.73
  -1.06	   4.41	  -8.58
  -0.75	   4.56	  -8.88
  -0.75	   4.56	  -8.58
  -0.75	   4.56	  -8.73
  -0.90	   4.41	  -8.73
  -0.75	   4.41	  -8.58
  -0.90	   4.41	  -8.43
  -1.05	   4.71	  -8.43
  -0.75	   4.41	  -8.58
  -0.90	   4.56	  -8.58
  -0.75	   4.71	  -8.12
  -0.59	   4.87	  -8.27
  -0.59	   5.02	  -8.42
  -0.59	   5.02	  -8.42
  -0.59	   4.87	  -8.27
  -0.75	   5.02	  -8.42
  -0.44	   5.02	  -8.27
  -0.59	   5.33	  -8.12
  -0.59	   5.48	  -7.81
  -0.59	   5.33	  -8.27
  -0.59	   5.79	  -8.27
  -0.44	   5.79	  -7.81
  -0.44	   5.63	  -7.96
  -0.28	   5.79	  -8.12
  -0.44	   5.79	  -7.66
  -0.59	   5.79	  -7.66
  -0.44	   5.79	  -7.66
  -0.74	   5.94	  -7.35
  -0.74	   5.79	  -7.81
  -1.21	   5.17	  -8.27
  -1.21	   5.17	  -8.27
  -1.51	   5.02	  -7.82
  -1.05	   5.18	  -7.05
  -0.75	   5.33	  -7.97
  -0.59	   5.17	  -8.42
  -0.59	   4.87	  -8.27
  -1.20	   5.94	  -7.81
  -0.75	   5.17	  -8.27
  -0.90	   4.56	  -7.35
   0.02	   5.48	  -8.73
  -0.13	   4.56	  -8.88
  -0.44	   5.48	  -7.96
  -1.36	   5.33	  -7.66
   0.18	   5.64	  -7.81
  -0.74	   5.02	  -7.51
  -1.05	   5.79	  -8.27
   0.18	   5.94	  -8.27
  -0.44	   5.63	  -7.97
   0.48	   5.48	  -7.81
  -0.90	   5.63	  -8.12
  -0.29	   5.63	  -7.81
  -0.44	   5.33	  -7.81
  -1.20	   6.09	  -8.27
  -0.59	   5.94	  -7.66
  -0.44	   5.48	  -7.97
  -0.74	   5.63	  -8.27
  -1.20	   5.79	  -7.82
  -0.59	   5.48	  -7.05
  -0.13	   6.09	  -8.27
  -0.59	   5.94	  -6.74
  -0.90	   6.25	  -7.66
  -0.59	   5.48	  -7.81
  -0.29	   4.87	  -7.96
  -0.13	   4.71	  -8.58
  -0.29	   5.33	  -8.12
  -0.59	   5.63	  -7.96
  -0.28	   5.64	  -7.50
  -0.44	   5.48	  -7.35
  -0.44	   5.79	  -7.66
  -0.13	   5.79	  -7.50
  -0.28	   5.79	  -7.96
  -0.13	   5.79	  -7.81
  -0.44	   6.09	  -7.66
  -0.44	   6.10	  -7.50
  -0.13	   6.10	  -7.35
  -0.44	   6.40	  -7.35
  -0.13	   6.56	  -6.89
  -0.43	   6.71	  -7.20
  -0.13	   6.40	  -7.81
  -0.28	   6.40	  -7.35
  -0.28	   6.56	  -7.35
  -0.43	   6.71	  -8.27
  -0.43	   6.86	  -7.05
  -0.43	   6.71	  -7.20
  -0.59	   6.86	  -6.28
  -0.43	   7.02	  -6.74
  -0.28	   6.56	  -7.66
  -0.74	   7.17	  -7.05
  -0.43	   7.01	  -7.35
  -0.59	   6.86	  -7.35
  -0.43	   6.86	  -7.66
  -0.74	   6.86	  -6.74
  -1.05	   6.86	  -6.89
  -1.05	   6.71	  -6.59
  -1.04	   6.87	  -6.28
  -0.89	   6.71	  -6.89
  -0.74	   6.86	  -6.59
  -0.89	   7.32	  -7.51
  -0.89	   6.86	  -6.89
  -0.43	   7.02	  -7.05
  -0.89	   6.86	  -7.35
  -0.58	   7.17	  -7.35
  -0.59	   7.02	  -6.74
  -0.58	   7.17	  -6.13
  -0.74	   7.48	  -6.59
  -0.74	   7.48	  -6.89
  -0.58	   7.48	  -6.59
  -0.58	   7.48	  -7.05
  -0.28	   7.48	  -6.43
  -0.12	   7.48	  -6.43
  -0.28	   7.48	  -5.97
  -0.28	   7.48	  -6.13
  -0.28	   7.48	  -6.13
  -0.28	   7.48	  -6.43
  -0.28	   7.48	  -6.28
  -0.43	   7.48	  -6.13
  -0.43	   7.63	  -6.13
  -0.58	   7.63	  -6.13
  -0.58	   7.63	  -6.13
  -0.58	   7.63	  -6.13
  -0.58	   7.78	  -6.13
  -0.43	   7.78	  -6.28
  -0.58	   7.78	  -6.13
  -0.43	   7.78	  -5.97
  -0.43	   7.78	  -5.97
  -0.58	   7.94	  -6.28
  -0.58	   7.79	  -5.97
  -0.43	   7.94	  -6.13
  -0.43	   7.79	  -5.97
  -0.58	   7.79	  -5.67
  -0.74	   7.79	  -5.97
  -0.74	   7.78	  -6.13
  -0.89	   7.63	  -5.98
  -0.58	   7.48	  -6.28
  -0.74	   6.86	  -6.43
  -0.43	   7.17	  -6.43
  -0.43	   7.78	  -6.43
  -0.43	   7.48	  -6.43
  -0.58	   7.48	  -6.28
  -0.43	   7.48	  -6.13
  -0.43	   7.48	  -6.13
  -0.43	   7.48	  -5.97
  -0.58	   7.33	  -6.28
  -0.58	   7.63	  -6.13
  -0.43	   7.63	  -6.28
  -0.28	   7.48	  -6.28
  -0.58	   7.63	  -6.28
  -0.74	   7.63	  -6.13
  -0.74	   7.48	  -6.13
  -0.74	   7.78	  -6.13
  -0.74	   7.78	  -6.13
  -0.58	   7.78	  -6.13
  -0.58	   7.79	  -5.82
  -0.58	   7.79	  -5.97
  -0.58	   7.78	  -6.13
  -0.28	   8.09	  -5.67
  -2.27	   7.63	  -5.83
  -0.91	   2.26	  -9.19
  -2.14	   1.80	  -8.89
   0.46	  -0.03	  -5.81
  -1.68	   0.12	  -8.12
  -2.45	  -0.81	 -10.73
  -1.53	   0.73	  -9.35
  -3.52	   0.43	  -7.06
  -0.77	  -0.96	 -10.11
  -3.98	   0.43	  -8.59
  -2.90	   2.10	 -10.12
  -0.16	  -0.19	  -7.66
   0.46	   0.11	 -11.02
   1.68	  -1.72	  -8.72
   2.90	  -2.32	  -6.57
   3.36	  -2.33	  -7.34
   3.98	  -1.11	  -8.40
   3.83	   1.34	  -9.79
   3.83	   1.35	  -8.10
   3.68	   0.42	  -9.79
   2.91	   0.58	  -9.02
   2.45	   0.27	  -8.41
   2.75	  -0.34	  -8.87
   2.14	  -0.65	  -8.72
   4.13	  -0.80	  -8.25
   2.29	  -1.11	  -9.79
   1.52	  -3.10	  -9.80
   1.98	  -2.03	  -8.72
   2.60	  -0.34	  -9.02
   3.51	  -2.18	  -9.48
   3.21	  -0.64	  -7.64
   2.14	  -1.26	  -7.80
   1.68	  -1.42	  -9.49
   1.52	  -1.88	 -10.10
   3.06	  -1.11	  -9.79
  -0.93	  -2.94	  -8.43
   2.29	  -2.48	  -9.79
   2.13	  -2.80	  -9.79
   1.52	  -3.86	  -6.73
   2.75	  -1.11	  -9.18
   0.61	  -0.04	 -10.72
   1.68	  -1.11	  -8.88
   1.53	  -0.50	  -9.64
   0.31	   0.57	  -9.65
  -2.14	   1.64	 -10.11
  -3.67	   1.67	  -8.44
  -2.76	  -0.34	  -8.59
  -2.91	  -0.34	  -8.89
  -2.91	  -0.19	  -9.05
  -2.76	  -0.19	  -8.89
  -1.70	  -4.35	 -17.47
  -2.45	   0.27	  -9.35
  -2.76	   0.27	 -10.12
  -2.45	   0.27	  -9.35
  -2.45	   0.27	  -8.89
  -2.45	   0.27	  -9.35
  -2.45	   0.42	  -9.20
  -2.45	   0.12	  -9.20
  -2.30	   0.27	  -9.20
  -2.45	   0.27	  -9.04
  -2.45	   0.12	  -9.35
  -2.45	   0.12	  -9.20
  -2.45	   0.12	  -9.20
  -2.45	   0.12	  -9.20
  -2.30	  -0.04	  -9.20
  -2.60	   0.12	  -9.35
  -2.45	   0.27	  -9.20
  -2.45	   0.27	  -9.20
  -2.45	   0.12	  -9.20
  -2.45	   0.12	  -9.20
  -2.30	   0.12	  -9.35
  -2.45	   0.12	  -9.20
  -2.45	  -0.04	  -9.50
  -2.30	  -0.04	  -9.20
  -2.45	   0.27	  -9.35
  -2.30	   0.27	  -9.20
  -2.30	   0.27	  -9.35
  -2.45	   0.27	  -9.20
  -2.45	   0.27	  -9.20
  -2.45	   0.27	  -9.04
  -2.45	   0.12	  -9.20
  -2.45	   0.12	  -9.20
  -2.30	   0.12	  -9.20
  -2.45	   0.12	  -9.20
  -2.45	   0.12	  -9.20
  -2.30	   0.12	  -9.20
  -2.30	  -0.19	  -9.35
  -1.99	  -0.80	  -9.20
  -2.30	  -0.34	  -9.20
  -2.30	  -0.19	  -9.20
  -2.30	  -0.50	  -9.20
  -2.15	  -0.50	  -9.35
  -2.30	  -0.65	  -9.20
  -2.30	  -0.80	  -9.20
  -2.30	  -0.80	  -9.20
  -2.15	  -0.96	  -9.20
  -2.15	  -1.11	  -9.20
  -2.30	  -1.11	  -9.20
  -2.30	  -1.11	  -9.04
  -2.15	  -1.11	  -9.35
  -2.30	  -1.11	  -9.20
  -2.15	  -1.11	  -9.20
  -2.30	  -1.11	  -9.20
  -2.15	  -1.11	  -9.20
  -2.30	  -1.11	  -9.20
  -2.15	  -1.11	  -9.20
  -2.15	  -1.11	  -9.20
  -2.15	  -1.11	  -9.20
  -2.15	  -0.96	  -9.20
  -2.15	  -1.11	  -9.04
  -2.15	  -1.11	  -9.20
  -2.15	  -0.96	  -9.20
  -2.30	  -0.96	  -9.20
  -2.15	  -1.11	  -9.04
  -2.15	  -0.96	  -9.20
  -1.99	  -0.96	  -9.35
  -2.30	  -0.95	  -9.20
  -2.30	  -1.11	  -9.50
  -1.84	  -0.80	  -9.35
  -2.00	  -1.11	  -9.35
  -2.45	  -1.11	  -9.04
  -1.99	  -0.80	  -9.20
  -1.84	  -0.65	  -9.35
  -2.45	  -0.80	  -8.74
  -1.99	  -0.65	  -9.04
  -1.99	  -0.65	  -9.50
  -2.45	  -0.96	  -9.04
  -1.99	  -0.65	  -9.66
  -2.15	  -0.80	  -9.35
  -2.15	  -0.65	  -8.89
  -2.30	  -0.65	  -9.35
  -1.99	  -0.50	  -9.20
  -2.30	  -0.65	  -9.20
  -1.84	  -0.34	  -9.35
  -2.45	  -0.34	  -9.04
  -2.15	  -0.50	  -9.35
  -1.99	  -0.50	  -9.20
  -1.99	  -0.04	  -8.89
  -3.52	  -0.19	  -9.35
  -3.22	  -0.19	  -9.20
  -2.60	  -0.19	  -9.20
  -4.90	  -0.03	  -8.13
  -3.52	   1.04	  -7.98
  -3.06	  -0.03	  -8.44
  -3.22	   0.27	  -8.89
  -3.06	  -0.19	  -8.74
  -3.06	   0.42	  -8.74
  -3.22	   0.12	  -8.89
  -3.52	  -0.03	  -8.90
  -3.37	  -0.04	  -8.74
  -3.06	  -0.19	  -9.20
  -4.59	   0.27	  -8.59
  -3.06	   0.27	  -9.20
  -3.67	   0.57	  -9.66
  -3.37	   0.27	  -8.74
  -2.91	   0.58	  -9.20
  -3.67	   0.43	  -8.89
  -2.91	   0.58	  -8.28
  -3.06	   0.58	  -9.05
  -3.06	   0.58	  -9.20
  -3.37	   0.73	  -9.05
  -3.37	   0.88	  -9.66
  -3.06	   0.73	  -8.28
  -3.52	   0.73	  -8.89
  -3.36	   1.03	  -9.66
  -3.21	   0.58	  -8.74
  -3.21	   0.73	  -9.35
  -3.06	   0.12	  -9.35
  -3.06	   0.73	  -8.89
  -3.22	   0.12	  -9.05
  -3.06	  -0.03	  -8.43
  -3.07	  -0.03	  -9.05
  -3.21	   0.43	  -8.74
  -3.37	  -0.19	  -8.74
  -3.37	   0.73	  -9.35
  -3.37	   0.58	  -8.89
  -3.37	   0.27	  -9.20
  -3.06	   0.73	  -9.05
  -3.52	   0.42	  -9.20
  -3.22	   0.27	  -8.59
  -3.67	   0.27	  -8.90
  -3.67	   0.27	  -8.74
  -3.52	   0.27	  -8.59
  -3.52	   0.27	  -9.05
  -3.52	   0.27	  -8.74
  -3.52	   0.27	  -9.05
  -3.52	   0.27	  -8.74
  -3.52	   0.27	  -8.59
  -3.52	   0.27	  -8.74
  -3.52	   0.12	  -8.74
  -3.67	   0.27	  -8.74
  -3.67	   0.42	  -8.74
  -3.37	   0.43	  -8.74
  -3.67	   0.43	  -8.44
  -3.67	   0.42	  -8.74
  -3.52	   0.43	  -8.74
  -3.52	   0.58	  -8.74
  -3.37	   0.42	  -8.74
  -3.21	   0.42	  -8.89
  -3.52	   0.27	  -9.05
  -2.76	  -0.04	  -9.05
  -3.52	   0.73	  -8.74
  -3.37	   1.19	  -8.90
  -2.29	   0.88	  -8.74
  -2.14	   0.58	  -9.20
  -2.60	   0.88	  -9.20
  -2.29	   1.19	  -9.20
  -2.45	   1.03	  -9.81
  -2.29	   0.73	  -8.89
  -1.99	   1.03	  -9.35
  -2.45	   1.19	  -9.35
  -2.14	   0.73	  -8.89
  -1.99	   0.88	  -9.20
  -2.14	   1.03	  -9.66
  -1.99	   0.73	  -9.65
  -1.83	   1.04	  -9.20
  -1.99	   0.73	  -9.35
  -2.14	   1.04	  -9.04
  -1.99	   1.19	  -9.50
  -2.29	   1.19	  -9.35
  -2.45	   1.04	  -9.04
  -2.14	   1.19	  -9.20
  -2.29	   1.03	  -9.20
  -2.14	   1.19	  -9.50
  -2.14	   1.04	  -9.20
  -1.99	   0.88	  -9.50
  -1.83	   1.34	  -9.04
  -2.14	   1.19	  -9.66
  -1.83	   0.88	  -9.50
  -2.29	   1.04	  -9.04
  -2.14	   0.88	  -9.50
  -2.44	   1.96	  -8.74
  -2.75	   1.65	  -7.05
  -2.60	   1.19	  -9.04
  -3.21	   1.19	  -8.89
  -3.06	   1.50	  -8.89
  -3.21	   1.19	  -9.05
  -3.21	   1.19	  -9.05
  -2.91	   1.19	  -9.05
  -3.06	   1.34	  -8.43
  -2.90	   1.34	  -9.05
  -3.06	   1.34	  -8.89
  -3.21	   1.49	  -9.35
  -2.90	   1.34	  -8.59
  -3.06	   1.49	  -9.05
  -3.21	   1.50	  -8.74
  -3.37	   1.04	  -8.89
  -3.36	   1.19	  -8.74
  -3.06	   0.73	  -9.05
  -3.36	   1.19	  -9.05
  -3.37	   1.04	  -8.89
  -3.37	   1.04	  -8.74
  -3.37	   1.04	  -8.89
  -3.37	   1.04	  -8.74
  -3.37	   1.04	  -8.74
  -3.52	   1.04	  -8.90
  -3.37	   1.04	  -9.05
  -3.52	   0.88	  -8.90
  -3.52	   0.73	  -8.74
  -3.37	   0.73	  -8.59
  -3.52	   1.04	  -8.90
  -3.37	   0.88	  -8.89
  -3.52	   0.88	  -8.90
  -3.52	   0.88	  -8.90
  -3.37	   0.88	  -8.74
  -3.36	   1.19	  -8.74
  -3.52	   1.19	  -8.90
  -3.52	   1.19	  -9.05
  -3.36	   1.19	  -8.74
  -3.36	   1.19	  -8.74
  -3.52	   1.04	  -8.74
  -3.37	   1.04	  -9.05
  -3.37	   1.04	  -8.89
  -3.67	   1.04	  -8.90
  -3.52	   0.88	  -8.90
  -3.21	   0.88	  -8.89
  -3.37	   0.88	  -8.89
  -3.52	   0.88	  -8.74
  -3.67	   0.88	  -8.90
  -3.52	   0.88	  -8.89
  -3.52	   1.04	  -8.90
  -3.37	   1.04	  -8.74
  -3.37	   1.04	  -8.89
  -3.37	   1.04	  -8.74
  -3.52	   1.04	  -8.74
  -3.52	   1.04	  -8.90
  -3.37	   1.04	  -8.74
  -3.52	   1.04	  -8.90
  -3.52	   1.04	  -8.90
  -3.37	   1.04	  -8.89
  -3.52	   1.04	  -8.74
  -3.52	   1.04	  -8.90
  -3.52	   1.04	  -8.90
  -3.52	   0.88	  -8.90
  -3.52	   0.88	  -8.74
  -3.37	   0.88	  -8.74
  -3.52	   1.04	  -8.59
  -3.52	   0.88	  -8.90
  -3.37	   0.73	  -8.90
  -3.52	   0.88	  -8.90
  -3.37	   0.73	  -8.74
  -3.52	   0.42	  -8.74
  -3.52	   0.42	  -8.74
  -3.52	   0.42	  -8.74
  -3.52	  -0.04	  -9.05
  -3.36	   1.34	  -8.74
  -3.37	   0.73	  -8.74
  -3.22	   0.27	  -9.05
  -3.22	   0.27	  -8.89
  -3.06	   0.58	  -8.89
  -3.21	   0.42	  -9.05
  -3.06	   0.42	  -8.89
  -3.21	   0.42	  -8.89
  -3.06	   0.27	  -8.89
  -3.21	   0.42	  -8.89
  -3.21	   0.42	  -8.89
  -3.06	   0.42	  -8.89
  -3.21	   0.27	  -8.89
  -3.21	   0.27	  -8.89
  -3.21	   0.42	  -8.89
  -3.21	   0.42	  -9.05
  -3.21	   0.42	  -8.89
  -3.21	   0.42	  -9.05
  -3.22	   0.27	  -8.89
  -3.22	   0.42	  -9.05
  -3.06	   0.42	  -9.05
  -3.22	   0.42	  -8.89
  -3.06	   0.27	  -8.89
  -3.22	   0.27	  -8.89
  -3.21	   0.42	  -8.89
  -3.21	   0.42	  -8.89
  -3.22	   0.42	  -8.89
  -3.22	   0.42	  -8.89
  -3.21	   0.42	  -8.89
  -3.21	   0.42	  -8.89
  -3.21	   0.42	  -9.05
  -3.22	   0.27	  -8.89
  -3.21	   0.27	  -8.89
  -3.22	   0.27	  -8.89
  -3.21	   0.42	  -8.89
  -3.21	   0.42	  -8.89
  -3.37	   0.27	  -8.89
  -3.22	   0.42	  -8.89
  -3.22	   0.27	  -9.05
  -3.22	   0.27	  -8.89
  -3.06	   0.27	  -8.89
  -3.22	   0.27	  -8.89
  -3.22	   0.27	  -9.05
  -3.21	   0.42	  -9.05
  -3.21	   0.27	  -9.05
  -3.22	   0.27	  -9.05
  -3.22	   0.27	  -8.89
  -3.22	   0.42	  -8.89
  -3.22	   0.27	  -8.89
  -3.21	   0.42	  -8.89
  -3.21	   0.42	  -8.89
  -3.22	   0.27	  -8.89
  -3.21	   0.42	  -8.89
  -3.21	   0.42	  -8.89
  -3.21	   0.42	  -8.89
  -3.06	   0.27	  -8.89
  -3.22	   0.27	  -8.89
  -3.21	   0.42	  -8.89
  -3.21	   0.27	  -9.05
  -3.22	   0.27	  -8.89
  -3.21	   0.42	  -8.89
  -3.06	   0.27	  -8.89
  -3.37	   0.27	  -9.05
  -3.22	   0.27	  -8.74
  -3.22	   0.27	  -8.89
  -3.22	   0.27	  -8.89
  -3.22	   0.27	  -8.89
  -3.22	   0.27	  -8.89
  -3.22	   0.27	  -8.89
  -3.22	   0.27	  -8.89
  -3.37	   0.27	  -8.89
  -3.22	   0.27	  -8.89
  -3.22	   0.27	  -8.89
  -3.22	   0.27	  -8.89
  -3.22	   0.27	  -8.89
  -3.22	   0.27	  -8.89
  -3.22	   0.27	  -8.89
  -3.22	   0.27	  -8.89
  -3.22	   0.27	  -9.05
  -3.21	   0.42	  -8.89
  -3.22	   0.27	  -8.74
  -3.37	   0.27	  -8.89
  -3.22	   0.27	  -8.89
  -3.37	   0.27	  -8.89
  -3.21	   0.42	  -8.74
  -3.37	   0.27	  -8.59
  -3.21	   0.42	  -9.05
  -3.37	   0.27	  -8.74
  -3.22	   0.27	  -8.89
  -3.37	   0.12	  -9.05
  -3.37	   0.27	  -9.05
  -2.91	   0.12	  -8.89
  -3.37	   0.12	  -8.89
  -3.37	   0.12	  -8.89
  -3.22	   0.12	  -8.74
  -3.22	   0.12	  -8.89
  -3.22	  -0.04	  -9.05
  -3.22	  -0.19	  -8.90
  -3.06	  -0.04	  -8.89
  -3.06	  -0.04	  -8.89
  -3.22	  -0.19	  -8.89
  -3.22	  -0.04	  -8.90
  -3.37	  -0.04	  -8.90
  -2.91	  -0.03	  -8.89
  -3.06	  -0.04	  -9.51
  -3.22	  -0.34	  -8.89
  -3.22	  -0.49	  -8.89
  -3.52	  -0.49	  -8.90
  -3.22	  -0.34	  -8.90
  -3.22	  -0.34	  -8.74
  -3.22	  -0.34	  -8.89
  -3.37	  -0.34	  -8.90
  -3.37	  -0.34	  -8.74
  -3.22	  -0.34	  -8.89
  -3.22	  -0.34	  -8.74
  -3.06	  -0.19	  -9.20
  -2.60	  -0.34	  -9.05
  -3.06	  -0.34	  -9.05
  -3.06	  -0.50	  -9.05
  -3.06	  -0.34	  -8.89
  -3.06	  -0.34	  -9.05
  -3.22	  -0.34	  -8.89
  -3.06	  -0.34	  -9.05
  -3.06	  -0.19	  -9.05
  -3.37	  -0.19	  -8.90
  -2.76	  -0.19	  -9.05
  -3.06	  -0.04	  -9.05
  -3.06	  -0.19	  -8.43
  -3.06	  -0.04	  -9.05
  -3.06	  -0.19	  -9.05
  -3.22	   0.12	  -9.05
  -3.22	   0.27	  -8.74
  -3.22	   0.27	  -8.89
  -3.37	   0.42	  -8.74
  -3.37	   0.42	  -8.74
  -3.37	   0.58	  -8.74
  -3.37	   0.58	  -8.44
  -3.52	   0.42	  -8.89
  -3.67	   0.58	  -8.74
  -3.52	   0.58	  -8.90
  -3.37	   0.58	  -8.89
  -3.37	   0.42	  -8.74
  -3.67	   0.58	  -9.05
  -3.52	   0.42	  -8.74
  -3.37	   0.58	  -8.44
  -3.52	   0.58	  -8.74
  -3.67	   0.73	  -8.74
  -3.67	   0.73	  -8.74
  -3.52	   0.58	  -8.44
  -3.67	   0.43	  -8.44
  -3.83	   0.73	  -9.20
  -3.52	   0.58	  -8.90
  -3.67	   0.42	  -8.59
  -3.67	   0.73	  -9.20
  -3.52	   0.88	  -8.74
  -3.67	   0.88	  -8.90
  -3.67	   0.58	  -9.05
  -3.67	   0.73	  -8.90
  -3.37	   0.73	  -8.74
  -3.67	   0.58	  -9.05
  -3.83	   0.58	  -8.90
  -3.52	   0.58	  -8.74
  -3.83	   0.73	  -8.59
  -3.67	   0.58	  -8.90
  -3.83	   0.73	  -9.05
  -3.37	   0.58	  -8.59
  -3.52	   0.58	  -8.44
  -3.37	   0.58	  -8.90
  -3.37	   0.43	  -8.59
  -3.83	   0.73	  -9.20
  -3.67	   0.73	  -9.05
  -3.67	   0.73	  -8.59
  -3.67	   0.58	  -8.74
  -3.52	   0.73	  -8.74
  -3.98	   0.58	  -9.05
  -3.67	   0.73	  -8.90
  -3.52	   0.42	  -8.74
  -3.21	   0.58	  -8.89
  -3.52	   0.58	  -8.74
  -3.52	   0.88	  -8.90
  -3.37	   0.73	  -8.89
  -3.52	   0.58	  -8.74
  -3.37	   0.73	  -8.74
  -3.52	   0.73	  -8.90
  -3.37	   0.58	  -8.59
  -3.52	   0.58	  -8.74
  -3.37	   0.58	  -8.90
  -3.37	   0.58	  -8.59
  -3.37	   0.58	  -9.05
  -3.52	   0.58	  -8.74
  -3.21	   0.58	  -8.74
  -3.37	   0.73	  -8.89
  -3.37	   0.73	  -8.59
  -3.37	   0.43	  -8.74
  -3.37	   0.73	  -8.74
  -3.37	   0.58	  -8.89
  -3.37	   0.58	  -8.89
  -3.37	   0.73	  -8.89
  -3.37	   0.73	  -8.74
  -3.37	   0.42	  -8.89
  -3.21	   0.58	  -8.74
  -3.52	   0.58	  -8.90
  -3.37	   0.73	  -9.05
  -3.52	   0.73	  -8.90
  -3.37	   0.73	  -8.89
  -3.37	   0.73	  -8.89
  -3.37	   0.73	  -8.74
  -3.21	   0.73	  -8.89
  -3.37	   0.73	  -8.89
  -3.52	   0.73	  -8.90
  -3.21	   0.58	  -8.89
  -3.37	   0.58	  -8.74
  -3.37	   0.58	  -8.59
  -3.37	   0.58	  -9.05
  -3.37	   0.27	  -8.74
  -3.67	   0.12	  -9.05
  -3.37	  -0.04	  -8.74
  -3.37	  -0.19	  -8.90
  -3.22	  -0.03	  -8.74
  -3.52	   0.12	  -8.74
  -3.22	   0.12	  -8.74
  -3.37	  -0.04	  -9.05
  -3.52	   0.12	  -9.20
  -3.37	  -0.03	  -8.59
  -3.37	  -0.04	  -8.90
  -3.22	  -0.03	  -8.59
  -3.37	   0.12	  -8.74
  -3.22	  -0.03	  -8.59
  -3.37	   0.12	  -8.59
  -3.37	  -0.04	  -8.89
  -3.52	   0.12	  -8.74
  -3.37	   0.27	  -8.89
  -3.22	   0.12	  -9.35
  -3.06	   0.58	  -8.74
  -3.06	   0.42	  -9.05
  -3.06	   0.42	  -8.89
  -2.91	   0.42	  -9.20
  -2.91	   1.03	  -9.35
  -2.90	   1.65	  -8.74
  -2.75	   1.81	  -8.74
  -2.91	  -0.03	  -8.74
  -2.30	   0.12	  -8.89
  -1.99	   0.73	  -9.35
  -1.38	   0.27	  -9.19
  -1.84	   0.58	  -9.35
  -1.38	  -0.19	  -9.50
  -1.53	  -0.04	  -9.35
  -1.53	  -0.34	  -9.50
  -1.53	  -0.34	  -9.35
  -1.68	  -0.04	  -9.65
  -1.84	  -0.04	  -9.50
  -1.53	  -0.34	  -9.50
  -2.14	   0.27	  -9.81
  -1.99	  -0.19	  -8.74
  -1.84	   0.12	  -9.35
  -1.99	   0.12	  -9.35
  -2.14	   0.27	  -9.04
  -1.68	   0.12	  -9.35
  -1.84	  -0.19	  -9.04
  -1.84	   0.27	  -9.19
  -2.14	  -0.04	  -9.35
  -2.14	   0.42	  -9.20
  -2.14	   0.58	  -9.35
  -1.99	   0.73	  -9.20
  -1.99	   0.27	  -9.35
  -2.14	   0.73	  -9.04
  -2.30	   0.42	  -9.50
  -2.14	   0.73	  -9.35
  -2.30	   0.11	  -9.66
  -2.14	   0.58	  -9.20
  -2.14	   0.27	  -9.04
  -2.14	   0.58	  -9.04
  -1.99	   0.58	  -9.20
  -2.14	   0.58	  -9.04
  -2.14	   0.73	  -9.04
  -2.30	   0.58	  -9.35
  -2.14	   0.42	  -9.20
  -1.99	   0.58	  -9.04
  -2.14	   0.73	  -9.66
  -1.99	   0.42	  -9.04
  -2.14	   0.88	  -9.81
  -2.30	   0.42	  -9.35
  -2.14	   0.42	  -9.35
  -1.84	   0.27	  -9.50
  -1.53	   0.12	  -9.35
  -1.38	  -0.34	  -9.35
  -1.53	   0.27	  -9.35
  -1.22	   0.57	  -9.65
  -1.38	   0.27	  -9.35
  -1.38	   0.57	  -9.65
  -1.38	   0.27	  -9.35
  -1.38	   0.27	  -9.35
  -1.23	  -0.04	  -9.50
  -1.38	   0.11	  -9.65
  -1.53	   0.12	  -9.19
  -1.38	  -0.04	  -9.65
  -1.53	   0.57	  -9.50
  -1.68	   0.42	  -9.19
  -1.53	   0.88	  -9.35
  -1.83	   0.88	  -9.19
  -1.07	   1.19	  -9.50
  -1.22	   1.03	  -9.50
  -0.92	   1.03	  -9.80
  -0.30	   0.73	  -9.65
   0.16	   1.03	  -9.65
  -0.61	   0.73	  -9.50
   0.61	   0.27	  -9.34
   0.92	   0.27	  -9.80
   0.46	   0.73	  -9.95
   0.15	   0.42	  -9.80
   0.15	   0.57	  -9.65
   0.61	   0.73	  -9.64
   0.31	   0.57	  -9.65
   0.31	   0.27	  -9.65
   0.61	   0.58	  -9.49
   0.92	   0.27	  -9.34
   0.77	   0.42	  -9.80
   0.31	   0.27	  -9.49
   0.61	   0.27	  -9.64
   0.61	   0.27	  -9.49
   0.46	   0.27	  -9.49
   0.31	   0.27	  -9.65
   0.31	   0.27	  -9.65
   0.46	   1.03	  -9.65
   0.46	   0.73	  -9.65
   0.31	   0.27	  -9.65
   0.46	   0.42	  -9.80
   0.77	   0.27	  -9.64
   0.46	  -0.04	  -8.88
  -0.61	   0.57	  -9.96
  -0.15	   0.73	  -9.19
   0.62	   1.34	  -9.64
   0.77	   1.34	  -9.49
   0.46	   1.19	  -9.34
   0.62	   1.34	  -9.95
   0.77	   0.88	  -9.49
   0.62	   0.73	  -9.64
   0.61	   0.42	  -9.64
   0.77	   0.42	  -9.49
   0.61	   0.27	  -9.64
   0.46	   0.27	  -9.64
  -0.15	  -0.04	  -9.19
  -1.38	  -0.50	 -10.26
  -1.84	   0.88	  -9.50
  -1.22	   2.26	  -9.19
  -0.15	   1.34	  -8.73
  -1.22	   0.73	  -9.80
  -1.07	  -0.65	  -8.73
  -0.92	   0.42	  -9.65
  -1.38	   0.27	  -9.65
  -1.53	   0.42	  -9.50
  -1.37	   0.88	  -9.81
  -1.38	   0.88	  -9.50
  -1.38	   0.57	  -9.65
  -1.99	   0.27	  -9.04
  -0.92	   0.11	  -9.50
  -1.07	  -0.04	  -9.35
  -0.61	   1.34	  -9.65
  -0.01	  -1.11	  -9.34
  -0.01	  -1.57	  -9.49
  -0.62	  -1.87	  -9.19
  -0.31	  -1.87	  -8.88
  -0.62	  -2.03	  -9.04
  -0.77	  -0.35	  -9.96
  -0.76	   0.42	  -9.80
  -0.92	  -0.04	  -9.34
  -1.07	   1.34	  -9.34
  -1.53	   0.12	  -9.50
  -1.38	   0.73	  -8.28
  -1.07	   0.58	  -8.73
  -1.22	   1.03	  -9.35
  -1.07	   1.03	  -9.50
  -0.76	   0.73	  -8.58
  -2.14	  -0.04	  -9.66
  -1.84	   0.58	  -9.35
  -1.07	   1.19	  -9.34
  -1.22	   0.27	  -9.04
  -1.07	   1.03	  -9.50
  -1.38	   0.42	  -9.50
  -1.53	   0.42	  -8.73
  -0.76	   0.73	  -8.58
  -1.22	   0.88	  -9.50
  -0.76	   0.73	  -9.19
  -0.61	  -0.50	  -9.65
  -1.22	   0.43	  -8.43
  -1.99	   1.03	  -9.81
  -1.68	   0.88	  -9.35
  -1.84	   0.42	  -9.35
  -1.68	   1.34	  -9.35
  -1.68	   0.12	  -9.35
  -2.44	   1.49	 -10.12
  -1.68	   1.34	  -9.19
  -1.38	   0.88	  -9.19
  -1.07	  -0.19	  -9.96
  -0.76	   1.49	  -9.34
  -1.53	   0.73	  -9.19
  -1.37	   1.19	  -9.35
  -1.37	   1.34	  -9.50
  -1.22	   1.49	  -9.50
  -1.53	   1.03	  -9.35
  -1.53	   0.88	  -9.35
  -1.53	   0.88	  -9.35
  -1.53	   0.42	  -9.19
  -1.68	   1.18	 -10.42
  -2.29	   2.88	  -8.28
  -1.37	   1.49	  -9.65
  -1.07	   1.49	  -9.34
  -0.92	   0.42	  -9.50
  -1.23	   0.11	  -9.65
  -0.31	  -0.34	  -9.34
  -0.46	  -0.19	  -9.34
  -0.46	  -0.04	  -9.50
  -0.46	  -0.04	  -9.50
  -0.46	  -0.04	  -9.34
  -0.46	  -0.50	  -9.50
  -0.61	   0.27	  -9.80
  -0.92	   0.73	  -9.80
  -0.76	   0.73	  -9.34
  -0.30	   0.88	  -9.65
   0.46	   0.73	  -9.34
   0.15	   0.42	  -9.65
   0.00	   0.88	  -9.80
  -0.15	   0.73	  -9.65
  -0.30	   0.57	 -10.41
  -0.45	   1.34	  -8.88
  -0.46	   0.12	  -9.50
  -0.15	   0.11	  -9.65
   0.31	   0.73	  -9.49
   0.16	   1.03	  -9.65
   0.00	   0.88	  -9.65
  -0.76	   0.88	  -9.50
  -0.45	   1.49	  -9.80
  -0.15	   1.34	  -9.34
  -0.15	   1.03	  -9.49
  -0.15	   1.34	  -9.34
   0.00	   1.34	  -9.49
   0.00	   1.03	  -9.80
  -0.15	   0.88	  -9.49
   0.16	   1.49	  -9.49
   0.00	   1.19	  -9.80
  -0.15	   0.88	  -9.65
   0.31	   1.34	  -9.49
   0.16	   0.73	  -9.49
   0.31	   1.03	  -9.80
  -0.31	   0.27	  -9.65
   0.46	   0.88	  -9.49
   0.16	   0.88	  -9.65
   0.46	   0.88	  -9.34
   0.31	   1.03	  -9.80
   0.31	   0.73	  -9.49
   0.62	   0.88	  -9.34
   0.46	   0.88	  -9.64
   0.62	   0.88	  -9.64
   0.31	   0.73	  -9.80
   0.31	   0.73	  -9.65
   0.31	   0.73	  -9.80
   0.46	   0.73	  -9.65
   0.31	   0.58	  -9.49
  -0.15	   0.57	  -9.65
  -0.15	   0.73	  -9.49
  -0.30	   1.19	  -9.65
  -0.46	   0.58	  -9.50
  -0.15	   0.57	  -9.49
  -0.15	   0.73	  -9.65
  -0.31	   0.11	  -9.49
  -0.31	   0.42	  -9.80
  -0.46	   0.73	  -9.50
  -0.30	   0.57	  -9.65
  -0.15	   0.57	  -9.49
  -0.15	   0.57	  -9.65
  -0.31	   0.42	  -9.65
  -0.15	   0.57	  -9.65
  -0.15	   0.27	  -9.65
  -0.00	  -0.04	  -9.65
   0.15	   0.57	  -9.49
   0.31	   0.88	  -9.95
   0.31	   0.58	  -9.65
   0.16	   0.73	  -9.49
   0.31	   0.73	  -9.65
   0.16	   0.73	  -9.65
   0.16	   0.73	  -9.65
   0.31	   1.03	  -9.65
   0.31	   2.56	 -10.72
   0.15	   0.42	  -9.19
  -0.61	   0.11	  -9.95
  -0.92	   0.27	  -8.88
  -0.31	   0.11	  -9.95
  -0.76	   0.42	  -9.65
  -0.61	   0.57	  -9.65
  -1.23	   0.11	  -9.96
   0.31	   0.27	  -9.34
  -0.61	  -0.04	  -9.65
  -0.77	  -0.04	  -9.34
  -0.61	   0.27	  -9.50
  -0.15	   0.12	  -9.49
  -0.61	  -0.04	  -9.50
  -0.00	  -0.04	  -9.49
  -0.15	  -0.04	  -9.49
   0.30	  -0.35	  -9.80
  -1.07	  -0.34	  -9.65
  -0.61	   0.58	  -8.73
  -0.92	   0.42	  -9.65
   0.00	   0.11	  -9.65
   0.15	  -0.04	  -9.49
  -0.00	  -0.34	  -9.65
   0.15	  -0.04	  -9.95
  -0.31	   0.12	  -9.34
  -0.61	   0.58	  -9.19
  -1.68	   0.11	  -9.81
  -1.53	  -0.80	  -9.50
  -1.69	  -0.65	  -9.04
  -1.84	  -0.34	  -9.04
  -2.76	  -0.19	  -8.89
  -2.45	   0.12	  -8.89
  -2.91	  -0.19	  -9.20
  -2.30	  -0.04	  -8.74
  -2.60	   0.73	  -9.04
  -2.60	   0.12	  -8.89
  -2.60	  -0.04	  -9.20
  -2.91	  -0.19	  -9.05
  -2.60	   0.42	  -9.35
  -2.45	  -0.04	  -8.89
  -2.60	   0.12	  -8.89
  -2.60	   0.12	  -8.74
  -2.60	   0.12	  -8.74
  -2.60	   0.27	  -9.50
  -2.91	   0.12	  -8.89
  -2.60	   0.43	  -7.82
  -2.76	   0.11	  -9.81
  -2.76	   0.43	  -8.13
  -2.60	   0.58	  -9.20
  -2.75	   1.19	  -9.35
  -2.91	   0.73	  -8.89
  -2.75	   1.04	  -9.20
  -2.75	   1.04	  -8.74
  -2.91	   0.42	  -9.05
  -2.60	   0.42	  -8.74
  -2.91	   0.27	  -9.05
  -2.60	   0.27	  -8.74
  -2.76	   0.12	  -9.35
  -2.60	   0.42	  -8.74
  -2.76	   0.42	  -9.35
  -2.60	   0.42	  -9.20
  -2.76	   0.42	  -9.05
  -2.60	   0.58	  -9.20
  -2.60	   0.73	  -8.89
  -2.75	   1.19	  -8.89
  -2.75	   1.04	  -9.20
  -2.45	   0.73	  -8.89
  -2.91	   0.73	  -9.05
  -2.91	   1.19	  -9.20
  -2.60	   1.04	  -8.74
  -2.75	   1.19	  -9.20
  -2.60	   1.19	  -8.74
  -2.60	   1.19	  -8.89
  -2.75	   1.34	  -9.04
  -2.75	   1.50	  -8.89
  -2.75	   1.50	  -8.89
  -2.60	   1.50	  -9.04
  -2.75	   1.50	  -8.89
  -2.75	   1.65	  -8.89
  -2.75	   1.65	  -9.05
  -2.75	   1.65	  -8.89
  -2.75	   1.65	  -9.05
  -2.60	   1.80	  -8.89
  -2.90	   1.80	  -9.20
  -2.75	   1.80	  -8.89
  -2.75	   1.80	  -9.05
  -2.75	   1.80	  -9.20
  -2.60	   1.65	  -8.89
  -2.75	   1.80	  -8.89
  -2.75	   1.50	  -9.05
  -2.75	   0.88	  -9.05
  -2.60	   0.73	  -9.20
  -2.60	   0.88	  -9.04
  -2.75	   0.58	  -9.20
  -2.76	   0.42	  -9.05
  -2.60	   0.27	  -9.04
  -2.76	   0.12	  -9.05
  -2.76	  -0.19	  -9.05
  -2.60	   0.12	  -9.35
  -2.60	   0.42	  -9.04
  -2.76	   0.27	  -9.20
  -2.76	   0.27	  -9.20
  -2.75	   0.58	  -9.51
  -2.75	   0.88	  -9.50
  -2.75	   1.04	  -8.89
  -2.75	   0.88	  -9.05
  -2.91	   1.04	  -9.05
  -2.60	   1.04	  -9.05
  -2.75	   1.04	  -9.05
  -2.91	   1.34	  -9.05
  -2.75	   1.19	  -9.20
  -2.60	   1.34	  -9.35
  -2.90	   1.34	  -9.05
  -2.60	   1.50	  -8.89
  -2.60	   1.50	  -9.04
  -2.75	   1.34	  -9.20
  -2.60	   1.50	  -9.04
  -2.90	   1.65	  -8.89
  -2.60	   1.80	  -9.05
  -2.75	   1.80	  -9.04
  -2.90	   1.65	  -9.20
  -2.75	   1.80	  -8.89
  -2.60	   1.80	  -9.05
  -2.60	   1.95	  -9.04
  -2.75	   1.80	  -9.20
  -2.60	   1.65	  -8.89
  -2.75	   1.80	  -9.05
  -2.75	   1.65	  -9.20
  -2.60	   1.65	  -8.89
  -2.60	   1.80	  -9.04
  -2.75	   1.65	  -9.05
  -2.60	   1.65	  -9.04
  -2.60	   1.65	  -9.04
  -2.60	   1.50	  -8.89
  -2.60	   1.50	  -9.04
  -2.44	   1.50	  -9.04
  -2.60	   1.49	  -9.04
  -2.75	   1.50	  -8.89
  -2.60	   1.65	  -9.04
  -2.60	   1.50	  -9.04
  -2.60	   1.65	  -9.04
  -2.75	   1.65	  -9.05
  -2.60	   1.65	  -9.04
  -2.75	   1.65	  -8.89
  -2.75	   1.80	  -9.05
  -2.60	   1.80	  -9.04
  -2.75	   1.80	  -9.05
  -2.75	   1.80	  -9.20
  -2.60	   1.80	  -9.04
  -2.75	   1.95	  -9.05
  -2.75	   1.80	  -9.04
  -2.75	   1.80	  -9.05
  -2.75	   1.80	  -9.04
  -2.75	   1.80	  -8.89
  -2.75	   1.80	  -9.20
  -2.60	   1.65	  -9.20
  -2.60	   1.50	  -9.04
  -2.60	   1.65	  -9.04
  -2.75	   1.65	  -9.04
  -2.60	   1.65	  -8.89
  -2.75	   1.65	  -9.20
  -2.60	   1.65	  -8.89
  -2.60	   1.65	  -9.04
  -2.60	   1.65	  -9.04
  -2.60	   1.65	  -9.04
  -2.60	   1.65	  -9.04
  -2.75	   1.65	  -9.05
  -2.60	   1.65	  -9.04
  -2.75	   1.65	  -9.04
  -2.75	   1.65	  -9.04
  -2.60	   1.50	  -9.04
  -2.60	   1.50	  -9.04
  -2.60	   1.34	  -9.20
  -2.60	   1.19	  -9.04
  -2.60	   0.88	  -9.20
  -2.75	   1.34	  -9.20
  -2.45	  -0.04	  -9.20
  -2.45	   1.04	  -8.89
  -2.45	   0.88	  -9.20
  -2.60	   0.88	  -9.04
  -2.60	   0.88	  -9.20
  -2.45	   0.88	  -9.04
  -2.60	   0.88	  -9.04
  -2.45	   0.88	  -9.04
  -2.45	   0.88	  -9.20
  -2.60	   0.88	  -9.04
  -2.60	   0.88	  -9.04
  -2.60	   0.88	  -9.20
  -2.45	   0.88	  -9.04
  -2.45	   0.88	  -9.04
  -2.45	   0.88	  -9.20
  -2.60	   0.88	  -9.04
  -2.60	   0.88	  -9.20
  -2.60	   0.88	  -9.20
  -2.45	   0.88	  -9.04
  -2.60	   0.88	  -9.20
  -2.45	   0.88	  -9.04
  -2.45	   0.88	  -9.04
  -2.45	   0.88	  -8.89
  -2.45	   0.88	  -9.20
  -2.60	   0.88	  -9.20
  -2.60	   0.88	  -9.04
  -2.60	   0.88	  -9.04
  -2.45	   0.88	  -9.20
  -2.60	   0.88	  -9.04
  -2.45	   0.88	  -9.04
  -2.45	   0.88	  -9.04
  -2.60	   0.88	  -9.20
  -2.60	   0.88	  -9.04
  -2.45	   0.88	  -9.04
  -2.60	   0.88	  -9.20
  -2.45	   0.88	  -9.20
  -2.60	   0.88	  -9.04
  -2.45	   0.73	  -9.20
  -2.60	   0.88	  -9.04
  -2.60	   0.88	  -9.20
  -2.45	   0.88	  -9.04
  -2.60	   0.88	  -9.20
  -2.60	   0.88	  -9.04
  -2.60	   0.88	  -9.20
  -2.60	   0.88	  -9.20
  -2.45	   0.88	  -9.04
  -2.60	   0.73	  -9.20
  -2.60	   0.88	  -9.04
  -2.45	   0.73	  -9.04
  -2.60	   0.73	  -9.20
  -2.60	   0.88	  -9.04
  -2.60	   0.88	  -9.20
  -2.60	   0.88	  -9.04
  -2.60	   0.88	  -9.04
  -2.75	   0.88	  -9.20
  -3.52	   0.12	  -8.74
  -2.60	   0.73	  -9.04
  -2.60	   0.88	  -9.04
  -2.60	   0.73	  -9.20
  -2.75	   0.73	  -9.20
  -2.75	   1.03	  -9.51
  -3.21	   0.42	  -9.20
  -2.14	   1.03	  -9.35
  -0.61	   1.65	  -8.88
  -0.15	   1.80	  -9.95
  -0.30	   1.49	  -9.95
   0.00	   1.34	  -9.34
   0.47	   1.80	  -9.65
   0.16	   1.04	  -9.34
   0.16	   1.49	  -9.65
   0.01	   1.49	  -9.80
  -0.30	   0.88	  -9.19
  -0.61	   2.10	  -9.80
  -0.76	   1.50	  -9.04
  -1.37	   1.34	  -8.58
  -2.29	   0.88	  -8.74
  -2.45	   1.04	  -8.89
  -2.60	   0.88	  -9.04
  -2.75	   0.88	  -9.04
  -2.75	   1.04	  -9.05
  -2.75	   0.88	  -9.05
  -2.60	   0.88	  -9.05
  -2.60	   0.88	  -9.04
  -2.60	   0.88	  -9.04
  -2.60	   0.88	  -9.04
  -2.60	   0.88	  -9.04
  -2.75	   0.88	  -9.04
  -2.75	   1.04	  -9.05
  -2.60	   0.88	  -9.20
  -2.75	   0.88	  -9.04
  -2.75	   0.88	  -9.05
  -2.75	   0.88	  -9.20
  -2.75	   0.88	  -9.05
  -2.60	   0.88	  -9.04
  -2.75	   0.88	  -9.05
  -2.60	   0.88	  -9.04
  -2.60	   0.88	  -9.05
  -2.60	   0.88	  -9.04
  -2.60	   0.88	  -9.20
  -2.75	   0.88	  -9.05
  -2.60	   0.88	  -9.05
  -2.60	   0.88	  -9.04
  -2.60	   0.88	  -9.04
  -2.60	   0.88	  -9.20
  -2.75	   0.88	  -9.04
  -2.60	   0.88	  -9.04
  -2.60	   0.73	  -9.04
  -2.60	   0.58	  -9.20
  -2.60	   0.42	  -9.04
  -2.60	   0.42	  -9.04
  -2.76	   0.27	  -9.04
  -2.76	   0.12	  -9.20
  -2.60	   0.12	  -9.04
  -2.76	  -0.04	  -9.05
  -2.60	  -0.19	  -9.05
  -2.60	  -0.19	  -9.05
  -2.60	  -0.34	  -9.05
  -2.60	  -0.34	  -9.05
  -2.60	  -0.34	  -9.05
  -2.76	  -0.34	  -9.05
  -2.76	  -0.34	  -9.20
  -2.76	  -0.50	  -9.20
  -2.76	  -0.34	  -9.20
  -2.60	  -0.34	  -9.20
  -2.45	  -0.50	  -9.04
  -2.60	  -0.34	  -9.20
  -2.60	  -0.34	  -9.05
  -2.60	  -0.34	  -9.05
  -2.60	  -0.34	  -9.05
  -2.61	  -0.50	  -9.20
  -2.61	  -0.34	  -9.20
  -2.76	  -0.34	  -8.89
  -2.76	  -0.34	  -8.89
  -2.60	  -0.34	  -9.20
  -2.45	  -0.34	  -9.05
  -2.76	  -0.34	  -8.89
  -2.76	  -0.34	  -9.05
  -2.60	  -0.34	  -9.20
  -2.76	  -0.34	  -9.05
  -2.45	  -0.34	  -9.20
  -2.60	  -0.34	  -9.05
  -2.76	  -0.19	  -9.20
  -2.60	  -0.19	  -9.05
  -2.76	  -0.04	  -8.89
  -2.45	  -0.04	  -9.35
  -2.45	  -0.04	  -9.20
  -2.76	   0.12	  -8.89
  -2.60	  -0.03	  -8.89
  -2.60	  -0.04	  -9.04
  -2.76	  -0.04	  -9.20
  -2.91	   0.12	  -9.05
  -2.76	   0.12	  -8.74
  -2.76	   0.42	  -9.05
  -2.76	   0.12	  -8.74
  -3.06	   0.27	  -9.66
  -2.91	   0.27	  -9.20
  -2.91	   0.27	  -8.59
  -3.06	   0.12	  -9.81
  -3.22	   0.12	  -9.35
  -2.45	   0.42	  -8.89
  -3.06	   0.27	  -9.20
  -2.76	   0.42	  -8.74
  -3.37	   0.58	  -8.89
  -2.45	   0.42	  -8.89
  -2.60	   0.88	  -9.20
  -2.60	   0.88	  -8.59
  -2.75	   0.88	  -9.66
  -2.60	   0.73	  -8.59
  -2.75	   0.73	  -9.35
  -2.60	   0.58	  -9.20
  -2.60	   0.73	  -8.43
  -2.75	   0.88	  -9.81
  -2.60	   0.73	  -8.89
  -2.75	   0.73	  -8.89
  -2.45	   0.73	  -9.04
  -2.91	   0.73	  -9.05
  -2.60	   0.73	  -9.50
  -2.76	   0.42	 -10.27
  -2.60	   0.58	  -9.35
  -2.60	   0.88	  -8.89
  -2.60	   0.73	  -9.05
  -2.60	   0.73	  -9.04
  -2.60	   0.58	  -8.74
  -2.60	   0.88	  -9.35
  -2.75	   0.73	  -8.89
  -2.75	   0.58	  -9.05
  -2.75	   0.73	  -9.05
  -2.60	   0.58	  -9.20
  -2.75	   0.73	  -8.74
  -2.91	   0.73	  -9.20
  -2.60	   0.73	  -8.89
  -2.60	   0.73	  -9.20
  -2.75	   0.73	  -9.04
  -2.60	   0.73	  -9.04
  -2.60	   0.73	  -9.05
  -2.75	   0.73	  -9.05
  -2.75	   0.73	  -9.35
  -2.60	   0.88	  -8.74
  -2.75	   0.73	  -9.20
  -2.60	   0.73	  -9.20
  -2.75	   0.88	  -9.20
  -2.60	   0.73	  -9.20
  -2.60	   0.73	  -9.04
  -2.75	   0.88	  -9.05
  -2.60	   0.73	  -9.04
  -2.75	   0.73	  -9.20
  -2.60	   0.58	  -9.04
  -2.76	   0.42	  -9.05
  -2.76	   0.42	  -9.05
  -2.60	   0.27	  -9.04
  -2.91	   0.42	  -9.05
  -2.60	   0.42	  -9.20
  -2.60	   0.42	  -9.04
  -2.76	   0.42	  -9.05
  -2.60	   0.42	  -9.04
  -2.76	   0.42	  -9.05
  -2.76	   0.42	  -9.04
  -2.60	   0.42	  -9.20
  -2.76	   0.42	  -9.20
  -2.76	   0.42	  -9.20
  -2.75	   0.42	  -9.20
  -2.75	   0.58	  -9.20
  -2.60	   0.42	  -8.89
  -2.75	   0.58	  -8.89
  -2.60	   0.58	  -9.20
  -2.75	   0.58	  -9.20
  -2.60	   0.58	  -9.04
  -2.75	   0.58	  -9.35
  -2.60	   0.58	  -8.89
  -2.75	   0.73	  -9.05
  -2.60	   0.58	  -9.04
  -2.60	   0.73	  -8.89
  -2.75	   0.73	  -8.59
  -2.60	   0.73	  -9.20
  -2.60	   0.73	  -9.04
  -2.91	   0.73	  -9.66
  -2.45	   0.73	  -9.20
  -2.75	   0.57	  -9.20
  -2.60	   0.88	  -8.89
  -2.60	   0.73	  -9.20
  -2.75	   0.73	  -8.89
  -2.60	   0.73	  -8.59
  -2.75	   0.88	  -9.04
  -2.60	   0.73	  -9.04
  -2.60	   0.88	  -9.35
  -2.60	   0.88	  -8.89
  -2.75	   0.88	  -8.59
  -2.75	   0.88	  -9.66
  -2.60	   1.04	  -9.04
  -2.60	   0.73	  -8.74
  -2.75	   0.73	  -9.51
  -2.45	   1.19	  -8.89
  -2.75	   1.34	  -8.74
  -2.60	   1.19	  -9.04
  -2.60	   1.19	  -9.50
  -2.60	   1.50	  -8.89
  -2.44	   1.50	  -8.89
  -2.75	   1.34	  -9.20
  -2.60	   1.34	  -9.35
  -2.60	   1.49	  -9.04
  -2.75	   1.49	  -9.20
  -2.60	   1.50	  -8.89
  -2.75	   1.34	  -9.04
  -2.75	   1.19	  -9.20
  -2.60	   0.73	  -8.89
  -2.75	   0.88	  -9.05
  -2.60	   0.73	  -9.20
  -2.60	   1.04	  -9.20
  -2.75	   0.88	  -9.04
  -2.91	   0.88	  -9.20
  -2.60	   0.73	  -8.89
  -2.91	   0.57	  -9.35
  -3.06	   0.58	  -9.20
  -2.91	   0.73	  -9.05
  -2.45	   0.88	  -9.20
  -2.75	   0.88	  -9.20
  -2.60	   0.73	  -9.20
  -2.75	   0.73	  -9.20
  -2.45	   0.88	  -9.04
  -2.75	   1.04	  -8.74
  -2.75	   0.73	  -9.35
  -2.60	   0.73	  -9.50
  -2.45	   0.73	  -8.89
  -2.75	   0.73	  -9.35
  -2.45	   0.88	  -8.74
  -2.60	   0.88	  -9.20
  -2.75	   0.73	  -9.20
  -2.75	   0.73	  -9.05
  -2.60	   0.88	  -9.05
  -2.60	   0.73	  -9.20
  -2.75	   0.73	  -9.05
  -2.91	   1.19	  -8.89
  -2.60	   0.88	  -8.89
  -2.75	   0.58	  -8.89
  -2.91	   0.88	  -9.05
  -2.60	   1.04	  -8.74
  -2.75	   1.19	  -9.20
  -2.60	   1.34	  -8.74
  -2.75	   1.50	  -8.89
  -2.75	   1.65	  -9.35
  -2.60	   1.65	  -8.89
  -2.75	   1.49	  -9.20
  -2.60	   1.65	  -9.04
  -2.75	   1.65	  -8.59
  -2.75	   1.65	  -9.20
  -2.75	   1.65	  -8.89
  -2.60	   1.65	  -8.89
  -2.75	   1.80	  -9.05
  -2.60	   1.80	  -8.89
  -2.60	   1.80	  -9.04
  -2.75	   1.80	  -9.20
  -2.75	   1.65	  -8.89
  -2.60	   1.95	  -9.04
  -2.60	   1.80	  -9.04
  -2.75	   1.80	  -9.05
  -2.60	   1.80	  -9.04
  -2.60	   1.80	  -9.04
  -2.60	   1.65	  -9.04
  -2.60	   1.65	  -9.04
  -2.60	   1.65	  -9.50
  -2.60	   1.65	  -9.04
  -2.75	   1.65	  -8.89
  -2.44	   1.65	  -9.04
  -2.60	   1.65	  -9.04
  -2.90	   1.65	  -9.20
  -2.75	   1.80	  -9.05
  -2.75	   1.80	  -9.20
  -2.60	   1.80	  -8.89
  -2.75	   1.49	  -9.20
  -2.75	   1.80	  -9.05
  -2.75	   1.80	  -9.05
  -2.75	   1.65	  -9.05
  -2.60	   1.65	  -8.89
  -2.60	   1.80	  -9.05
  -2.90	   1.96	  -8.74
  -2.75	   1.65	  -8.89
  -2.60	   1.34	  -9.04
  -2.60	   1.65	  -9.04
  -2.60	   1.50	  -8.89
  -2.60	   1.65	  -9.04
  -2.44	   1.65	  -9.04
  -2.75	   1.65	  -9.05
  -2.60	   1.65	  -8.89
  -2.60	   1.65	  -9.04
  -2.90	   1.80	  -9.05
  -2.60	   1.80	  -9.04
  -2.60	   1.65	  -9.04
  -2.60	   1.50	  -9.20
  -2.60	   1.65	  -9.20
  -2.60	   1.50	  -9.04
  -2.60	   1.49	  -8.89
  -2.75	   1.65	  -9.20
  -2.60	   1.65	  -8.89
  -2.60	   1.65	  -9.04
  -2.60	   1.65	  -9.04
  -2.60	   1.50	  -8.89
  -2.60	   1.50	  -9.04
  -2.60	   1.50	  -9.04
  -2.60	   1.50	  -9.04
  -2.60	   1.34	  -9.04
  -2.60	   1.19	  -8.89
  -2.60	   1.19	  -9.04
  -2.60	   0.73	  -9.20
  -2.60	   1.34	  -9.04
  -2.91	   0.58	  -9.35
  -2.60	   0.58	  -8.89
  -2.60	   0.73	  -9.04
  -2.76	   0.42	  -9.05
  -2.60	   0.73	  -9.04
  -2.60	   0.73	  -9.04
  -2.60	   0.73	  -9.04
  -2.60	   0.73	  -8.89
  -2.60	   0.58	  -9.04
  -2.60	   0.73	  -9.20
  -2.60	   0.73	  -9.20
  -2.60	   0.73	  -9.20
  -2.60	   0.73	  -9.20
  -2.60	   0.73	  -9.04
  -2.75	   0.88	  -9.05
  -2.75	   0.73	  -9.05
  -2.75	   0.88	  -9.20
  -2.60	   0.58	  -9.20
  -2.75	   0.73	  -8.89
  -2.60	   0.73	  -8.89
  -2.60	   0.73	  -9.20
  -2.45	   0.73	  -8.89
  -2.45	   0.88	  -9.20
  -2.60	   0.88	  -9.04
  -2.76	   0.42	  -9.05
  -2.45	   1.19	  -9.04
  -2.60	   0.88	  -9.04
  -2.75	   0.58	  -9.04
  -2.75	   0.88	  -9.05
  -2.75	   0.88	  -9.05
  -2.75	   1.04	  -9.05
  -2.75	   0.88	  -9.05
  -2.75	   1.04	  -9.05
  -2.60	   1.19	  -9.04
  -2.75	   1.04	  -9.05
  -2.75	   0.73	  -8.89
  -2.45	   0.73	  -9.04
  -2.45	   0.58	  -9.04
  -2.45	   0.73	  -9.04
  -2.45	   0.58	  -8.89
  -2.60	   0.73	  -8.89
  -2.60	   0.73	  -9.20
  -2.75	   0.88	  -9.05
  -2.60	   0.73	  -8.89
  -2.60	   0.58	  -9.05
  -2.60	   0.27	  -9.04
  -2.60	   0.12	  -8.59
  -2.60	   0.42	  -9.04
  -2.75	   0.58	  -9.20
  -2.75	   0.58	  -9.05
  -2.60	   0.42	  -9.04
  -2.60	   0.58	  -9.04
  -2.75	   0.58	  -8.89
  -2.60	   0.58	  -8.89
  -2.75	   0.58	  -8.89
  -2.75	   0.58	  -9.05
  -2.75	   0.58	  -9.05
  -2.91	   0.58	  -9.05
  -2.75	   0.42	  -9.05
  -2.60	   0.58	  -9.04
  -2.76	   0.42	  -9.05
  -2.76	   0.42	  -8.89
  -2.60	   0.42	  -9.05
  -2.75	   0.42	  -9.05
  -2.75	   0.58	  -9.20
  -2.75	   0.58	  -8.89
  -2.76	   0.42	  -9.05
  -2.91	   0.42	  -9.05
  -2.60	   0.42	  -8.89
  -2.60	   0.58	  -9.04
  -2.75	   0.58	  -9.20
  -2.91	   0.58	  -9.05
  -2.75	   0.58	  -9.05
  -2.75	   0.58	  -9.05
  -2.75	   0.58	  -9.05
  -2.75	   0.58	  -9.20
  -2.60	   0.58	  -9.05
  -2.75	   0.58	  -9.05
  -2.75	   0.42	  -9.05
  -2.75	   0.58	  -9.05
  -2.75	   0.58	  -9.05
  -2.76	   0.42	  -9.05
  -2.76	   0.58	  -8.74
  -2.76	   0.42	  -9.20
  -2.75	   0.58	  -9.05
  -2.75	   0.42	  -9.05
  -2.75	   0.58	  -9.05
  -2.75	   0.58	  -9.05
  -2.60	   0.58	  -9.04
  -2.91	   0.58	  -9.05
  -2.91	   0.58	  -9.05
  -2.75	   0.58	  -9.05
  -2.75	   0.58	  -8.89
  -2.75	   0.58	  -9.05
  -2.75	   0.58	  -9.05
  -2.76	   0.42	  -9.05
  -2.76	   0.58	  -9.05
  -2.76	   0.42	  -9.05
  -2.75	   0.58	  -9.05
  -2.76	   0.42	  -9.05
  -2.76	   0.42	  -9.05
  -2.76	   0.42	  -9.05
  -2.75	   0.58	  -9.20
  -2.91	   0.58	  -9.05
  -2.76	   0.42	  -9.05
  -2.76	   0.42	  -8.89
  -2.75	   0.58	  -9.05
  -1.99	   0.73	  -9.04
  -2.75	   0.58	  -9.05
  -2.75	   0.58	  -9.20
  -2.76	   0.27	  -9.05
  -2.76	   0.42	  -8.89
  -2.76	   0.12	  -9.20
  -2.60	  -0.04	  -9.05
  -2.60	  -0.04	  -9.20
  -2.76	  -0.04	  -9.05
  -2.76	  -0.19	  -9.05
  -2.60	  -0.34	  -9.05
  -2.76	  -0.34	  -9.20
  -2.61	  -0.65	  -9.05
  -2.76	  -0.65	  -9.05
  -2.45	  -0.49	  -8.89
  -2.76	  -0.50	  -9.05
  -2.76	  -0.34	  -9.20
  -2.61	  -0.65	  -8.89
  -2.60	  -0.49	  -9.05
  -2.76	  -0.50	  -9.05
  -2.76	  -0.65	  -9.20
  -2.76	  -0.50	  -9.20
  -2.76	  -0.50	  -9.05
  -2.76	  -0.50	  -9.20
  -2.76	  -0.34	  -9.05
  -2.61	  -0.50	  -9.35
  -2.76	  -0.50	  -9.20
  -2.91	  -0.50	  -9.05
  -2.61	  -0.50	  -9.20
  -2.61	  -0.50	  -9.20
  -2.76	  -0.34	  -8.89
  -2.76	  -0.34	  -8.89
  -2.76	  -0.49	  -8.89
  -2.76	  -0.50	  -9.20
  -2.76	  -0.50	  -9.20
  -2.76	  -0.34	  -9.05
  -2.76	  -0.50	  -9.05
  -2.45	  -0.34	  -9.35
  -2.76	  -0.34	  -9.05
  -3.06	  -0.19	  -8.74
  -2.60	  -0.34	  -9.05
  -2.60	  -0.19	  -8.89
  -2.60	  -0.19	  -8.74
  -2.91	  -0.04	  -9.05
  -2.30	  -0.19	  -8.89
  -2.60	  -0.19	  -8.89
  -2.76	  -0.04	  -8.89
  -2.76	  -0.19	  -9.05
  -2.45	  -0.04	  -9.20
  -2.76	  -0.04	  -9.05
  -2.60	   0.12	  -9.20
  -2.60	  -0.04	  -9.05
  -2.30	   0.12	  -9.35
  -2.76	   0.12	  -9.05
  -2.45	   0.12	  -9.35
  -2.60	  -0.04	  -9.20
  -2.60	   0.12	  -9.20
  -2.45	   0.12	  -9.20
  -2.60	   0.12	  -9.20
  -2.45	   0.12	  -9.20
  -2.45	   0.12	  -8.74
  -2.60	   0.12	  -9.20
  -2.60	   0.27	  -9.20
  -2.45	   0.27	  -9.04
  -2.60	   0.42	  -9.04
  -2.60	   0.42	  -9.20
  -2.60	   0.42	  -9.20
  -2.45	   0.58	  -8.89
  -2.76	   0.42	  -9.66
  -2.60	   0.58	  -9.35
  -2.60	   0.58	  -8.43
  -2.60	   0.58	  -8.74
  -2.60	   0.58	  -9.04
  -2.91	   0.58	  -9.35
  -2.60	   0.58	  -9.20
  -2.75	   0.73	  -8.89
  -2.75	   0.73	  -8.89
  -3.06	   1.04	  -9.05
  -2.45	   0.73	  -9.04
  -2.60	   0.73	  -9.05
  -2.60	   0.73	  -8.74
  -2.60	   0.73	  -9.04
  -2.60	   0.88	  -9.04
  -2.45	   0.73	  -8.58
  -2.91	   0.73	  -9.51
  -2.45	   0.58	  -9.20
  -2.91	   1.04	  -9.51
  -2.75	   1.19	  -9.05
  -2.60	   1.19	  -9.20
  -2.75	   1.04	  -8.74
  -2.75	   1.19	  -9.05
  -2.60	   1.34	  -8.89
  -2.75	   1.65	  -9.05
  -2.75	   1.34	  -9.05
  -2.60	   1.34	  -9.20
  -2.60	   1.34	  -9.20
  -2.60	   1.34	  -9.04
  -2.60	   1.49	  -9.20
  -2.60	   1.50	  -9.20
  -2.60	   1.49	  -9.35
  -2.60	   1.65	  -9.20
  -2.45	   1.34	  -9.20
  -2.60	   0.73	  -9.20
  -2.60	   0.73	  -9.20
  -2.76	   0.27	  -9.05
  -2.76	   0.27	  -9.20
  -2.91	  -0.04	  -9.20
  -2.76	  -0.04	  -9.51
  -2.76	   0.12	  -8.89
  -2.60	   0.12	  -9.20
  -2.45	  -0.04	  -9.50
  -2.76	   0.27	  -9.05
  -2.76	   0.12	  -8.59
  -2.91	   0.27	  -9.20
  -2.91	   0.27	  -8.59
  -3.06	   0.42	  -9.81
  -2.76	   0.11	  -9.66
  -2.91	   0.12	  -8.43
  -2.45	   0.27	  -8.28
  -3.06	   0.12	  -9.20
  -2.75	   0.43	  -8.28
  -2.60	   0.42	  -9.50
  -2.60	   0.43	  -9.20
  -2.60	   0.42	  -9.04
  -2.76	   0.43	  -8.43
  -2.60	   0.43	  -8.74
  -2.60	   0.27	  -8.28
  -2.45	   0.73	  -8.89
  -2.75	   0.57	  -9.96
  -2.75	   0.42	  -9.05
  -2.45	   0.73	  -9.04
  -2.76	   0.58	  -8.43
  -2.30	   0.57	  -9.66
  -2.45	   0.12	  -7.97
  -2.30	   0.42	  -9.35
  -2.91	   0.58	  -8.89
  -2.45	   0.27	  -8.12
  -2.91	   0.88	  -9.96
  -2.75	   0.88	  -9.20
  -2.75	   1.04	  -9.66
  -2.76	   0.57	 -10.12
  -2.75	   0.88	  -9.81
  -2.45	   0.88	  -9.50
  -2.91	   0.73	  -9.50
  -2.91	   0.42	 -10.27
  -2.60	   0.27	  -9.04
  -2.45	   0.27	  -8.89
  -2.76	   0.12	  -9.50
  -2.60	   0.27	  -8.89
  -2.60	   0.27	 -10.12
  -2.14	   0.42	  -8.58
  -2.30	   0.27	  -8.74
  -2.76	   0.12	  -9.96
  -2.45	   0.88	  -9.35
  -2.45	   0.73	  -9.66
  -2.45	   0.89	  -8.28
  -2.45	   0.73	  -8.74
  -2.60	   0.58	  -8.89
  -2.60	   0.73	  -9.35
  -2.75	   1.03	  -9.35
  -2.76	   0.27	  -9.20
  -2.60	   0.42	  -9.50
  -2.30	   0.27	  -8.58
  -2.91	   0.57	  -9.20
  -2.60	   0.27	  -9.20
  -2.45	   0.11	  -9.66
  -2.60	   0.58	  -8.28
  -2.60	   1.19	  -9.04
  -2.45	   0.88	  -8.89
  -2.91	   0.58	  -9.05
  -2.75	   1.03	  -9.50
  -2.75	   1.19	  -9.50
  -2.45	   0.88	  -9.81
  -2.75	   1.03	  -9.35
  -2.45	   1.19	  -9.35
  -2.29	   1.19	  -9.35
  -2.60	   1.34	  -8.58
  -2.44	   1.49	  -9.20
  -2.60	   1.34	  -9.20
  -2.44	   1.49	  -8.89
  -2.45	   1.34	  -9.20
  -2.60	   1.50	  -9.04
  -2.44	   1.65	  -9.50
  -2.60	   1.19	  -8.74
  -2.60	   1.80	  -9.35
  -2.60	   1.80	  -9.04
  -2.44	   1.80	  -9.20
  -2.29	   1.80	  -8.89
  -2.60	   1.80	  -9.04
  -2.29	   1.95	  -9.04
  -2.44	   1.80	  -9.20
  -2.44	   1.65	  -8.89
  -2.44	   1.95	  -9.20
  -2.44	   1.65	  -9.04
  -2.44	   1.80	  -9.04
  -2.44	   1.80	  -9.35
  -2.14	   1.65	  -9.04
  -1.83	   1.65	  -9.20
  -2.44	   1.49	  -9.20
  -2.29	   1.50	  -9.04
  -2.29	   1.49	  -9.20
  -2.14	   1.49	  -9.20
  -1.22	   1.50	  -8.58
  -2.60	   1.50	  -9.04
  -2.29	   1.19	  -9.20
  -2.29	   1.34	  -9.20
  -2.45	   1.34	  -9.35
  -2.45	   1.19	  -9.20
  -2.29	   1.34	  -9.35
  -2.29	   1.49	  -9.35
  -2.29	   1.34	  -9.04
  -2.29	   1.49	  -9.04
  -2.29	   1.50	  -8.89
  -2.29	   1.49	  -8.89
  -2.29	   1.49	  -9.20
  -2.29	   1.49	  -9.04
  -2.29	   1.49	  -9.20
  -2.29	   1.49	  -9.35
  -2.29	   1.50	  -9.04
  -2.14	   1.34	  -9.35
  -2.45	   1.49	  -9.20
  -2.29	   1.19	  -9.04
  -2.60	   1.19	  -9.20
  -2.60	   1.50	  -8.89
  -3.06	   1.50	  -8.59
  -2.29	   1.34	  -9.04
  -3.21	   0.73	  -9.66
  -1.68	   1.34	  -9.04
  -1.22	   1.19	  -8.89
  -1.53	   0.27	  -9.96
  -2.29	   0.73	  -9.96
  -2.75	   0.58	  -9.20
  -2.60	   1.04	  -8.59
  -2.91	   0.73	  -9.50
  -2.60	   0.12	  -9.35
  -2.45	   0.12	  -9.20
  -1.84	   0.27	  -9.04
  -2.30	  -1.11	  -9.96
  -1.07	  -0.19	  -9.19
  -0.77	  -0.04	  -9.96
  -2.14	  -0.35	  -9.66
  -0.61	  -0.04	  -9.50
  -0.31	   0.27	  -9.49
  -1.07	   1.34	  -9.80
  -1.38	   0.27	  -9.96
  -0.76	   0.73	  -9.19
  -1.38	   0.42	  -9.96
  -0.46	  -0.19	  -9.34
  -0.46	   0.11	  -9.80
  -0.61	  -0.35	  -9.96
  -0.62	  -0.50	  -9.19
  -1.38	   0.27	  -9.96
  -1.23	   0.11	  -9.65
  -0.76	   0.57	  -9.65
  -1.53	   0.12	  -9.35
  -0.77	   0.27	  -8.73
  -1.53	  -0.19	  -9.96
  -0.92	   0.58	  -9.04
  -0.46	   0.12	  -8.88
  -1.68	   0.42	 -11.03
  -1.07	   0.12	  -8.88
  -1.07	   0.42	 -10.42
  -0.31	   0.42	  -9.80
  -1.53	  -0.19	 -10.27
  -0.92	   0.57	  -9.96
  -0.61	  -0.04	  -8.88
  -0.77	   0.58	  -9.04
  -1.07	   1.18	 -10.26
  -0.46	   0.73	  -9.95
  -0.76	   1.65	  -9.34
  -0.61	   0.73	  -9.04
   0.00	   1.49	  -9.34
  -0.61	   1.49	 -10.26
  -1.07	   0.58	  -8.73
  -1.53	  -0.03	  -8.58
  -0.76	   0.73	  -9.34
  -1.84	   0.57	 -10.42
  -0.77	  -0.65	  -9.65
  -1.07	  -0.50	  -9.50
  -0.92	   0.42	  -9.50
  -0.92	   0.42	  -9.19
  -1.07	   0.27	  -9.50
  -1.07	   0.27	  -9.80
  -1.38	   0.42	  -9.50
  -1.08	  -0.80	  -7.66
  -4.28	   1.49	 -11.50
   0.47	   1.96	  -7.50
  -7.20	   0.58	  -8.29
  -1.38	   0.12	  -9.65
  -1.22	   0.27	  -9.50
  -1.07	  -0.19	  -8.27
  -1.22	   0.42	  -9.65
  -1.22	   0.27	  -9.50
  -1.22	   0.42	  -9.50
  -1.22	   0.42	  -9.35
  -1.22	   0.27	  -9.50
  -1.22	   0.27	  -9.50
