 -10.95	 -89.70	   0.60
 -12.00	 -88.95	   1.05
 -10.80	 -86.55	   3.00
 -10.80	 -87.30	   1.65
  -9.90	 -86.70	   2.10
  -2.10	 -66.60	 -16.80
  -0.45	 -66.75	 -10.80
  -2.25	 -64.20	  -8.25
  -3.60	 -62.85	  -4.65
  -3.00	 -63.00	  -4.20
  -1.65	 -60.75	  -4.50
   1.80	 -54.75	  -2.10
  -2.10	 -63.90	  -2.10
   0.45	 -69.30	   1.20
 -11.40	 -82.65	  -0.60
  -9.15	 -85.35	  -2.85
  -6.90	 -83.40	  -7.35
 -15.90	 -83.25	  -3.75
 -22.35	 -80.85	   0.30
 -14.25	 -76.05	  -2.85
  -2.70	 -82.50	  -1.20
  -0.60	 -86.10	   0.60
  -4.35	 -73.50	   1.35
  -6.30	 -69.60	   0.45
  -4.50	 -66.75	   1.20
  -1.80	 -63.60	   0.30
   5.70	 -61.20	   1.65
   7.50	 -46.80	   1.95
   6.60	 -30.90	   0.30
  15.45	 -27.45	   3.30
  22.50	 -31.80	  -8.25
  28.80	 -32.10	 -19.65
  38.40	   7.05	 -22.95
  18.00	  27.15	 -18.30
  15.00	  52.50	 -22.35
  52.20	  37.50	 -22.05
  47.70	  33.75	 -36.00
  35.85	  40.95	 -33.60
  52.20	  28.20	 -32.70
  45.15	  41.10	 -44.40
  35.10	  57.90	 -39.45
  41.25	  60.15	 -44.25
  49.80	  52.35	 -44.25
  62.85	  43.35	 -48.15
  59.85	  44.85	 -45.90
  11.85	 -52.05	 -11.55
  14.10	 -48.75	 -11.85
  15.15	 -51.30	 -10.80
  15.60	 -52.05	  -8.55
  16.80	 -51.75	  -7.65
  15.60	 -53.85	  -8.25
  15.45	 -57.30	  -9.15
  17.40	 -55.65	 -10.35
  13.95	 -57.00	  -9.90
  10.20	 -54.00	 -11.70
   7.95	 -56.25	 -12.75
   8.55	 -54.15	 -11.10
   7.50	 -56.40	 -12.60
   6.15	 -54.75	 -15.75
  10.95	 -48.45	 -14.70
  11.55	 -47.55	 -13.05
  10.95	 -45.90	 -15.75
  13.35	 -45.75	 -15.90
  16.05	 -47.10	 -16.05
  18.30	 -48.45	 -14.70
  22.95	 -55.65	  -9.75
  23.70	 -63.00	  -3.75
  22.35	 -65.40	  -1.05
  23.85	 -64.35	  -3.30
  22.50	 -67.50	  -6.75
  22.20	 -64.80	  -4.95
  15.75	 -59.85	  -0.60
   8.70	 -61.05	   2.55
  11.55	 -55.65	   9.00
  13.20	 -55.05	   6.90
  10.65	 -59.85	   0.30
  11.70	 -59.55	  -5.10
  13.95	 -54.45	  -5.85
  11.55	 -55.35	  -6.30
   9.30	 -52.80	  -3.00
   9.90	 -50.70	  -0.60
  10.20	 -52.20	  -0.60
   9.30	 -57.90	  -4.95
  -9.00	 -62.25	  -8.25
 -21.30	 -59.55	  -9.90
 -11.40	 -60.60	  -9.45
  -6.75	 -51.60	 -12.60
   2.55	 -43.05	 -12.00
   2.55	 -42.30	 -15.75
  -7.65	 -47.10	 -16.80
  -8.40	 -48.45	 -10.65
   1.20	 -42.00	  -5.70
   6.30	 -29.55	  -3.00
   4.35	 -23.10	  -9.45
   0.90	 -18.45	  -9.30
   1.65	 -24.00	 -12.30
   3.00	 -28.50	  -9.75
   4.95	 -39.90	 -10.80
  -0.60	 -50.70	 -10.65
  -2.70	 -47.55	 -14.10
   6.15	 -34.95	 -10.95
   0.60	 -22.35	 -10.65
  -9.75	 -15.15	 -10.05
 -16.50	  -9.90	  -7.35
 -14.70	  -6.60	  -3.90
   0.15	  -2.25	  -2.25
  12.60	  -9.00	  -4.95
  20.70	 -23.70	 -13.65
  24.60	 -28.20	 -13.50
  24.15	 -18.75	 -11.70
  14.85	   0.90	 -10.05
  -7.35	  11.40	 -10.65
 -29.70	   8.70	 -13.50
 -14.70	   8.40	 -12.00
  14.70	  -2.85	 -16.05
  25.65	 -22.05	 -22.35
  28.95	 -29.70	 -22.35
  27.30	 -26.25	 -22.20
  29.40	 -26.40	 -20.55
  24.90	 -28.65	 -20.85
  24.75	 -27.30	 -19.95
  24.45	 -17.10	 -13.35
  19.95	 -10.35	 -11.55
  17.70	 -10.80	 -14.85
  16.50	 -13.50	 -16.80
  21.30	 -11.40	 -13.20
  22.05	 -11.70	  -8.70
  25.20	 -11.85	  -3.00
  29.70	 -12.00	   2.55
  29.55	 -12.30	  -0.15
  27.90	 -12.00	   0.00
  29.25	  -9.00	   0.15
  29.25	 -10.80	   1.20
  26.25	 -15.60	  -6.75
  23.10	 -16.05	  -5.10
  21.30	 -19.80	  -0.30
  18.15	 -27.00	  -0.15
  16.80	 -31.95	  -2.10
  14.85	 -34.35	  -3.75
  15.00	 -34.50	  -4.65
  14.85	 -33.90	  -5.70
  12.60	 -33.90	  -6.75
  15.15	 -32.10	  -5.25
  12.60	 -35.10	  -5.70
  17.70	 -29.25	  -6.30
  24.90	 -23.55	  -7.65
  23.25	 -23.25	  -6.30
  17.10	 -31.80	  -5.70
  12.00	 -33.75	  -6.60
   6.15	 -39.30	  -5.40
  -1.80	 -48.15	  -5.10
  -7.35	 -53.25	  -7.35
 -11.55	 -57.15	  -6.75
 -15.60	 -61.20	  -7.05
 -16.50	 -63.90	  -9.90
 -18.90	 -67.50	  -9.75
 -21.60	 -68.40	 -10.20
 -26.25	 -70.05	  -9.30
 -26.40	 -71.25	  -8.40
 -24.90	 -66.60	 -12.00
 -22.05	 -63.15	 -10.20
 -23.10	 -62.10	  -9.45
 -23.10	 -62.10	  -9.90
 -21.75	 -61.95	  -8.55
 -22.05	 -62.55	  -9.15
 -24.75	 -58.20	  -7.80
 -27.30	 -57.90	  -9.30
 -22.95	 -57.45	 -10.05
 -20.10	 -57.00	 -11.70
 -17.70	 -54.60	 -14.40
 -22.95	 -53.40	 -16.65
 -11.55	 -50.55	 -13.65
  -7.35	 -48.45	 -11.70
  -4.65	 -48.45	 -11.70
  -0.60	 -48.45	  -9.45
   3.75	 -48.30	  -8.25
   8.70	 -45.15	  -3.90
   9.15	 -45.15	  -4.65
  10.80	 -40.95	  -3.75
   5.70	 -43.95	  -5.70
   3.75	 -44.70	  -6.30
   6.00	 -40.20	  -7.50
   7.05	 -39.45	  -8.55
   7.65	 -40.05	  -8.70
   7.65	 -37.05	  -6.15
   8.25	 -37.65	  -5.70
   6.30	 -39.45	  -8.25
   8.40	 -32.70	  -6.60
   7.95	 -27.15	  -7.35
   8.40	 -24.90	  -6.60
   9.00	 -27.00	  -5.25
  12.30	 -20.40	  -6.30
   9.15	 -18.30	  -6.15
  10.35	 -18.90	  -7.05
   9.45	 -20.55	  -8.40
   6.90	 -20.10	 -10.65
   7.95	 -20.55	 -10.95
   7.65	 -20.10	 -10.20
  11.85	 -26.55	  -8.55
  10.05	 -26.25	 -10.80
  11.40	 -20.10	  -7.95
   9.90	 -17.55	  -6.60
   6.30	 -20.40	 -10.35
   5.10	 -28.20	 -13.50
   2.10	 -33.75	 -14.70
  -0.30	 -48.90	 -11.40
  -0.60	 -49.65	  -9.90
  -6.15	 -52.50	  -7.65
 -10.65	 -54.45	  -4.35
  -7.80	 -53.85	  -5.70
  -8.70	 -53.70	  -4.65
  -8.55	 -53.85	  -4.20
 -11.70	 -54.75	  -3.90
 -11.10	 -54.60	  -2.70
 -12.30	 -55.35	  -0.15
 -13.95	 -57.00	   1.35
 -15.90	 -57.45	   0.45
 -14.40	 -58.20	   1.20
 -13.35	 -56.40	  -1.65
  -9.15	 -55.05	  -3.90
 -10.95	 -57.00	  -2.85
 -11.70	 -54.75	  -2.10
 -12.30	 -56.40	  -1.20
 -14.10	 -57.45	   0.15
 -13.50	 -58.05	   0.30
 -13.95	 -57.30	   0.30
 -14.40	 -59.40	   0.90
 -15.45	 -57.75	   1.80
 -15.60	 -57.90	   1.20
 -16.35	 -58.95	   0.45
 -15.60	 -59.40	  -0.15
 -10.95	 -55.50	  -4.65
  -5.10	 -50.70	  -9.45
  -0.90	 -46.05	 -12.60
   0.00	 -45.90	 -12.45
   3.00	 -42.75	 -10.80
   4.95	 -41.25	  -9.75
   6.30	 -38.70	 -11.55
   6.90	 -33.45	  -9.90
   4.35	 -37.50	  -9.90
   4.50	 -37.95	 -10.05
   0.60	 -35.25	 -12.75
  -0.60	 -34.50	 -15.75
  -1.95	 -32.55	 -16.65
  -3.00	 -22.50	 -20.70
  -4.20	 -13.05	 -22.50
  -4.95	 -12.30	 -26.55
  -6.30	 -10.05	 -28.80
  -8.40	 -12.75	 -31.20
  -8.70	 -12.75	 -33.75
  -9.15	  -7.65	 -34.50
 -20.40	  -4.50	 -29.55
 -15.60	   8.25	 -18.15
 -19.20	  14.40	  -4.50
 -33.30	   7.50	  -8.25
 -49.20	   6.60	  -7.65
 -57.30	   8.40	   0.30
 -63.15	  15.75	  -0.30
 -70.05	  20.70	  -3.45
 -61.95	  27.30	  -4.50
 -40.20	  43.50	  -6.00
 -22.95	  45.75	 -19.20
  -1.05	  52.95	 -23.85
  42.45	  35.85	 -29.55
  51.00	  12.75	 -24.60
  52.20	 -10.95	 -14.70
  38.25	 -25.65	  -7.35
  34.50	 -32.25	   1.35
   7.35	 -27.45	 -22.05
   0.30	 -37.80	 -44.40
  -3.60	 -41.55	 -47.40
  -3.45	 -39.90	 -51.60
  -9.90	 -41.10	 -51.45
 -14.25	 -42.30	 -52.20
 -20.55	 -42.60	 -50.70
 -20.40	 -43.20	 -52.05
 -26.85	 -49.65	 -55.80
  -8.40	 -42.60	 -60.30
   4.65	 -39.60	 -62.55
   5.25	 -40.65	 -55.65
  16.80	 -39.60	 -55.05
   3.75	 -48.00	 -45.75
   4.35	 -48.45	 -36.30
   8.70	 -47.70	 -31.50
  14.10	 -47.25	 -31.35
  18.30	 -44.40	 -28.95
  27.30	 -43.20	 -30.30
  47.10	 -37.80	 -33.45
  62.55	 -33.00	 -38.25
  67.05	 -31.80	 -42.45
  64.20	 -34.65	 -43.95
  68.55	 -33.60	 -37.95
  63.60	 -39.00	 -34.20
  68.85	 -34.65	 -35.10
  57.45	 -38.70	 -29.85
  54.90	 -40.65	 -26.25
  52.95	 -43.35	 -27.15
  48.90	 -40.80	 -26.10
  51.00	 -40.80	 -23.85
  48.15	 -44.85	 -23.55
  47.10	 -49.20	 -25.65
  39.45	 -47.55	 -23.70
  40.65	 -48.75	 -20.70
  31.80	 -55.65	 -18.45
  31.05	 -52.35	 -24.00
  27.15	 -52.95	 -25.65
  27.75	 -54.60	 -28.05
  27.15	 -52.50	 -24.90
  25.80	 -55.35	 -25.50
  30.90	 -54.45	 -24.90
  30.30	 -53.40	 -26.55
  29.85	 -58.20	 -25.80
  25.35	 -59.10	 -22.35
  26.10	 -55.80	 -21.60
  19.20	 -54.90	 -24.00
  22.80	 -55.80	 -24.15
  19.50	 -59.85	 -25.35
  22.35	 -56.55	 -26.10
  25.65	 -58.80	 -23.10
  20.55	 -61.35	 -21.30
  19.65	 -56.40	 -21.75
  15.15	 -59.70	 -23.25
  13.20	 -63.90	 -23.85
  12.45	 -59.10	 -29.40
   1.65	 -66.00	 -25.20
   1.05	 -66.15	 -23.55
   7.50	 -66.00	 -24.45
   7.95	 -64.65	 -24.60
   8.40	 -61.80	 -23.55
  10.65	 -63.15	 -27.90
  14.25	 -60.60	 -29.70
  18.00	 -62.55	 -30.15
  13.05	 -64.80	 -26.25
  17.40	 -62.70	 -28.05
  19.80	 -61.80	 -27.90
  20.70	 -64.50	 -25.80
  12.30	 -63.75	 -24.75
   9.45	 -68.40	 -23.55
   7.80	 -67.50	 -22.50
  15.75	 -65.85	 -22.80
  14.85	 -72.30	 -20.70
  13.35	 -67.05	 -19.20
   6.75	 -67.50	 -18.45
   4.50	 -68.55	 -20.40
   3.75	 -68.85	 -18.45
   2.55	 -68.40	 -19.80
  -0.60	 -72.00	 -19.50
  10.20	 -66.90	 -26.40
   7.95	 -68.40	 -28.65
   1.05	 -70.95	 -24.60
  -5.85	 -73.50	 -22.80
  -6.75	 -71.10	 -23.70
  -7.65	 -69.90	 -26.10
  -2.10	 -68.40	 -28.65
  -8.25	 -67.80	 -24.00
  -8.70	 -67.95	 -26.40
  -9.15	 -68.70	 -22.80
  -7.80	 -68.85	 -20.40
 -12.00	 -70.65	 -16.05
 -15.45	 -72.00	 -15.45
 -14.70	 -70.95	 -10.65
 -19.80	 -72.45	  -8.70
 -20.70	 -74.10	  -8.25
 -29.55	 -70.05	 -14.85
 -34.35	 -71.10	 -10.35
 -34.50	 -71.25	  -7.95
 -36.60	 -69.30	  -7.80
 -51.30	 -70.05	  -0.45
 -62.25	 -69.60	   4.20
 -64.80	 -69.60	   3.75
 -55.50	 -70.95	  -2.10
 -45.75	 -73.65	  -1.95
 -44.70	 -72.60	  -3.00
 -42.60	 -73.20	  -5.10
 -42.75	 -75.60	  -0.90
 -45.90	 -75.00	   5.10
 -48.90	 -75.30	   4.65
 -55.65	 -68.25	  -0.45
 -43.35	 -83.85	  14.70
 -88.05	 -61.20	  16.65
 -96.45	 -57.15	  24.75
 -89.10	 -60.45	  22.20
 -65.25	 -64.50	   2.25
 -52.50	 -67.95	  -5.85
 -49.35	 -71.85	  -6.00
 -48.30	 -71.55	 -10.35
 -53.85	 -67.05	 -13.65
 -52.95	 -69.15	 -12.75
 -46.80	 -65.25	 -14.10
 -46.05	 -65.55	 -15.15
 -43.20	 -66.00	 -16.35
 -37.95	 -67.05	 -17.70
 -32.25	 -68.40	 -19.50
 -34.50	 -64.35	 -23.85
 -32.55	 -65.25	 -26.25
 -40.05	 -62.55	 -24.60
 -37.05	 -64.65	 -28.20
 -21.60	 -63.60	 -44.85
  -1.80	 -61.35	 -57.30
   6.60	 -54.75	 -68.40
   2.25	 -50.55	 -70.35
   7.05	 -56.85	 -65.55
  10.65	 -43.05	 -74.55
  19.65	 -53.40	 -71.55
  11.10	 -51.60	 -77.70
  19.50	 -59.10	 -84.15
   5.40	 -57.00	 -75.30
  -4.20	 -50.85	 -75.90
  10.95	 -58.50	 -71.70
  -1.80	 -50.70	 -82.05
   4.20	 -54.15	 -74.10
  -6.75	 -60.15	 -40.65
 -46.80	 -66.30	  -6.00
 -82.20	 -64.20	  31.80
 -96.00	 -71.25	  61.80
 -97.95	 -72.90	  66.75
 -96.15	 -78.90	  65.55
 -92.40	 -79.65	  73.35
 -92.40	 -85.50	  69.60
 -89.70	 -92.70	  66.15
 -82.50	-100.20	  68.85
 -80.85	-102.15	  69.15
 -79.35	-100.35	  68.40
 -82.50	 -98.40	  71.55
 -67.95	 -96.00	  85.35
 -75.75	-102.60	  87.90
 -87.75	 -96.45	  88.05
-101.10	 -91.50	  91.50
-125.10	 -84.90	  47.70
-120.60	 -91.20	  48.90
-125.40	 -90.75	  34.20
-114.30	 -99.30	  57.30
-130.20	 -94.20	  30.90
-115.05	-101.55	  51.45
-128.85	 -91.35	  14.85
-127.20	 -93.00	   9.15
-130.95	 -97.80	  27.15
-142.50	 -99.15	  42.45
-142.65	-100.05	  47.70
-147.90	-102.15	  49.95
-143.55	-101.70	  52.05
-146.40	-104.40	  52.50
-146.70	 -96.30	  46.35
-140.25	 -99.90	  47.55
-124.80	-104.55	  50.85
-125.70	 -99.30	  51.00
-125.70	 -96.00	  51.75
-129.75	 -94.80	  51.00
-138.15	 -96.15	  48.75
-133.20	 -91.50	  44.10
-134.25	 -91.50	  43.05
-122.85	 -88.20	  41.10
-116.55	 -87.90	  37.80
-109.95	 -88.20	  39.60
-109.65	 -80.85	  36.30
-110.55	 -79.95	  31.80
-108.15	 -79.35	  32.70
-108.15	 -80.10	  29.70
 -91.80	 -78.15	  27.30
 -86.40	 -73.50	  27.45
 -88.35	 -76.65	  29.55
 -85.80	 -81.00	  21.45
 -89.55	 -83.25	  22.50
 -90.15	 -79.80	  23.85
 -92.70	 -82.35	  17.25
-102.45	 -76.65	  18.15
-105.30	 -76.95	  17.10
-105.90	 -72.75	  14.25
-106.50	 -72.60	  17.10
-105.15	 -73.50	  16.80
-104.40	 -81.30	  18.30
-103.95	 -80.40	  23.25
 -99.60	 -77.25	  23.85
 -99.45	 -73.35	  28.05
 -93.45	 -74.25	  20.85
 -94.50	 -71.70	  22.05
 -91.35	 -70.80	  20.70
 -85.50	 -69.30	  16.65
 -85.80	 -70.05	  16.35
 -79.20	 -70.80	  11.55
 -79.80	 -70.95	  14.70
 -81.75	 -72.30	  15.60
 -81.00	 -74.40	  11.85
 -81.00	 -75.15	  13.05
 -76.95	 -76.95	  11.85
 -67.95	 -73.95	   6.90
 -62.25	 -72.60	   4.95
 -59.85	 -72.75	   2.85
 -56.55	 -72.75	   2.10
 -58.80	 -72.00	   2.85
 -66.90	 -70.65	   6.60
 -71.10	 -69.30	  11.10
 -66.60	 -69.45	   5.10
 -60.15	 -67.80	   3.00
 -58.50	 -65.10	   0.60
 -57.45	 -66.00	  -0.90
 -56.10	 -66.75	  -4.20
 -51.75	 -64.35	  -5.85
 -47.40	 -63.90	  -9.15
 -49.20	 -61.35	  -8.70
 -42.00	 -61.95	 -11.85
 -37.20	 -61.95	 -14.40
 -30.90	 -63.15	 -17.25
 -32.10	 -63.75	 -16.35
 -26.55	 -63.00	 -17.70
 -18.15	 -63.00	 -19.65
 -11.70	 -60.60	 -24.15
  -2.55	 -58.50	 -26.40
   0.00	 -58.50	 -26.85
  -0.15	 -58.95	 -27.30
   2.10	 -58.80	 -28.20
  -1.95	 -58.95	 -25.50
  -4.50	 -61.20	 -25.50
  -9.15	 -60.60	 -24.15
 -12.75	 -62.10	 -22.35
 -19.65	 -65.25	 -19.20
 -19.65	 -63.75	 -18.90
 -23.10	 -63.90	 -17.55
 -25.20	 -66.00	 -16.35
 -25.65	 -65.85	 -18.00
 -26.85	 -65.85	 -17.25
 -24.60	 -65.85	 -18.30
 -24.15	 -66.90	 -16.50
 -23.85	 -65.85	 -19.05
 -22.80	 -63.90	 -19.80
 -21.45	 -65.55	 -20.70
 -20.85	 -63.90	 -20.55
 -21.30	 -64.35	 -20.55
 -28.80	 -67.05	 -18.15
 -35.10	 -67.80	 -13.05
 -36.15	 -67.50	 -11.85
 -49.95	 -73.95	  -6.90
 -42.75	 -69.60	 -10.05
 -38.70	 -69.60	 -11.10
 -43.05	 -70.95	  -9.45
 -44.40	 -72.75	  -6.90
 -26.55	 -66.75	 -17.70
 -19.80	 -63.60	 -20.10
 -19.80	 -64.65	 -23.10
 -20.10	 -63.90	 -22.35
 -21.75	 -64.20	 -21.75
 -25.50	 -66.75	 -20.70
 -18.15	 -62.25	 -26.55
  -6.30	 -53.10	 -32.10
  -9.75	 -54.60	 -28.05
 -13.05	 -56.40	 -28.50
 -14.70	 -58.80	 -27.90
 -14.70	 -60.60	 -25.65
 -19.20	 -65.55	 -24.45
 -19.65	 -66.75	 -24.45
 -18.75	 -66.60	 -26.85
 -16.65	 -63.75	 -27.75
 -14.25	 -62.10	 -28.20
 -14.25	 -62.85	 -27.90
 -15.00	 -63.15	 -26.85
 -10.05	 -56.10	 -30.30
  -3.45	 -48.75	 -31.80
  -3.30	 -47.10	 -30.45
  -2.10	 -47.10	 -29.40
  -6.00	 -54.60	 -26.25
 -22.80	 -67.20	 -18.75
 -22.95	 -66.00	 -19.95
 -19.65	 -65.55	 -19.95
 -23.85	 -69.90	 -16.05
 -33.90	 -77.40	 -11.55
 -36.00	 -78.60	 -12.75
 -29.40	 -72.00	 -13.95
 -20.70	 -66.00	 -19.20
 -19.65	 -64.20	 -18.90
 -20.85	 -65.10	 -19.50
 -22.05	 -67.20	 -18.00
 -24.45	 -66.75	 -17.40
 -21.45	 -64.80	 -19.20
 -18.00	 -64.35	 -21.60
 -15.90	 -63.00	 -20.70
 -17.55	 -64.35	 -19.80
 -19.05	 -64.35	 -19.05
 -20.40	 -64.80	 -18.90
 -22.80	 -65.85	 -17.55
 -26.40	 -66.90	 -16.05
 -30.15	 -70.20	 -12.45
 -32.85	 -72.90	 -11.10
 -33.90	 -74.10	 -11.85
 -34.95	 -75.30	 -13.20
 -35.25	 -73.20	 -11.70
 -35.55	 -74.25	 -11.70
 -36.15	 -76.35	 -10.35
 -38.40	 -75.90	 -11.55
 -36.30	 -75.30	 -12.75
 -34.65	 -73.65	 -12.60
 -32.85	 -73.35	 -12.60
 -29.70	 -70.20	 -15.00
 -29.25	 -71.85	 -13.65
 -30.90	 -69.45	 -15.00
 -36.00	 -74.25	 -11.70
 -37.80	 -72.00	 -17.25
 -36.30	 -71.25	 -16.50
 -36.30	 -70.20	 -18.75
 -35.25	 -72.00	 -18.30
 -36.90	 -70.05	 -18.90
 -40.95	 -72.60	 -16.65
 -44.25	 -72.60	 -15.90
 -45.90	 -73.50	 -15.45
 -46.35	 -74.25	 -16.80
 -45.00	 -73.65	 -15.90
 -45.15	 -73.95	 -16.50
 -43.20	 -72.90	 -15.90
 -46.05	 -73.65	 -15.90
 -43.65	 -72.45	 -18.00
 -41.25	 -70.80	 -16.35
 -37.20	 -69.60	 -16.65
 -30.90	 -67.65	 -18.75
 -23.10	 -65.85	 -20.85
 -15.75	 -61.80	 -20.85
  -9.90	 -61.05	 -22.05
  -4.20	 -57.15	 -22.20
  -1.80	 -57.00	 -22.35
   5.70	 -54.15	 -23.70
  12.00	 -52.50	 -27.90
  20.70	 -46.80	 -31.05
  25.20	 -45.00	 -30.60
  33.75	 -42.60	 -31.50
  41.25	 -40.65	 -32.10
  50.40	 -37.50	 -30.90
  55.80	 -33.45	 -31.20
  65.40	 -30.15	 -30.90
  70.20	 -26.40	 -30.15
  76.35	 -24.75	 -34.65
  84.60	 -22.80	 -36.30
  92.85	 -18.45	 -43.95
 104.10	 -15.45	 -47.70
 116.40	  -9.75	 -56.40
 119.10	  -6.90	 -56.55
 128.40	  -4.65	 -56.55
 126.00	  -3.75	 -60.45
 124.50	  -2.25	 -65.25
 123.75	  -4.20	 -65.25
 120.75	  -4.50	 -67.50
 119.10	  -3.30	 -71.25
 112.95	   0.00	 -69.90
 106.80	  -1.20	 -67.50
 106.95	  -3.30	 -66.90
 104.10	  -9.15	 -64.65
 104.40	  -9.90	 -65.10
 108.60	 -15.15	 -68.85
 102.45	 -15.60	 -85.50
  91.80	  -3.75	 -97.20
 115.05	  26.40	 -56.55
 -19.65	  15.90	  36.15
 -76.50	 -64.65	  -3.60
 -78.45	 -74.10	 -24.00
 -68.55	 -80.40	 -39.15
 -64.35	 -76.50	 -41.55
 -62.85	 -73.50	 -42.60
 -67.05	 -61.95	 -41.25
 -72.45	 -68.40	 -40.80
 -69.30	 -78.45	 -40.20
 -73.20	 -84.90	 -41.10
 -74.40	 -85.80	 -36.90
 -77.55	 -86.10	 -36.00
 -87.45	 -86.70	 -34.50
 -87.75	 -91.35	 -36.90
 -89.85	 -90.30	 -32.55
 -86.10	 -92.70	 -33.45
 -89.55	 -93.90	 -29.85
 -91.35	 -92.40	 -27.30
 -87.45	 -93.45	 -26.40
 -85.80	 -88.05	 -29.85
 -85.65	 -89.40	 -30.15
 -91.05	 -94.35	 -29.55
 -90.60	 -97.65	 -28.50
 -88.20	 -92.70	 -22.35
 -89.70	 -93.00	 -19.80
 -90.60	 -92.85	 -17.40
-101.85	 -94.50	 -23.85
 -98.55	 -87.15	 -24.90
 -95.55	 -84.15	 -27.90
 -90.15	 -85.65	 -33.00
 -91.20	 -89.40	 -39.30
 -86.10	 -90.15	 -39.30
 -85.05	 -89.10	 -40.95
 -83.10	 -80.10	 -38.25
 -73.65	 -82.20	 -35.40
 -59.55	 -78.30	 -31.95
 -38.55	 -73.20	 -34.50
 -21.15	 -61.95	 -32.55
 -20.55	 -62.85	 -33.00
 -21.45	 -71.10	 -29.55
 -18.30	 -58.80	 -32.25
 -19.05	 -54.45	 -33.75
 -26.10	 -59.85	 -39.60
 -30.45	 -63.15	 -38.55
 -26.55	 -62.25	 -38.40
 -13.95	 -54.75	 -37.50
  -0.60	 -52.95	 -40.35
   3.45	 -51.30	 -40.20
   1.95	 -52.35	 -39.90
   4.65	 -52.95	 -35.25
   1.80	 -49.65	 -31.95
   3.45	 -51.30	 -32.55
   3.90	 -52.20	 -35.25
   1.35	 -50.40	 -33.45
 -11.55	 -57.45	 -35.85
 -22.80	 -64.65	 -29.40
 -43.35	 -70.65	 -24.90
 -37.05	 -69.90	 -30.15
 -37.05	 -66.90	 -32.25
 -33.75	 -65.40	 -32.70
 -38.55	 -67.20	 -31.20
 -47.55	 -68.85	 -32.55
 -48.00	 -71.55	 -34.65
 -53.70	 -76.80	 -32.25
 -49.05	 -73.65	 -31.05
 -46.50	 -74.40	 -30.30
 -57.45	 -78.45	 -26.25
 -69.60	 -80.70	 -25.50
 -79.20	 -88.05	 -24.45
 -91.50	 -91.95	 -22.80
 -95.85	 -96.45	 -23.25
-102.75	 -99.15	 -17.40
-111.75	-104.10	 -18.75
-119.40	-110.10	 -13.05
-136.05	-111.75	  -7.95
-143.10	-118.05	  -3.60
-146.40	-115.80	  -7.65
-154.80	-119.55	  -6.90
-157.20	-121.50	 -11.55
-159.00	-125.55	 -10.80
-169.05	-129.60	  -6.30
-178.35	-132.75	  -2.85
-204.15	-136.50	   3.60
-214.80	-140.55	   1.35
-217.95	-133.35	   1.20
-203.85	-135.75	  -2.85
-182.40	-130.20	  -1.80
-176.70	-124.80	  -0.45
-173.10	-127.50	  -0.15
-172.35	-128.10	   3.00
-170.10	-128.10	   5.70
-180.30	-127.65	   2.55
-186.45	-126.90	   5.10
-191.25	-130.20	   7.35
-192.60	-131.85	  10.05
-192.30	-130.95	   9.90
-197.55	-126.15	   8.40
-198.75	-121.20	   7.80
-197.70	-115.95	  11.85
-197.70	-113.40	  10.80
-197.70	-107.25	   9.75
-192.75	 -92.25	  25.65
-193.65	 -87.00	  42.00
-192.75	 -88.20	  66.90
-194.25	 -87.15	  72.75
-201.00	 -86.25	  71.55
-205.50	 -81.45	  79.95
-206.70	 -75.30	  82.65
-206.10	 -74.85	  84.75
-212.40	 -75.15	  89.10
-215.55	 -64.65	  93.45
-212.55	 -62.55	  91.50
-204.45	 -64.35	  89.70
-198.75	 -63.75	  94.35
-213.30	 -54.75	  96.00
-210.75	 -57.75	  97.50
-210.15	 -57.90	  94.65
-213.15	 -57.90	  89.85
-202.80	 -60.75	  93.90
-197.85	 -58.80	  99.60
-195.30	 -54.45	  95.25
-196.05	 -59.85	  90.15
-193.05	 -61.35	  90.45
-187.35	 -64.50	  91.35
-181.35	 -69.90	  98.10
-179.70	 -62.70	  97.95
-178.95	 -62.25	  97.65
-175.50	 -60.30	 102.90
-175.20	 -70.80	 105.75
-176.70	 -83.70	  99.15
-164.55	-117.15	  94.35
-157.20	-127.50	  91.35
-154.95	-128.55	  90.30
-150.60	-130.80	  88.05
-148.35	-131.85	  87.75
-154.65	-131.85	  90.60
-161.10	-130.95	  85.35
-162.75	-128.10	  78.15
-163.80	-128.55	  79.95
-164.85	-126.45	  76.05
-159.30	-126.45	  75.30
-147.90	-128.70	  71.25
-144.60	-120.60	  67.95
-145.05	-121.95	  62.70
-138.60	-119.55	  55.05
-134.10	-116.40	  51.30
-133.35	-120.45	  48.30
-137.85	-118.80	  49.65
-133.50	-116.55	  46.35
-126.45	-114.75	  47.10
-122.85	-111.45	  43.65
-117.90	-111.30	  39.45
-117.15	-113.40	  38.40
-115.95	-110.85	  37.65
 -93.00	-101.85	  31.95
 -87.75	 -97.65	  28.80
 -84.60	 -95.55	  26.40
-106.95	 -91.20	  24.60
-123.15	-106.95	  20.85
-122.10	-108.15	  10.95
-121.05	-108.15	   5.40
-119.10	-105.15	   2.10
-111.75	-104.10	  -2.55
-109.65	-101.55	  -2.10
-111.30	-102.45	   1.65
-111.90	-101.25	   2.25
-114.00	-102.90	  -1.80
-118.05	-105.15	   5.10
-123.60	-110.25	   8.70
-123.75	-113.85	   5.25
-117.00	-115.05	  18.30
-115.95	-109.05	  26.25
-117.45	-104.55	  22.20
-114.00	-102.60	   3.60
 -99.60	 -98.10	 -10.65
 -87.30	 -97.20	 -13.65
 -81.60	 -93.45	 -12.45
 -76.65	 -91.35	 -14.40
 -66.90	 -88.65	 -19.80
 -56.55	 -83.10	 -24.60
 -53.25	 -76.05	 -23.85
 -52.80	 -81.00	 -23.25
 -57.45	 -89.85	 -23.70
 -61.20	 -82.95	 -19.95
 -63.45	 -89.10	  -9.00
 -67.80	 -90.30	  -9.30
 -69.45	 -86.70	  -9.90
 -79.05	-102.60	  18.75
-119.70	-109.05	  49.80
-133.35	-117.15	  59.40
-127.80	-120.00	  46.50
-127.20	-119.85	  44.10
-121.65	-121.65	  40.35
-118.80	-122.40	  24.15
-122.70	-114.60	   9.30
-120.30	-110.25	   1.05
-108.15	-108.90	   0.00
-104.55	-105.75	   0.15
 -95.85	-100.95	  -1.95
 -89.85	 -96.45	  -4.20
 -82.50	 -96.15	  -4.95
 -80.85	 -95.25	  -9.45
 -74.55	 -96.00	  -3.60
 -73.20	 -95.25	  -0.60
 -71.55	 -97.20	   1.20
 -76.05	 -97.80	   0.00
 -83.70	 -99.90	   7.50
 -84.30	 -96.45	  12.30
 -83.10	 -94.50	  11.40
 -81.00	 -89.85	   9.30
 -70.05	 -83.25	   0.45
 -61.05	 -86.70	  -3.30
 -63.00	 -88.35	   6.00
 -72.90	 -87.00	  13.65
 -84.90	 -88.95	  12.45
-100.05	 -96.30	  23.55
-105.75	-100.50	  23.70
-110.70	 -98.55	  26.85
-102.00	-110.55	  31.80
 -88.80	-102.45	  45.30
 -80.10	-102.60	  47.10
 -77.25	 -96.75	  47.70
 -66.60	 -93.00	  50.40
 -78.60	 -98.85	  46.65
 -83.10	 -93.00	  45.60
 -87.75	 -92.85	  41.25
 -80.55	 -90.15	  43.65
 -81.75	 -90.30	  40.65
 -80.85	 -93.00	  37.05
 -77.55	 -92.25	  28.65
 -66.75	 -87.30	  14.40
 -61.20	 -85.05	  10.05
 -59.10	 -84.90	   5.40
 -58.95	 -84.75	   3.75
 -58.50	 -85.35	   5.40
 -61.35	 -83.40	  12.75
 -79.80	 -84.90	  29.40
 -78.00	 -91.50	  33.00
 -71.10	 -91.80	  28.50
 -66.15	 -90.75	  28.65
 -67.80	 -89.10	  25.50
 -73.20	 -90.75	  29.40
 -75.90	 -90.60	  23.70
 -79.80	 -93.45	  28.65
 -79.35	 -95.25	  23.10
 -62.70	 -91.05	   9.00
 -45.00	 -78.15	  -3.75
 -61.05	 -83.10	   2.55
 -72.75	 -88.20	   4.35
 -75.00	 -93.00	   6.15
 -65.10	 -84.15	  -0.30
 -51.45	 -77.25	  -6.15
 -55.35	 -82.95	  -5.70
 -54.15	 -79.20	  -8.25
 -39.60	 -72.75	 -15.45
 -29.40	 -69.45	 -18.75
 -28.80	 -70.05	 -24.00
 -38.70	 -74.40	 -21.75
 -25.50	 -71.55	 -32.10
  -5.70	 -62.25	 -48.00
  -3.60	 -64.65	 -47.10
   4.50	 -69.30	 -37.65
  14.10	 -70.05	 -21.75
   4.65	 -67.65	 -19.80
  -3.60	 -72.75	  -5.10
 -13.20	 -65.85	  -7.65
  -5.40	 -67.20	 -12.00
   4.50	 -69.30	  -9.30
   4.65	 -71.25	  -6.60
  -8.55	 -74.40	  -7.50
 -16.65	 -77.40	  -3.75
 -15.00	 -73.95	  -7.35
 -12.60	 -66.30	  -3.00
  -2.55	 -58.50	  -7.95
  -3.90	 -62.55	  -9.15
 -21.60	 -67.95	  -0.60
 -29.85	 -68.25	   3.45
 -33.30	 -70.80	  -3.75
 -36.60	 -71.10	  -8.55
 -36.60	 -69.60	  -2.70
 -40.35	 -73.50	  -2.55
 -32.10	 -70.35	  -9.30
 -31.80	 -68.55	  -5.25
 -33.45	 -73.50	  -3.60
 -39.30	 -70.20	  -9.90
 -42.00	 -70.80	 -12.60
 -36.15	 -74.85	 -17.40
 -22.50	 -72.30	 -24.75
 -43.20	 -81.00	 -13.35
 -49.80	 -87.30	 -11.10
 -39.00	 -95.25	  -8.40
 -27.45	 -94.50	  -9.45
 -27.45	 -98.55	 -10.65
 -25.80	-110.55	  -5.70
 -33.30	-121.95	  -0.45
 -54.60	 -95.10	  -5.25
 -58.95	 -71.10	  -7.50
 -52.35	 -75.15	  -8.25
 -14.70	 -88.20	 -13.20
  -5.10	 -79.05	 -16.05
  -0.30	 -75.00	 -18.00
   0.15	 -73.65	 -15.15
 -15.75	 -87.15	 -14.25
 -33.90	 -92.40	 -16.65
 -61.80	 -92.70	 -12.45
 -84.00	 -88.05	  -4.20
 -86.10	 -78.60	   1.35
-100.80	 -58.05	   9.45
 -93.75	 -48.15	   7.65
 -79.80	 -53.25	  -0.60
 -53.40	 -67.05	  -9.30
 -25.35	 -74.55	 -15.45
  -7.80	 -71.85	 -13.05
   1.20	 -75.15	 -12.30
   9.30	 -63.75	 -24.75
  13.65	 -44.25	 -27.75
  17.10	 -37.65	 -24.00
  14.10	 -34.65	 -27.75
  12.30	 -24.00	 -30.30
  13.50	 -22.80	 -30.45
   7.05	 -52.35	 -32.85
 -13.35	 -74.10	 -27.00
 -31.50	 -76.80	 -14.70
 -40.20	 -69.60	 -17.70
 -46.35	 -64.65	 -15.00
 -48.30	 -59.40	 -14.40
 -52.95	 -58.80	 -17.25
 -47.55	 -63.00	 -20.70
 -37.05	 -70.95	 -24.15
 -38.70	 -79.95	 -30.60
 -20.40	 -86.55	 -33.30
 -10.80	 -82.50	 -24.45
   0.90	 -76.95	 -25.50
   3.90	 -71.70	 -27.15
  14.25	 -52.50	 -24.90
  14.85	 -45.75	 -23.70
  14.85	 -37.65	 -22.50
   9.75	 -40.65	 -25.20
   3.90	 -50.70	 -28.20
 -15.60	 -65.55	 -23.25
 -26.25	 -68.85	 -24.00
 -35.40	 -68.25	 -22.95
 -40.35	 -67.95	 -20.85
 -48.45	 -65.10	 -14.70
 -41.70	 -69.60	 -18.15
 -33.90	 -74.10	 -23.25
 -38.70	 -75.90	 -23.25
 -41.10	 -75.75	 -21.60
 -52.20	 -73.95	 -15.45
 -59.85	 -81.60	 -14.25
 -61.50	 -86.25	 -15.60
 -56.10	 -88.05	 -15.60
 -57.15	 -86.55	 -14.40
 -57.75	 -86.40	 -13.95
 -58.65	 -86.25	 -14.40
 -58.20	 -86.25	 -13.05
 -57.00	 -84.15	 -13.20
 -58.80	 -82.65	 -10.95
 -59.40	 -84.75	 -10.05
 -62.55	 -88.20	  -9.90
 -73.50	 -94.50	  -8.40
 -82.65	 -93.75	  -2.10
 -77.25	 -91.20	  -4.65
 -72.75	 -89.40	  -5.40
 -74.10	 -91.80	  -6.30
 -70.35	 -89.55	  -6.30
 -68.55	 -88.80	  -6.75
 -69.30	 -88.80	  -7.50
 -70.20	 -88.65	  -7.65
 -66.15	 -89.40	  -8.70
 -54.90	 -92.85	 -13.35
 -40.05	 -96.00	 -19.05
 -31.50	 -91.50	 -20.85
 -44.25	 -80.40	 -14.85
 -31.50	 -78.60	 -19.05
 -24.75	 -79.20	 -19.65
 -56.55	 -83.85	 -13.20
 -37.50	 -88.20	 -16.80
 -36.00	 -81.30	 -17.55
 -39.90	 -76.35	 -18.15
 -24.00	 -75.15	 -21.45
 -32.85	 -74.85	 -18.45
 -43.05	 -71.70	 -18.75
 -44.40	 -70.65	 -16.80
 -48.00	 -66.00	 -13.35
 -57.00	 -66.15	  -8.40
 -38.40	 -76.95	 -21.15
 -30.90	 -75.30	 -21.60
 -51.60	 -72.60	 -18.15
 -69.30	 -75.15	 -12.30
 -58.05	 -95.55	 -20.55
 -80.55	 -86.40	 -17.55
 -80.40	 -93.60	 -15.60
 -66.60	 -94.80	 -17.55
 -76.50	 -78.30	 -16.50
 -51.00	 -98.10	 -18.75
 -64.50	 -84.00	 -18.90
 -63.90	 -82.35	 -18.75
 -58.05	 -81.30	 -20.55
 -53.40	 -74.40	 -23.25
 -50.10	 -76.95	 -18.90
 -48.90	 -75.00	 -19.05
 -45.75	 -73.35	 -17.70
 -43.50	 -73.65	 -18.45
 -42.45	 -72.60	 -17.10
 -37.50	 -71.25	 -19.05
 -39.00	 -70.20	 -17.25
 -36.75	 -69.15	 -16.05
 -34.50	 -68.70	 -19.05
 -29.70	 -69.15	 -20.85
 -30.30	 -67.80	 -18.45
 -31.35	 -69.30	 -18.15
 -28.80	 -70.80	 -19.95
 -28.05	 -68.85	 -19.20
 -24.75	 -68.85	 -21.75
 -22.50	 -70.05	 -20.40
 -23.25	 -68.25	 -21.75
 -22.95	 -68.25	 -22.95
 -20.10	 -67.95	 -24.15
 -21.15	 -67.50	 -25.50
 -21.60	 -69.45	 -24.90
 -23.70	 -69.60	 -24.45
 -25.65	 -70.65	 -23.55
 -24.15	 -69.15	 -23.55
 -22.05	 -66.15	 -24.60
 -21.30	 -66.90	 -24.15
 -17.70	 -66.30	 -25.50
 -17.40	 -65.25	 -25.50
 -19.80	 -67.65	 -24.60
 -20.85	 -68.40	 -23.10
 -18.90	 -70.35	 -23.70
 -18.15	 -70.80	 -19.65
 -22.95	 -72.60	 -18.45
 -26.25	 -70.35	 -17.10
 -23.55	 -66.90	 -21.60
 -24.60	 -63.60	 -26.10
 -20.40	 -61.20	 -25.50
 -16.35	 -63.00	 -23.25
  -3.75	 -59.40	 -25.80
  -0.60	 -53.70	 -27.15
   3.00	 -52.80	 -26.25
   1.35	 -45.15	 -30.15
  11.40	 -48.15	 -27.45
  12.60	 -45.30	 -32.10
  19.80	 -48.45	 -29.40
  16.05	 -47.10	 -37.50
  20.85	 -50.40	 -30.15
  24.75	 -42.75	 -33.60
   9.75	 -50.10	 -36.15
  16.80	 -46.65	 -35.55
  22.50	 -43.50	 -32.10
  21.45	 -37.20	 -36.90
   6.00	 -36.90	 -48.00
   9.00	 -35.85	 -47.55
   7.65	 -35.25	 -45.90
  10.35	 -35.10	 -42.45
   6.60	 -45.15	 -39.00
   8.70	 -61.05	 -30.45
   6.00	 -63.45	 -23.70
  -4.35	 -63.60	 -26.10
 -25.20	 -61.50	 -39.15
 -43.35	 -68.40	 -50.70
 -49.65	 -74.55	 -51.75
 -58.65	 -75.90	 -53.40
 -61.05	 -76.05	 -50.70
 -66.15	 -67.95	 -47.40
 -73.65	 -48.00	 -28.05
 -76.95	 -68.85	 -39.90
 -77.25	 -69.45	 -43.35
 -81.75	 -63.45	 -43.50
 -82.05	 -63.15	 -39.60
 -78.15	 -64.80	 -40.20
 -79.05	 -62.10	 -35.55
 -77.55	 -58.05	 -34.95
 -83.10	 -37.50	 -12.45
 -92.85	 -61.20	   0.15
 -99.45	 -48.00	 -19.65
 -78.90	 -45.75	 -56.40
 -67.05	 -54.60	 -67.80
 -65.85	 -56.25	 -66.90
 -60.30	 -57.30	 -67.20
 -50.70	 -35.25	 -64.65
 -58.80	 -40.05	 -66.15
 -52.80	 -53.40	 -72.60
 -44.85	 -54.00	 -72.75
 -40.05	 -58.05	 -79.05
 -39.90	 -58.20	 -75.15
 -35.40	 -57.45	 -79.20
 -37.05	 -54.75	 -83.85
 -35.10	 -55.65	 -85.80
 -32.85	 -57.90	 -85.80
 -31.80	 -57.90	 -83.70
 -33.75	 -55.80	 -80.55
 -42.60	 -53.70	 -80.85
 -38.40	 -53.10	 -82.50
 -35.10	 -52.35	 -84.00
 -39.00	 -55.50	 -83.85
 -43.65	 -66.15	 -88.95
 -50.40	 -59.10	 -91.50
 -40.20	 -57.90	 -92.85
 -54.15	 -54.15	 -84.00
 -52.50	 -61.80	 -78.00
 -38.40	 -58.95	 -79.20
 -35.25	 -56.55	 -76.80
 -45.75	 -50.10	 -73.35
 -44.40	 -49.20	 -73.20
 -43.35	 -49.95	 -68.70
 -40.35	 -52.20	 -67.65
 -42.60	 -59.85	 -62.85
 -51.60	 -51.30	 -68.55
 -43.05	 -54.75	 -70.65
 -42.00	 -54.60	 -69.60
 -39.45	 -55.65	 -68.55
 -36.75	 -54.45	 -67.95
 -36.15	 -60.75	 -69.30
 -40.05	 -65.85	 -64.35
 -39.15	 -61.95	 -63.75
 -27.30	 -60.15	 -62.70
 -24.75	 -60.45	 -61.50
 -26.85	 -59.55	 -66.60
 -31.50	 -52.95	 -73.20
 -28.50	 -56.40	 -77.70
 -27.15	 -55.80	 -75.30
 -33.90	 -60.15	 -67.80
 -43.05	 -64.35	 -53.70
 -55.50	 -61.35	 -46.35
 -62.25	 -62.25	 -39.45
 -62.55	 -64.35	 -34.95
 -60.15	 -67.50	 -31.05
 -60.30	 -62.85	 -31.50
 -49.20	 -65.40	 -35.25
 -46.50	 -67.80	 -33.60
 -41.10	 -65.10	 -32.25
 -46.35	 -67.65	 -25.35
 -49.95	 -68.40	 -17.55
 -48.90	 -63.90	 -16.50
 -55.05	 -60.30	 -15.45
 -52.20	 -61.80	 -16.80
 -39.15	 -71.55	 -21.75
 -18.45	 -72.30	 -24.75
  -5.85	 -69.90	 -24.90
   3.45	 -62.70	 -25.50
   5.70	 -60.75	 -30.60
  -0.30	 -67.95	 -33.75
  -0.60	 -68.40	 -33.75
   5.40	 -66.15	 -30.90
   7.05	 -65.25	 -31.35
   6.30	 -62.70	 -31.35
  17.10	 -61.95	 -31.35
  22.95	 -59.70	 -27.75
  20.40	 -63.75	 -33.60
  20.40	 -59.70	 -35.10
  22.05	 -58.05	 -36.00
  12.00	 -60.30	 -30.90
  -0.90	 -68.25	 -32.10
  -6.60	 -71.25	 -26.10
  -9.45	 -65.10	 -22.80
  -1.35	 -65.40	 -27.45
   2.55	 -67.20	 -31.50
   7.95	 -65.40	 -28.20
  24.45	 -58.20	 -36.15
  31.50	 -53.25	 -38.25
  38.25	 -54.00	 -47.10
  44.25	 -57.15	 -54.60
  51.00	 -48.90	 -58.05
  48.45	 -61.35	 -63.15
  55.05	 -57.30	 -62.55
  64.65	 -50.70	 -60.60
  59.55	 -39.30	 -65.40
  62.25	 -39.90	 -67.05
  67.20	 -37.50	 -65.40
  66.60	 -39.60	 -55.50
  63.90	 -39.60	 -52.95
  68.70	 -34.20	 -54.75
  72.45	 -35.25	 -58.50
  79.05	 -37.05	 -65.40
  76.05	 -33.45	 -65.10
  76.95	 -29.55	 -69.30
  85.80	 -25.50	 -71.85
  95.55	 -26.40	 -70.65
 120.00	 -11.85	 -75.60
 136.05	  -5.10	 -79.35
 141.60	   0.30	 -89.40
 161.70	   3.75	 -89.85
 174.60	   7.80	 -80.70
 159.75	  -4.20	 -78.90
 153.90	 -16.35	 -79.95
 160.95	 -20.40	 -89.55
 173.25	 -18.30	 -98.85
 178.05	 -14.25	-110.25
 168.45	 -13.20	-111.00
 143.40	 -21.30	-112.95
 122.85	 -26.40	-119.85
 103.95	 -38.70	-115.95
  54.60	 -52.80	 -85.05
   6.30	 -62.70	 -61.20
  11.55	 -58.65	 -65.55
  19.95	 -56.85	 -65.55
  29.25	 -54.60	 -70.05
  37.50	 -54.45	 -66.15
  44.40	 -50.70	 -69.45
  44.85	 -51.75	 -71.25
  44.70	 -49.35	 -66.75
  48.30	 -49.05	 -55.35
  16.05	 -59.55	 -39.30
  -8.40	 -67.20	 -36.30
  -3.90	 -67.65	 -39.60
   4.20	 -64.80	 -45.30
   9.45	 -58.50	 -48.15
  18.45	 -56.10	 -52.80
 -16.50	 -70.95	 -24.60
 -53.85	 -85.05	   0.15
 -85.80	 -98.40	  30.60
-115.35	 -97.65	  49.80
-115.50	 -96.30	  53.70
-103.35	 -94.20	  45.60
 -89.55	 -92.40	  44.25
 -80.85	 -93.75	  38.55
 -82.20	 -89.10	  36.60
 -88.35	 -88.05	  32.55
 -92.40	 -88.35	  35.10
 -93.15	 -89.10	  29.55
 -88.65	 -86.40	  31.95
 -90.45	 -90.75	  27.90
-100.20	 -87.00	  28.50
 -97.50	 -92.25	  30.90
 -91.20	 -83.85	  30.90
 -92.25	 -82.05	  27.90
 -90.15	 -83.40	  27.45
 -93.15	 -83.70	  27.30
 -94.50	 -85.35	  26.85
 -91.35	 -82.50	  27.30
 -94.50	 -81.60	  24.15
 -93.90	 -90.30	  21.45
 -95.85	 -85.80	  21.75
 -88.80	 -89.10	  28.80
 -85.35	 -92.25	  27.45
 -86.55	 -87.75	  31.05
 -96.90	 -87.75	  34.35
-103.65	 -86.10	  33.00
 -82.65	 -64.65	  16.80
 -72.00	 -74.25	  -5.10
 -65.25	 -79.65	  -9.75
 -64.50	 -84.75	 -11.85
 -61.20	 -81.75	  -9.00
 -62.55	 -77.25	  -7.95
 -63.90	 -78.30	 -10.20
 -59.85	 -82.05	 -11.40
 -56.10	 -80.40	  -9.75
 -52.95	 -78.60	  -9.45
 -55.35	 -80.70	 -12.60
 -57.00	 -80.55	  -7.95
 -58.20	 -78.15	 -13.05
 -69.30	 -84.75	 -11.55
 -71.70	 -86.10	 -10.20
 -71.10	 -89.10	  -4.20
 -72.45	 -99.30	   0.00
 -69.45	-109.95	   4.65
 -28.80	-124.50	 -19.95
  14.25	 -99.60	 -66.90
  35.10	 -50.10	 -62.25
  36.30	 -31.20	 -45.15
  60.45	 -11.10	 -36.15
  63.75	 -24.75	 -41.70
  65.55	 -27.00	 -39.90
  61.95	 -31.80	 -36.90
  54.60	 -33.30	 -36.90
  47.10	 -34.20	 -36.75
  37.05	 -41.55	 -38.25
  29.85	 -50.55	 -29.85
  18.90	 -52.05	 -25.20
   1.35	 -58.50	 -20.55
 -19.65	 -63.75	 -15.60
 -31.20	 -68.40	 -11.70
 -31.50	 -72.00	  -9.15
  -9.75	 -60.75	 -16.65
 -16.50	 -63.90	 -13.20
 -26.25	 -67.80	 -10.35
 -31.95	 -72.00	 -12.45
 -40.05	 -73.50	 -12.75
 -41.10	 -78.30	 -15.45
 -36.30	 -76.80	 -12.45
 -36.30	 -76.80	 -15.00
 -34.20	 -74.55	 -13.95
 -35.40	 -72.60	 -11.10
 -33.45	 -68.40	 -11.70
 -45.60	 -64.35	 -10.20
 -48.30	 -67.80	  -9.00
 -56.85	 -67.80	 -12.60
 -64.20	 -65.25	  -9.75
 -72.30	 -69.30	  -8.55
 -76.50	 -73.20	  -7.35
 -91.50	 -71.70	  -8.40
 -91.05	 -77.70	  -9.00
 -97.05	 -78.30	  -3.30
-104.85	 -74.55	  -3.60
-111.45	 -74.55	  -3.30
-122.25	 -71.55	   1.20
-133.35	 -70.80	  11.55
-141.75	 -75.15	  13.05
-154.80	 -82.05	  19.80
-160.35	 -85.35	  16.05
-166.05	 -86.55	  17.10
-173.85	 -89.10	  22.20
-183.30	 -92.10	  27.00
-189.75	 -91.50	  28.65
-200.85	 -88.95	  30.45
-211.95	 -91.20	  29.70
-219.75	 -92.10	  33.60
-209.55	-106.05	  33.90
-179.25	 -96.15	  24.75
-153.00	 -84.60	  13.95
-132.75	 -78.00	   4.65
-121.20	 -75.60	   1.20
 -93.45	 -71.25	  -8.70
 -87.15	 -70.20	 -10.95
 -84.30	 -68.25	 -13.65
 -72.30	 -66.30	 -17.40
 -61.50	 -66.30	 -22.50
 -48.75	 -63.45	 -32.10
 -33.45	 -62.10	 -38.55
 -36.90	 -63.45	 -40.20
 -56.55	 -75.00	 -31.50
 -97.65	 -90.60	 -17.70
-137.55	 -90.45	  -3.60
-163.50	 -95.85	   6.00
-180.90	-117.75	  10.95
-199.35	-125.70	  19.05
-201.60	-123.15	  21.60
-183.90	-114.00	  15.75
-162.75	-103.95	   7.80
-147.45	 -97.50	   3.30
-122.40	 -91.95	  -8.40
-106.95	 -92.70	 -15.00
-106.65	 -82.35	 -13.20
-106.65	 -83.10	 -16.50
-119.85	 -80.55	  -9.45
-125.40	 -83.85	  -7.95
-118.80	 -91.50	 -10.20
-122.70	 -88.35	  -6.00
-123.60	 -80.10	   2.55
-116.40	 -81.75	  -4.20
-111.60	 -91.35	  -7.50
-108.60	 -91.80	 -11.55
-110.10	 -91.35	 -10.80
-111.45	 -84.90	 -12.00
-110.70	 -83.10	 -12.00
-109.95	 -84.60	 -13.20
-108.90	 -82.05	 -12.75
-103.20	 -83.25	 -14.40
-102.00	 -85.05	 -15.15
-106.20	 -87.90	 -15.45
-107.85	 -86.25	 -16.35
-110.10	 -86.55	 -13.65
-116.40	 -87.30	 -11.85
-118.95	 -87.00	 -10.80
-123.75	 -88.35	  -9.30
-117.30	 -87.45	 -11.40
-117.00	 -86.10	 -12.45
-115.80	 -90.15	 -13.95
-117.00	 -89.40	 -13.95
-111.90	 -86.55	 -17.10
-106.95	 -86.40	 -18.00
-102.90	 -84.90	 -18.75
 -99.15	 -81.75	 -19.65
 -98.40	 -73.65	 -22.50
-102.45	 -57.45	 -19.95
-100.95	 -42.45	 -23.25
 -92.10	 -40.65	 -28.05
-107.25	 -40.20	 -19.20
-107.85	 -43.50	 -18.45
-102.45	 -48.75	 -19.65
-101.70	 -56.40	 -17.10
-119.10	 -69.15	  -6.90
-176.40	 -79.65	  17.40
-213.15	 -88.80	  32.10
-212.85	 -91.05	  31.80
-217.35	 -88.20	  30.90
-216.45	 -88.80	  27.00
-211.20	 -91.50	  28.20
-208.05	 -91.80	  23.70
-200.25	 -92.40	  23.70
-195.30	 -90.75	  22.05
-190.20	 -90.45	  19.50
-185.55	 -87.30	  21.45
-183.15	 -86.70	  19.80
-181.20	 -86.55	  20.70
-172.35	 -87.30	  18.45
-166.05	 -83.70	  19.65
-166.50	 -83.70	  18.90
-162.90	 -83.40	  18.30
-142.50	 -82.20	  12.60
-126.15	 -78.30	  10.95
-124.80	 -77.70	  11.10
-125.55	 -79.95	  13.05
-127.65	 -79.80	  15.75
-125.55	 -82.20	  17.70
-124.05	 -82.20	  21.15
-121.05	 -82.65	  20.55
-116.70	 -85.50	  22.95
-121.95	 -83.25	  25.50
-123.60	 -81.60	  26.85
-139.05	 -87.45	  34.95
-141.60	 -88.65	  36.00
-139.80	 -88.20	  36.75
-138.15	 -88.35	  35.10
-138.15	 -86.25	  35.85
-133.65	 -90.60	  34.65
-133.35	 -88.80	  32.85
-130.50	 -88.65	  33.45
-126.00	 -88.35	  32.10
-131.70	 -88.20	  32.70
-125.25	 -87.00	  29.85
-115.80	 -84.90	  27.45
-113.85	 -82.50	  26.25
-112.35	 -83.70	  22.50
-100.05	 -79.80	  17.25
 -98.10	 -78.00	  10.20
 -92.10	 -78.45	   2.25
 -93.00	 -77.25	  -2.85
 -86.40	 -73.50	  -7.95
 -83.85	 -76.05	 -13.20
 -84.15	 -75.30	  -9.90
 -93.45	 -66.60	  -3.60
-102.15	 -66.15	  -0.30
-104.85	 -69.90	  -1.35
-101.85	 -67.95	  -7.65
 -92.40	 -67.50	 -10.05
 -88.05	 -68.85	 -10.80
 -79.95	 -68.85	 -13.65
 -60.30	 -71.25	  -9.90
 -54.00	 -69.45	  -9.90
 -38.55	 -65.10	 -12.75
 -21.15	 -61.50	 -15.90
 -12.00	 -59.10	 -19.50
 -15.75	 -60.60	 -18.00
 -15.00	 -61.05	 -18.30
  -9.75	 -58.65	 -21.15
  -6.30	 -58.65	 -19.65
 -10.80	 -61.50	 -18.90
 -12.60	 -61.20	 -19.65
 -14.25	 -61.35	 -23.10
 -27.30	 -64.20	 -22.20
 -34.50	 -64.65	 -22.35
 -38.40	 -66.30	 -20.70
 -37.50	 -65.10	 -19.80
 -38.40	 -65.55	 -19.20
 -33.75	 -63.60	 -18.30
 -30.15	 -63.90	 -15.45
 -26.25	 -58.95	 -15.15
 -27.90	 -60.30	 -15.45
 -46.05	 -64.80	 -14.85
 -64.80	 -74.10	 -12.30
 -61.35	 -72.00	 -12.00
 -65.55	 -71.55	 -11.10
 -75.15	 -75.15	  -7.80
 -79.65	 -76.65	 -10.05
 -81.75	 -77.70	 -10.80
 -74.55	 -78.30	  -7.65
 -79.05	 -78.30	  -5.10
 -79.35	 -79.05	  -1.80
 -86.70	 -82.05	  -1.35
 -89.10	 -80.40	  -4.20
 -79.05	 -82.35	  -4.65
 -79.20	 -85.50	  -6.75
 -76.35	 -86.55	  -7.80
 -75.60	 -78.90	 -11.55
 -76.95	 -71.55	 -15.15
 -80.70	 -73.65	 -14.40
 -87.30	 -75.90	 -16.35
-108.60	 -80.70	 -11.10
-111.60	 -83.25	 -10.35
-112.95	 -89.70	 -13.95
-102.90	 -93.45	 -19.05
 -94.35	 -87.30	 -25.20
 -91.80	 -87.30	 -26.55
 -88.80	 -87.30	 -23.70
 -93.45	 -83.10	 -25.35
-100.35	 -82.35	 -30.90
 -94.65	 -89.10	 -30.60
 -96.15	 -88.80	 -24.75
 -97.50	 -88.65	 -24.15
-102.60	 -86.40	 -19.80
-100.20	 -81.75	 -19.65
 -91.35	 -78.15	 -23.25
 -89.55	 -75.60	 -27.00
 -83.25	 -74.85	 -29.25
 -79.65	 -73.65	 -27.75
 -82.50	 -74.85	 -24.75
 -84.60	 -79.35	 -24.90
 -84.60	 -74.25	 -27.90
 -91.05	 -69.60	 -26.55
 -96.15	 -67.05	 -31.05
 -93.45	 -69.45	 -31.20
 -89.10	 -75.60	 -26.55
 -91.95	 -73.95	 -23.10
 -98.10	 -75.00	 -21.30
 -99.90	 -73.35	 -20.40
-101.10	 -73.20	 -20.55
-110.70	 -79.35	 -23.10
-111.30	 -80.40	 -19.95
-109.95	 -75.00	 -16.80
-110.25	 -74.25	 -15.00
-112.65	 -74.40	 -12.30
-112.65	 -71.85	 -14.40
-111.30	 -72.30	 -13.05
-107.70	 -75.30	 -12.75
-116.55	 -73.50	 -10.95
-119.70	 -71.85	 -12.30
-119.40	 -71.55	 -11.55
-115.50	 -68.40	 -10.95
-113.10	 -73.35	 -15.90
-109.80	 -68.55	 -15.15
-111.30	 -72.60	 -16.35
-110.55	 -72.90	 -13.35
-108.60	 -72.90	 -12.30
 -99.15	 -67.80	 -13.35
 -96.15	 -72.30	  -9.75
-105.30	 -66.00	  -7.50
-103.50	 -66.30	  -7.50
-104.25	 -64.80	  -9.00
-102.15	 -72.00	 -11.70
 -96.30	 -69.90	 -10.20
 -93.90	 -68.85	  -8.55
 -94.20	 -66.90	  -9.45
 -91.05	 -64.50	  -9.75
 -88.65	 -66.15	  -6.60
 -89.85	 -64.80	  -3.45
 -92.40	 -69.60	   1.20
 -92.25	 -66.15	   5.40
 -93.00	 -73.50	   9.90
 -99.90	 -73.35	  11.10
-100.35	 -73.20	   9.15
-101.55	 -74.25	   3.30
-104.10	 -75.00	   1.80
-106.95	 -76.50	   4.65
-103.20	 -73.35	   8.55
-101.70	 -72.60	   8.25
-102.45	 -72.60	  12.60
-103.35	 -74.55	   9.15
-104.25	 -82.50	   7.80
-104.10	 -84.15	   5.85
-105.60	 -82.35	   7.65
-102.90	 -82.05	  12.45
-100.20	 -81.45	  15.90
-108.15	 -84.90	  19.05
-111.75	 -86.40	  24.90
-115.05	 -86.40	  29.40
-115.80	 -80.85	  32.25
-114.90	 -87.00	  32.85
-115.05	 -94.20	  40.35
-116.40	 -87.30	  46.50
-119.55	 -88.20	  48.15
-123.75	 -86.25	  49.35
-132.60	 -91.05	  48.00
-134.25	 -93.75	  45.90
-130.20	 -94.20	  46.65
-133.80	-100.05	  47.70
-141.00	-102.00	  48.75
-145.20	 -99.30	  46.65
-132.45	 -94.20	  52.50
-128.85	-101.25	  52.80
-128.70	-104.10	  54.00
-130.35	-100.95	  50.10
-132.75	 -97.05	  52.50
-132.60	-104.55	  47.55
-138.15	 -96.15	  46.80
-132.45	 -94.80	  47.10
-136.05	 -92.70	  52.20
-138.45	 -95.10	  52.35
-136.05	 -96.30	  47.10
-135.90	 -95.85	  46.05
-124.35	 -92.70	  51.45
-119.40	 -99.45	  46.50
-120.00	-103.50	  43.50
-120.45	 -99.90	  46.05
-118.20	 -98.70	  46.50
-124.05	 -95.85	  40.65
-131.25	 -87.90	  44.40
-134.25	 -86.70	  36.00
-120.00	 -95.85	  36.60
-129.30	 -86.55	  35.85
-132.60	 -88.80	  42.45
-134.10	 -93.60	  44.70
-133.20	 -86.10	  45.90
-139.20	 -92.40	  41.70
-138.90	 -96.15	  45.00
-139.50	 -90.60	  48.30
-135.15	 -97.65	  52.05
-134.85	-103.50	  59.40
-144.75	-100.20	  63.45
-133.80	 -98.10	  54.75
-112.20	 -89.70	  41.85
 -87.30	 -79.95	  22.20
 -77.40	 -77.40	  12.60
 -65.85	 -77.55	   5.10
 -55.35	 -76.95	   0.45
 -41.70	 -70.35	  -6.75
 -32.70	 -67.65	 -14.70
 -23.55	 -66.60	 -22.35
 -24.90	 -66.60	 -22.35
 -33.00	 -67.20	 -23.10
 -35.55	 -69.15	 -20.85
 -38.25	 -68.70	 -16.80
 -39.30	 -69.15	 -13.95
 -45.60	 -67.65	 -10.20
 -44.25	 -63.45	 -10.80
 -40.20	 -66.00	 -12.30
 -41.25	 -67.05	 -12.30
 -45.15	 -66.60	 -17.55
 -46.05	 -69.60	 -20.70
 -46.80	 -71.55	 -16.35
 -47.10	 -68.70	 -12.75
 -51.75	 -69.45	 -15.45
 -54.60	 -70.80	 -12.60
 -54.00	 -69.45	  -8.70
 -61.20	 -68.85	  -4.50
 -72.00	 -71.70	   1.80
 -80.10	 -75.75	   9.15
 -80.10	 -76.50	  14.70
 -70.20	 -73.20	   9.90
 -67.05	 -74.10	   8.25
 -52.95	 -69.45	   2.55
 -40.20	 -67.80	  -0.90
 -49.80	 -68.85	   1.20
 -59.55	 -70.65	   5.85
 -74.25	 -74.25	   6.60
 -85.65	 -77.55	   8.70
 -89.40	 -80.85	  12.45
 -90.45	 -81.60	  15.00
 -91.35	 -80.70	  12.60
 -94.20	 -81.60	  14.70
 -94.20	 -81.60	  16.80
 -92.40	 -80.70	  15.60
 -90.60	 -80.70	  15.60
 -79.95	 -78.15	  12.30
 -77.55	 -76.80	  11.70
 -77.70	 -76.95	  11.55
 -67.80	 -75.15	   7.05
 -49.80	 -69.60	  -3.75
 -30.15	 -65.10	 -12.75
 -16.05	 -61.80	 -19.05
 -14.10	 -62.25	 -21.15
 -12.00	 -59.85	 -20.85
 -21.15	 -63.00	 -18.15
 -21.45	 -66.00	 -16.35
 -26.10	 -65.40	 -15.00
 -29.25	 -66.00	 -14.10
 -45.30	 -67.05	  -4.95
 -61.50	 -72.60	   1.95
 -52.35	 -71.10	  -4.20
 -39.90	 -69.30	 -10.80
 -43.95	 -69.30	 -11.10
 -46.65	 -71.25	  -9.45
 -49.80	 -74.40	 -10.80
 -52.20	 -76.50	 -10.95
 -49.65	 -73.50	 -12.00
 -43.20	 -70.80	 -13.35
 -40.05	 -70.20	 -15.00
 -34.95	 -67.20	 -17.55
 -29.70	 -67.65	 -21.30
 -40.65	 -70.35	 -17.10
 -45.60	 -70.95	 -14.25
 -49.20	 -71.25	 -16.50
 -50.40	 -73.50	 -15.00
 -48.90	 -72.75	 -16.80
 -51.30	 -72.30	 -16.35
 -53.70	 -72.75	 -15.75
 -53.70	 -72.75	 -16.05
 -58.05	 -74.55	 -15.00
 -66.30	 -76.65	 -12.30
 -68.85	 -75.90	 -13.05
 -71.85	 -76.65	  -9.30
 -70.65	 -78.60	 -12.00
 -72.60	 -77.70	 -10.05
 -72.75	 -79.35	 -11.70
 -70.35	 -77.70	 -12.30
 -61.35	 -75.30	 -15.00
 -51.75	 -72.75	 -16.80
 -43.50	 -70.80	 -18.45
 -36.30	 -68.70	 -20.10
 -20.70	 -65.55	 -26.55
  11.70	 -55.05	 -34.50
   1.05	 -59.10	 -34.20
 -12.60	 -61.50	 -30.30
 -25.65	 -66.60	 -24.60
 -32.85	 -70.05	 -25.20
 -35.55	 -69.45	 -23.55
 -34.20	 -66.90	 -24.90
 -44.10	 -69.15	 -23.10
 -42.30	 -67.65	 -24.90
 -39.15	 -67.50	 -27.00
 -33.60	 -65.25	 -27.00
 -34.20	 -66.15	 -27.15
 -35.55	 -65.85	 -27.45
 -34.50	 -65.40	 -27.90
 -36.00	 -67.20	 -26.10
 -36.60	 -70.05	 -27.75
 -39.00	 -69.15	 -29.70
 -44.70	 -70.05	 -30.60
 -46.80	 -70.35	 -28.50
 -47.70	 -72.45	 -28.20
 -58.80	 -76.05	 -29.40
 -59.40	 -78.45	 -24.45
 -58.20	 -76.65	 -20.70
 -64.80	 -77.70	 -19.95
 -69.60	 -78.15	 -18.45
 -75.75	 -78.60	 -13.95
 -82.35	 -79.05	 -12.45
 -84.75	 -79.95	  -9.30
 -88.95	 -80.85	 -10.20
 -86.70	 -82.65	  -7.35
 -88.80	 -83.25	 -11.10
 -85.50	 -84.00	 -12.30
 -85.05	 -86.25	 -12.60
 -76.50	 -81.60	  -6.60
 -69.90	 -75.00	  -6.15
 -66.75	 -74.10	  -8.55
 -61.35	 -76.05	 -14.70
 -45.75	 -75.60	 -12.30
 -39.90	 -73.65	  -6.75
 -44.70	 -76.65	  -2.70
 -48.00	 -71.85	  -8.55
 -51.75	 -73.50	 -10.65
 -45.60	 -72.75	 -12.45
 -47.55	 -74.10	 -12.60
 -48.15	 -74.55	  -9.15
 -66.30	 -81.45	  -0.90
 -65.10	 -79.80	   1.80
 -69.90	 -79.05	   2.85
 -79.65	 -81.45	   3.75
 -74.10	 -78.45	   2.25
 -76.05	 -77.55	   0.30
-125.10	 -84.90	  10.95
-137.85	 -92.70	  20.10
-147.60	 -78.45	  38.70
-120.75	 -71.55	  35.40
-109.20	 -65.40	  30.90
 -99.45	 -68.55	  27.30
 -94.50	 -66.15	  27.15
-106.05	 -59.40	  31.80
 -96.45	 -63.75	  25.20
 -97.95	 -70.35	  21.75
 -91.20	 -65.40	  23.85
 -90.75	 -70.95	  21.60
 -88.35	 -69.30	  23.70
 -92.25	 -78.60	  25.35
 -99.90	 -77.70	  33.30
-115.50	 -85.35	  44.10
-124.05	 -90.30	  39.90
-123.75	 -90.30	  39.90
-127.50	 -95.85	  45.75
-134.85	 -99.15	  53.85
-145.95	-102.90	  62.10
-160.50	-106.05	  67.80
-166.65	-107.40	  72.75
-160.05	-111.45	  65.85
-160.20	-111.90	  65.55
-155.70	-110.85	  61.50
-146.55	-106.80	  56.10
-131.25	 -99.30	  37.05
-122.70	 -96.45	  29.85
-117.75	 -92.70	  25.65
-115.50	 -91.95	  20.55
-113.25	 -87.45	  19.50
-116.55	 -91.20	  20.85
-114.75	 -89.40	  16.80
-109.80	 -92.85	  21.45
-115.65	 -95.85	  27.75
-115.80	 -96.00	  26.10
 -97.50	 -86.70	  13.20
 -83.25	 -83.70	   4.50
 -82.50	 -83.25	   1.95
 -91.35	 -88.80	   8.55
 -85.80	 -86.25	   6.00
 -78.15	 -81.75	   3.75
 -81.75	 -82.50	   5.25
 -84.00	 -81.75	   3.45
 -82.05	 -80.10	  -0.60
 -65.10	 -74.55	 -15.00
 -59.10	 -72.00	 -15.45
 -68.70	 -74.55	  -1.35
 -92.70	 -84.90	  15.45
 -77.55	 -75.75	  -0.60
 -63.00	 -70.80	 -12.60
 -57.45	 -65.25	 -18.45
 -48.00	 -62.70	 -28.05
 -49.80	 -59.70	 -27.30
 -69.60	 -74.10	 -17.40
 -79.65	 -81.75	  -9.75
 -66.30	 -78.15	 -15.90
 -62.70	 -74.40	 -14.40
 -65.10	 -76.05	 -10.95
 -59.70	 -74.10	 -16.35
 -49.20	 -68.70	 -23.10
 -41.55	 -65.85	 -28.95
 -34.50	 -62.85	 -30.90
 -27.30	 -60.45	 -36.15
 -29.40	 -58.05	 -34.95
 -33.00	 -61.35	 -33.00
 -42.45	 -64.50	 -23.25
 -53.10	 -66.30	 -17.40
 -55.05	 -70.65	 -13.50
 -56.85	 -70.35	 -12.60
 -60.15	 -72.90	 -10.05
 -65.85	 -75.00	  -4.35
 -84.90	 -86.40	  10.95
 -93.45	 -88.20	  16.80
-100.95	 -92.10	  22.20
 -99.30	 -93.00	  24.90
-102.00	 -93.90	  24.75
-100.80	 -95.55	  25.65
-111.60	-101.70	  39.90
-136.05	-105.90	  70.95
-126.15	-112.50	  74.25
-115.50	-105.90	  64.35
-104.55	-103.95	  50.85
 -96.90	-102.00	  36.90
 -86.55	 -98.40	  29.55
 -80.10	 -93.00	  21.60
 -70.95	 -88.95	  11.40
 -67.65	 -85.35	   8.40
 -64.20	 -86.25	   7.05
 -58.50	 -83.40	   1.05
 -54.00	 -79.80	   0.00
 -50.55	 -78.15	  -2.70
 -52.35	 -77.70	  -2.25
 -50.85	 -77.70	  -1.65
 -47.40	 -78.00	  -4.35
 -48.75	 -77.40	  -4.20
 -46.80	 -77.70	  -2.70
 -56.10	 -84.30	  12.30
 -58.20	 -85.50	  16.35
 -54.75	 -85.35	  11.70
 -49.05	 -76.65	   2.70
 -43.65	 -73.50	  -3.90
 -40.80	 -72.00	  -8.40
 -37.65	 -68.55	 -14.10
 -33.00	 -64.65	 -19.50
 -30.90	 -62.85	 -22.35
 -32.10	 -65.55	 -22.20
 -32.55	 -65.55	 -19.95
 -32.70	 -65.10	 -21.30
 -30.15	 -65.40	 -20.85
 -30.90	 -65.40	 -18.75
 -33.00	 -68.70	 -12.75
 -39.00	 -75.00	  -0.30
 -47.70	 -80.85	  12.00
 -54.00	 -88.65	  22.05
 -63.60	 -96.75	  34.20
 -62.70	 -96.90	  33.60
 -63.60	 -95.55	  31.95
 -57.75	 -90.75	  27.15
 -52.80	 -86.55	  20.40
 -46.35	 -81.60	  12.45
 -40.80	 -76.05	   3.60
 -39.00	 -73.95	   1.05
 -40.05	 -74.55	  -0.30
 -39.45	 -74.85	   1.20
 -42.00	 -76.65	   1.65
 -44.85	 -78.00	   5.40
 -45.75	 -79.95	   5.70
 -47.10	 -78.60	   6.15
 -47.55	 -81.75	  11.85
 -48.45	 -82.05	  10.20
 -49.65	 -83.40	  10.95
 -50.70	 -85.35	  12.00
 -52.80	 -85.05	  14.85
 -53.40	 -86.25	  14.40
 -53.40	 -84.75	  14.40
 -52.80	 -85.50	  13.35
 -53.70	 -86.40	  16.05
 -55.65	 -88.80	  17.10
 -58.50	 -90.75	  22.35
 -65.85	 -96.30	  35.55
 -71.10	-103.50	  43.20
 -73.50	-105.60	  47.40
 -74.25	-108.45	  51.00
 -78.30	-109.65	  52.50
 -76.35	-110.85	  54.60
 -79.35	-112.95	  57.75
 -81.45	-114.60	  63.00
 -84.90	-118.05	  65.10
 -86.25	-117.15	  67.80
 -84.30	-116.40	  67.50
 -77.70	-104.25	  57.45
 -81.45	 -99.15	  49.35
 -80.40	 -99.45	  49.80
 -79.95	-102.00	  55.35
 -81.45	-105.75	  58.20
 -83.40	-108.15	  55.50
 -83.70	-107.55	  56.85
 -82.95	-106.50	  56.10
 -81.60	-106.65	  57.30
 -81.00	-104.55	  56.85
 -79.65	-107.25	  58.95
 -82.65	-108.15	  61.05
 -83.10	-107.40	  60.30
 -82.20	-107.25	  59.40
 -82.20	-107.85	  61.50
 -82.65	-107.70	  61.80
 -81.45	-109.05	  62.25
 -79.65	-107.25	  58.95
 -79.20	-106.80	  58.95
 -82.50	-110.10	  60.45
 -82.20	-110.10	  59.70
 -84.15	-111.00	  61.35
 -85.35	-112.20	  66.60
 -87.30	-111.60	  67.05
 -87.90	-112.20	  71.70
 -87.90	-115.50	  70.20
 -88.65	-114.30	  71.25
 -89.70	-115.50	  73.50
 -90.30	-116.70	  76.35
 -91.50	-117.30	  79.80
 -94.20	-118.35	  79.80
 -91.80	-118.65	  79.20
 -92.25	-118.35	  79.35
 -91.80	-117.15	  79.95
 -92.40	-118.20	  81.00
 -93.00	-117.75	  84.60
 -94.20	-118.80	  89.40
 -96.15	-122.25	  93.15
 -96.75	-124.35	  94.80
 -97.05	-123.90	  92.25
 -97.20	-124.80	  94.65
 -98.40	-126.00	  96.45
 -98.10	-126.90	  96.00
 -99.90	-127.05	  95.40
 -97.65	-126.30	  95.10
 -99.90	-129.60	  93.60
-100.80	-129.45	  94.20
 -99.30	-127.65	  94.50
-100.50	-128.10	  94.65
 -97.50	-125.40	  94.50
 -91.80	-120.75	  84.00
 -82.35	-111.00	  69.15
 -75.90	-105.30	  51.60
 -61.35	 -88.65	  20.85
 -55.50	 -84.90	  10.65
 -51.75	 -82.05	   5.10
 -46.35	 -76.50	  -1.35
 -44.10	 -73.50	  -5.40
 -38.55	 -67.20	 -15.00
 -24.00	 -56.10	 -36.90
 -24.90	 -55.50	 -39.00
 -29.55	 -61.20	 -31.05
 -45.00	 -70.05	 -10.35
 -56.55	 -80.10	   5.85
 -55.65	 -85.50	  10.05
 -52.95	 -82.35	   3.60
 -48.30	 -79.20	  -1.20
 -42.30	 -76.80	  -6.15
 -35.40	 -72.60	 -14.40
 -34.95	 -72.75	 -14.25
 -42.60	 -76.05	 -13.50
 -38.25	 -76.50	 -20.85
 -35.40	 -75.60	 -17.70
 -37.80	 -77.55	 -14.25
 -45.75	 -78.45	 -11.85
 -39.90	 -76.35	 -11.55
 -39.30	 -77.55	  -7.65
 -43.20	 -76.35	  -0.90
 -39.30	 -73.95	   0.00
 -22.20	 -67.50	  -5.70
  -9.45	 -62.85	 -12.45
 -13.05	 -63.00	 -11.85
 -20.70	 -64.20	  -9.00
 -25.35	 -64.35	  -7.35
 -23.85	 -62.10	 -12.00
 -28.95	 -62.55	 -13.20
 -27.75	 -59.70	 -20.70
 -22.80	 -49.20	 -28.95
 -24.45	 -33.30	 -22.95
 -27.30	 -40.65	  -2.70
 -27.30	 -38.40	 -19.20
 -10.05	 -43.95	 -42.00
  13.20	 -38.25	 -51.75
   9.90	 -36.00	 -55.80
  11.10	 -36.60	 -56.85
  14.10	 -37.20	 -57.90
  12.75	 -36.00	 -56.25
  12.00	 -36.75	 -60.30
  14.25	 -37.05	 -62.10
  15.90	 -39.90	 -60.75
   9.00	 -42.75	 -48.75
   3.75	 -42.75	 -49.05
  -1.05	 -45.15	 -51.45
   1.20	 -48.30	 -47.55
  -4.95	 -54.15	 -32.55
 -12.75	 -58.50	 -25.65
  -4.50	 -53.10	 -28.50
   5.25	 -50.10	 -32.10
   6.30	 -52.05	 -29.85
   0.45	 -57.45	 -25.20
 -12.00	 -66.60	 -12.75
 -22.50	 -71.10	   0.45
 -30.45	 -75.75	   8.70
 -45.30	 -84.75	  22.50
 -49.05	 -84.75	  24.45
 -53.25	 -88.20	  27.90
 -53.85	 -92.85	  26.55
 -55.50	 -92.70	  25.65
 -58.80	 -89.70	  26.10
 -58.50	 -88.95	  23.85
 -57.75	 -93.00	  22.35
 -45.00	 -88.80	   3.75
 -40.95	 -80.40	   4.20
 -45.00	 -85.05	  15.90
 -48.30	 -93.90	  22.95
 -40.20	 -93.15	  17.70
 -48.30	 -89.10	  16.65
 -55.80	 -93.00	  20.85
 -55.05	-100.80	  21.30
 -53.85	 -97.20	  15.15
 -51.60	 -96.15	  19.65
 -54.15	-101.70	  21.15
 -54.90	 -96.45	  22.50
 -50.70	 -96.30	  22.05
 -50.55	 -91.05	  23.70
 -48.30	 -91.80	  21.75
 -50.85	 -96.90	  22.50
 -53.25	 -97.05	  25.65
 -55.80	 -97.05	  31.20
 -54.60	 -94.65	  29.25
 -50.55	 -91.05	  28.50
 -49.95	 -89.40	  29.40
 -50.70	 -91.20	  31.95
 -59.70	-104.25	  37.65
 -71.55	-110.10	  48.30
 -85.05	-111.60	  55.65
 -83.10	-115.05	  55.50
 -81.45	-114.90	  56.85
 -84.30	-123.00	  56.10
 -82.95	-124.05	  51.60
 -82.65	-127.20	  51.00
 -84.30	-127.80	  51.60
 -85.80	-122.70	  50.85
 -84.75	-124.80	  47.55
 -84.15	-125.40	  44.40
 -83.85	-131.25	  49.20
 -89.70	-130.20	  47.70
 -88.20	-125.10	  49.65
 -86.10	-125.40	  54.00
 -85.05	-121.50	  52.80
 -75.75	-112.20	  44.40
 -71.10	-104.55	  39.45
 -65.55	-102.45	  37.20
 -57.30	 -94.80	  33.75
 -54.00	 -94.50	  31.20
 -51.60	 -90.60	  25.20
 -47.10	 -86.10	  18.75
 -43.05	 -82.05	  12.00
 -30.90	 -75.00	   4.65
 -22.80	 -69.45	  -3.60
 -26.10	 -73.20	   4.35
 -30.90	 -77.55	   9.45
 -36.75	 -86.40	  18.30
 -35.85	 -89.55	  17.10
 -37.50	 -87.90	  15.75
 -38.55	 -89.40	   9.45
 -41.70	 -87.00	  -0.90
 -42.30	 -84.90	  -5.40
 -37.95	 -79.65	  -8.55
 -41.55	 -82.35	  -7.65
 -48.15	 -83.40	  -7.35
 -47.40	 -83.40	  -7.65
 -42.30	 -79.80	  -8.40
 -29.70	 -71.70	 -13.50
 -27.15	 -68.70	 -15.45
 -23.55	 -67.65	 -14.70
 -22.05	 -64.65	 -13.95
 -17.10	 -60.75	 -14.85
 -10.35	 -55.35	 -17.70
  -9.15	 -52.20	 -20.55
 -13.05	 -53.85	 -19.20
 -10.20	 -55.80	 -18.75
  -6.00	 -53.40	 -19.20
  -7.65	 -53.25	 -18.75
  -9.15	 -52.50	 -18.30
 -12.30	 -57.15	 -15.60
 -16.50	 -58.05	 -13.20
 -16.80	 -59.10	 -15.00
 -19.95	 -59.40	 -13.35
 -23.70	 -63.75	 -10.35
 -27.30	 -63.75	 -11.10
 -29.70	 -64.35	  -9.90
 -34.20	 -69.45	  -7.95
 -38.40	 -70.80	  -5.70
 -42.30	 -73.50	  -5.10
 -42.30	 -76.50	  -2.55
 -45.15	 -76.05	  -1.80
 -39.00	 -73.50	  -4.35
 -28.05	 -65.25	  -6.75
 -32.25	 -68.70	  -7.35
 -33.45	 -69.15	  -7.95
 -30.30	 -66.30	  -7.50
 -29.25	 -65.25	  -6.75
 -33.45	 -67.20	  -4.65
 -31.80	 -67.50	  -5.25
 -33.30	 -70.05	  -6.30
 -32.70	 -69.45	  -9.45
 -31.80	 -69.30	  -9.30
 -32.25	 -69.90	  -9.45
 -34.20	 -69.15	  -9.15
 -36.90	 -69.60	  -9.30
 -35.55	 -67.20	  -9.45
 -27.00	 -62.25	 -11.85
  -6.60	 -54.00	 -18.75
   9.90	 -45.15	 -24.90
  11.70	 -44.10	 -24.90
  12.30	 -44.70	 -22.50
   8.25	 -45.75	 -23.25
   1.05	 -48.45	 -22.05
   1.65	 -49.35	 -23.25
   7.95	 -47.40	 -24.60
  -9.90	 -54.45	 -20.85
  -7.05	 -53.85	 -23.25
  -4.35	 -51.45	 -22.80
   0.30	 -49.20	 -23.85
   0.45	 -49.05	 -25.50
  -0.45	 -50.55	 -25.80
  -1.05	 -50.70	 -25.35
  -4.95	 -49.35	 -23.70
 -10.05	 -51.60	 -25.50
  -6.30	 -48.75	 -25.80
  -0.90	 -48.00	 -27.00
   0.30	 -47.10	 -27.45
   3.45	 -44.70	 -28.50
   5.85	 -45.90	 -28.95
   8.25	 -45.00	 -30.30
   9.75	 -44.70	 -31.05
  16.05	 -42.60	 -35.25
  24.60	 -41.55	 -38.25
  28.05	 -36.60	 -41.25
  34.35	 -36.60	 -40.65
  36.75	 -35.55	 -39.00
  37.20	 -34.35	 -39.45
  39.30	 -33.75	 -40.35
  38.70	 -32.10	 -41.70
  38.40	 -32.10	 -41.70
  33.75	 -33.45	 -39.60
  31.05	 -32.10	 -37.65
  31.50	 -32.25	 -37.50
  34.50	 -29.40	 -37.80
  34.50	 -27.90	 -36.75
  34.65	 -29.85	 -35.10
  31.95	 -28.95	 -32.70
  31.50	 -29.70	 -34.20
  30.30	 -30.30	 -35.40
  28.20	 -30.90	 -37.50
  26.10	 -34.20	 -37.50
  24.90	 -34.50	 -37.80
  22.35	 -34.20	 -37.05
  17.10	 -36.60	 -35.85
  16.05	 -38.55	 -34.50
  16.35	 -39.90	 -35.10
  14.70	 -39.30	 -33.75
  12.60	 -39.45	 -35.40
  11.85	 -40.20	 -34.35
   7.65	 -41.85	 -32.25
   7.05	 -42.45	 -32.85
   5.10	 -42.60	 -32.25
   0.45	 -47.55	 -30.60
  -4.20	 -49.35	 -28.80
  -6.00	 -51.60	 -27.30
  -7.50	 -51.60	 -27.75
 -10.20	 -52.95	 -28.65
 -10.35	 -52.80	 -27.30
 -11.55	 -53.10	 -27.00
  -9.75	 -52.80	 -27.30
 -10.35	 -51.30	 -31.80
  -9.45	 -52.20	 -30.15
 -11.40	 -52.95	 -28.65
 -13.65	 -54.90	 -30.60
 -14.85	 -54.15	 -28.50
 -14.70	 -54.75	 -29.70
 -18.30	 -56.25	 -28.20
 -22.20	 -58.65	 -27.00
 -25.50	 -60.45	 -27.30
 -30.90	 -59.85	 -25.65
 -32.10	 -60.75	 -24.75
 -34.20	 -64.35	 -22.35
 -36.00	 -63.15	 -24.15
 -35.85	 -62.70	 -24.00
 -37.20	 -64.20	 -24.75
 -37.65	 -62.70	 -25.20
 -37.50	 -63.90	 -25.65
 -36.30	 -64.35	 -25.35
 -37.65	 -65.25	 -25.80
 -39.15	 -64.80	 -26.25
 -43.05	 -67.20	 -25.35
 -48.00	 -70.05	 -24.00
 -53.10	 -70.80	 -23.70
 -54.60	 -73.65	 -22.95
 -55.80	 -74.25	 -23.85
 -53.40	 -72.60	 -24.75
 -52.35	 -74.10	 -25.80
 -52.95	 -73.20	 -27.15
 -51.60	 -73.65	 -26.25
 -53.25	 -72.00	 -27.45
 -53.40	 -74.10	 -25.80
 -53.70	 -74.55	 -26.10
 -54.90	 -75.90	 -25.50
 -55.35	 -76.95	 -25.80
 -57.90	 -76.95	 -25.20
 -58.05	 -73.50	 -24.90
 -60.30	 -75.30	 -23.85
 -58.50	 -73.50	 -21.60
 -61.05	 -73.20	 -18.00
 -62.70	 -71.55	 -14.85
 -63.45	 -70.80	 -13.65
 -61.50	 -70.35	 -15.90
 -61.20	 -70.05	 -11.85
 -63.45	 -70.80	  -9.00
 -60.75	 -73.65	 -11.85
 -60.60	 -74.55	 -11.40
 -57.75	 -72.00	 -12.75
 -55.50	 -72.75	 -11.40
 -55.50	 -72.00	 -10.95
 -55.35	 -69.30	  -9.75
 -54.45	 -72.00	  -8.70
 -51.00	 -68.70	 -13.20
 -45.90	 -67.65	 -17.55
 -40.65	 -65.25	 -16.65
 -38.70	 -60.45	 -16.35
 -37.65	 -61.50	 -14.85
 -31.05	 -56.40	 -17.40
 -28.95	 -52.50	 -21.30
 -21.60	 -47.70	 -30.15
 -17.25	 -44.40	 -34.50
 -16.05	 -45.15	 -42.30
  -4.50	 -43.95	 -49.05
  -7.65	 -46.65	 -47.40
 -14.70	 -46.35	 -47.70
 -19.50	 -50.40	 -47.40
 -20.70	 -50.85	 -42.75
 -22.80	 -49.65	 -30.45
 -40.20	 -51.30	 -13.65
 -48.15	 -52.50	  -7.35
 -82.50	 -56.85	  10.35
 -97.80	 -69.45	  19.80
 -80.55	 -93.45	  20.85
 -48.45	 -88.65	  17.55
 -69.90	 -78.60	   6.90
 -83.10	 -84.15	 -10.95
 -72.45	 -77.25	 -28.20
 -71.70	 -69.45	 -31.20
 -64.80	 -66.00	 -35.10
 -55.05	 -60.30	 -47.10
 -50.55	 -60.15	 -49.05
 -46.80	 -60.45	 -54.90
 -52.20	 -60.30	 -49.20
 -49.35	 -55.65	 -49.80
 -43.20	 -51.60	 -57.45
 -34.35	 -45.00	 -63.00
 -33.60	 -33.30	 -62.70
 -57.15	  -0.90	 -34.65
 -48.30	 -30.30	 -51.30
 -34.95	 -42.30	 -65.10
 -39.00	 -42.30	 -69.90
 -33.90	 -43.95	 -71.55
 -29.85	 -42.00	 -74.85
 -27.15	 -32.25	 -78.60
 -26.25	 -16.35	 -87.00
 -22.50	 -32.85	 -80.40
 -14.10	 -37.20	 -82.20
 -10.05	 -29.85	 -91.35
 -11.85	 -27.30	 -95.85
  -9.00	 -27.75	 -95.85
 -15.75	 -32.70	 -94.80
 -20.55	 -36.75	 -96.30
 -14.70	 -33.00	-100.35
 -11.10	 -31.05	-102.75
 -13.20	 -35.25	-104.40
  -8.70	 -41.10	-102.60
 -17.40	 -33.30	-103.20
 -17.10	 -27.75	-101.70
 -17.70	 -37.20	 -85.50
 -25.20	 -48.00	 -60.45
 -36.30	 -65.10	 -26.40
 -37.50	 -72.45	 -12.00
 -37.65	 -75.60	  -3.75
 -48.15	 -86.10	  17.25
 -61.80	 -86.70	  45.60
 -72.00	-105.90	  65.85
 -69.15	-106.65	  68.40
 -63.15	-108.90	  74.25
 -59.40	-109.80	  71.55
 -51.60	-114.15	  75.15
 -46.05	-108.60	  70.05
 -39.15	-109.05	  66.30
 -40.05	-108.15	  65.85
 -34.95	-103.35	  65.10
 -48.00	-103.95	  70.05
 -53.40	-105.30	  76.65
 -37.05	-100.05	  67.20
 -29.40	-103.65	  64.65
 -32.70	-106.20	  73.50
 -41.55	-109.20	  82.65
 -48.30	-116.70	  93.15
 -50.10	-115.95	  89.55
 -53.40	-113.85	  86.25
 -52.05	-106.05	  71.55
 -59.70	-115.65	  68.25
 -70.20	-118.80	  72.45
 -70.20	-117.00	  71.70
 -71.55	-115.65	  72.30
 -67.95	-116.55	  72.75
 -66.30	-113.85	  68.55
 -67.80	-111.60	  66.75
 -77.25	-121.05	  75.30
 -87.30	-131.40	  91.35
 -82.95	-127.80	  85.05
 -79.05	-123.90	  74.55
 -72.00	-119.10	  68.70
 -70.80	-115.95	  65.25
 -69.60	-111.90	  60.45
 -75.00	-109.95	  62.85
 -72.90	-108.30	  58.20
 -69.45	-108.90	  54.00
 -64.35	-106.95	  48.15
 -63.45	-111.90	  48.75
 -73.35	-113.10	  35.10
 -80.70	-105.30	  16.35
 -87.45	-106.20	  17.25
 -86.40	-108.15	  13.50
 -94.50	-111.75	  15.00
-118.95	-125.25	  25.50
-114.60	-123.75	  17.70
-113.85	-121.95	  17.40
 -87.45	-111.75	   6.60
 -67.95	-102.15	   5.40
 -68.40	-100.05	   2.85
 -61.05	 -94.20	  -1.35
 -49.95	 -87.15	  -4.65
 -42.00	 -78.45	  -9.00
 -34.65	 -75.60	 -15.90
 -28.80	 -72.60	 -20.70
 -40.65	 -83.25	 -21.15
 -29.40	 -77.55	 -27.45
 -24.00	 -71.85	 -31.05
 -28.50	 -74.40	 -31.05
 -10.80	 -67.80	 -35.10
 -24.45	 -69.30	 -31.80
 -27.15	 -69.90	 -28.65
 -36.60	 -68.55	 -27.30
 -15.75	 -62.85	 -29.40
   6.30	 -54.90	 -32.55
  13.35	 -54.90	 -31.35
  19.65	 -53.10	 -32.55
  25.50	 -48.75	 -31.35
  24.90	 -47.40	 -31.95
  27.90	 -46.65	 -34.95
  30.45	 -47.70	 -34.95
  24.15	 -46.65	 -36.00
  27.15	 -46.65	 -36.75
  25.80	 -46.05	 -37.65
  35.40	 -45.75	 -39.45
  36.30	 -44.10	 -39.60
  26.40	 -49.20	 -36.00
   5.10	 -54.00	 -28.95
 -19.65	 -63.45	 -21.45
 -37.05	 -70.65	 -11.70
 -32.55	 -70.35	  -6.75
 -36.30	 -71.25	  -3.60
 -43.05	 -71.25	  -0.30
 -45.75	 -73.35	  -0.45
 -42.60	 -74.25	  -1.35
 -39.30	 -73.20	  -1.05
 -36.60	 -72.30	  -3.75
 -48.15	 -72.45	   0.00
 -62.55	 -79.05	   2.10
 -80.40	 -82.20	   8.55
 -89.55	 -85.05	   9.30
 -96.15	 -88.35	  11.55
 -95.85	 -88.05	  10.35
 -95.10	 -87.00	  10.80
 -90.75	 -87.45	   8.40
 -89.70	 -85.35	   8.40
 -85.65	 -85.65	   6.15
 -85.80	 -84.00	   7.05
 -83.40	 -84.60	   4.35
 -82.95	 -84.30	   7.05
 -83.70	 -83.25	   4.95
 -83.70	 -82.50	   3.45
 -83.25	 -84.30	   4.95
 -83.40	 -82.05	   3.60
 -84.30	 -80.40	   3.00
 -79.35	 -80.85	   0.00
 -72.75	 -79.80	  -2.10
 -66.90	 -80.85	  -2.85
 -60.15	 -78.15	  -5.25
 -50.70	 -74.25	  -9.15
 -43.95	 -70.80	 -10.80
 -39.00	 -72.75	 -10.20
 -38.55	 -70.20	  -9.45
 -31.20	 -68.70	 -12.75
 -34.50	 -68.40	 -12.75
 -34.35	 -68.85	 -13.35
 -30.45	 -66.90	 -14.25
 -35.55	 -68.40	 -13.50
 -41.25	 -68.55	 -14.10
 -38.55	 -69.15	 -12.45
 -40.20	 -69.30	 -13.05
 -35.40	 -66.30	 -14.10
 -31.50	 -67.20	 -14.70
 -30.30	 -67.50	 -15.15
 -25.35	 -63.90	 -18.00
 -20.85	 -63.60	 -21.30
 -16.80	 -60.30	 -21.60
 -14.70	 -60.60	 -23.85
  -4.95	 -53.85	 -27.00
   2.25	 -49.80	 -31.80
   3.60	 -48.15	 -34.20
   5.10	 -46.35	 -35.25
  -3.75	 -50.10	 -35.10
  -9.30	 -54.90	 -33.60
  -7.35	 -54.45	 -36.00
  -5.70	 -53.85	 -39.90
  -3.45	 -52.35	 -43.95
  -9.45	 -54.45	 -40.80
 -13.50	 -55.50	 -40.05
 -16.50	 -56.25	 -39.30
 -14.70	 -57.00	 -39.60
 -10.80	 -55.35	 -37.20
 -11.55	 -54.60	 -37.20
  -6.60	 -52.50	 -38.55
  -3.00	 -51.60	 -39.45
   1.65	 -47.25	 -40.65
   6.90	 -43.05	 -43.35
  11.85	 -42.45	 -45.30
  13.65	 -35.85	 -44.70
  20.10	 -32.25	 -49.20
  23.55	 -30.90	 -51.75
  29.85	 -29.25	 -54.90
  30.30	 -30.60	 -52.05
  28.05	 -32.85	 -54.60
  45.75	 -22.50	 -55.35
  63.90	 -28.95	 -64.35
  94.50	 -31.95	 -72.45
  31.35	 -71.85	 -79.95
 -20.85	 -49.65	 -59.10
  -7.95	 -52.95	 -46.35
  -7.05	 -51.30	 -45.30
   1.20	 -67.80	 -32.10
  33.30	 -74.40	 -12.60
  80.40	 -31.05	 -14.10
  81.45	 -21.45	 -15.90
  80.70	 -15.90	 -13.35
  75.00	 -39.00	  -5.85
  71.85	 -36.15	   4.20
  59.55	 -38.25	   3.60
  50.85	 -42.75	   3.00
  42.00	 -41.25	  -0.15
  29.25	 -48.00	   0.15
  13.20	 -56.55	   0.00
  23.55	 -44.85	 -10.20
  23.55	 -39.00	 -13.50
  23.85	 -37.80	 -19.80
  28.95	 -37.05	 -27.45
  21.75	 -37.20	 -30.30
  12.00	 -40.05	 -37.05
  13.35	 -43.95	 -37.95
  16.35	 -39.45	 -39.15
  18.75	 -36.75	 -37.80
  23.85	 -28.65	 -48.45
   6.15	 -54.00	 -29.70
  -7.95	 -62.10	 -26.10
  -1.65	 -58.65	 -27.00
  -6.60	 -61.05	 -24.15
  -3.60	 -59.10	 -18.30
 -16.80	 -65.10	 -18.00
 -20.85	 -71.70	 -17.55
 -27.45	 -79.05	 -15.75
 -26.55	 -78.15	 -14.40
 -26.25	 -76.35	 -14.40
 -22.95	 -72.60	 -13.05
 -27.00	 -74.85	  -6.30
 -27.30	 -72.30	  -3.75
 -15.75	 -66.15	 -15.75
  -4.65	 -63.60	 -19.05
  -6.75	 -67.05	 -15.15
  -5.70	 -63.75	 -11.10
  -8.70	 -64.35	 -15.00
  -1.65	 -66.00	 -22.50
  -2.25	 -58.20	 -24.00
  -0.60	 -58.80	 -26.85
   9.45	 -52.20	 -30.15
   3.90	 -51.45	 -27.15
  -0.60	 -57.00	 -24.15
  -1.80	 -61.05	 -26.10
   0.00	 -59.85	 -25.35
  -5.40	 -71.70	  -5.10
  -3.00	 -74.40	   2.70
  -3.00	 -68.85	   8.55
   3.60	 -64.65	   7.95
   4.65	 -65.10	   4.35
   2.55	 -61.35	   1.35
  -3.00	 -58.95	   0.15
  -7.35	 -61.80	  -0.60
  -6.60	 -65.40	  -5.10
   4.65	 -63.15	 -11.40
  13.20	 -52.50	 -14.25
  19.65	 -41.70	 -22.95
  27.75	 -34.35	 -33.60
  30.30	 -33.60	 -28.05
  35.10	 -39.15	 -31.05
  31.95	 -34.20	 -30.90
  34.35	 -32.85	 -29.85
  31.20	 -33.45	 -27.90
  31.35	 -39.15	 -31.05
  17.10	 -59.40	 -22.20
 -27.75	 -77.40	   3.75
 -63.60	 -97.50	  20.85
 -80.85	-118.35	  36.00
 -75.90	-127.80	  39.15
 -64.35	-129.75	  43.05
 -53.40	-118.95	  51.60
 -44.25	-113.85	  57.15
 -42.30	-109.65	  57.30
 -42.60	-107.70	  54.00
 -47.10	-109.65	  51.45
 -53.85	-107.25	  48.75
 -60.30	-105.90	  46.35
 -55.80	-107.40	  34.50
 -56.55	-102.60	  28.65
 -48.15	 -95.55	  20.55
 -48.00	 -96.45	  18.15
 -43.35	 -90.15	  16.50
 -31.05	 -85.05	  10.05
 -13.20	 -71.25	   1.05
   0.30	 -54.45	 -15.75
   6.75	 -43.95	 -18.90
   8.40	 -39.60	 -22.05
  17.25	 -38.55	 -24.15
  12.00	 -45.90	 -17.25
  -3.30	 -59.10	 -13.20
  -7.65	 -64.35	 -15.00
  -1.95	 -67.80	 -18.45
   0.30	 -69.15	 -14.25
  -2.70	 -67.05	 -14.10
  -7.65	 -62.85	 -17.55
  -8.40	 -64.35	 -19.05
 -12.00	 -66.60	 -12.45
 -28.20	 -80.55	  -0.30
 -25.35	 -81.30	   0.00
 -29.40	 -84.90	   6.90
 -29.25	 -84.00	  13.65
 -37.20	 -90.30	  21.15
 -29.70	 -89.40	  18.30
 -20.40	 -88.80	   8.55
  -9.30	 -84.75	  -3.00
  -2.10	 -74.25	  -9.45
  -2.25	 -67.05	  -9.00
   3.45	 -62.70	  -8.55
   1.80	 -63.15	  -3.30
   0.90	 -67.50	  -1.95
   2.25	 -63.45	  -2.25
   3.75	 -62.70	   0.15
   6.15	 -61.80	   0.30
   6.00	 -60.75	  -0.45
  -2.70	 -66.30	  -0.15
   0.00	 -63.60	  -1.35
   0.60	 -59.85	  -3.60
   0.60	 -59.85	   0.00
   1.05	 -61.80	  -3.30
 -11.70	 -68.40	  -5.10
  -6.15	 -65.10	  -9.15
   4.95	 -58.65	 -15.15
  13.20	 -53.70	 -18.30
  19.05	 -51.45	 -20.55
  23.70	 -48.75	 -23.25
  25.65	 -45.60	 -26.40
  29.55	 -42.00	 -29.25
  31.80	 -39.15	 -30.30
  22.35	 -44.85	 -32.70
  27.30	 -45.75	 -30.30
  33.90	 -41.70	 -28.05
  37.80	 -39.60	 -26.40
  40.95	 -37.20	 -24.75
  43.50	 -37.20	 -26.55
  41.70	 -38.40	 -27.75
  40.65	 -38.40	 -28.80
  40.95	 -39.15	 -29.55
  39.00	 -38.25	 -29.70
  38.40	 -37.95	 -31.05
  42.45	 -35.10	 -33.60
  42.45	 -36.15	 -34.35
  39.90	 -37.65	 -34.35
  37.20	 -40.20	 -34.65
  36.30	 -41.10	 -33.00
  36.30	 -42.30	 -35.55
  39.15	 -39.90	 -38.70
  34.50	 -40.80	 -39.60
  36.15	 -39.15	 -39.45
  36.00	 -40.80	 -39.00
  36.30	 -40.35	 -38.55
  35.40	 -40.65	 -40.20
  36.60	 -40.20	 -40.20
  38.55	 -41.85	 -37.80
  37.65	 -39.90	 -39.90
  37.95	 -42.45	 -39.90
  39.15	 -42.75	 -42.75
  38.25	 -45.15	 -41.85
  37.95	 -48.75	 -42.75
  45.60	 -45.60	 -42.60
  46.65	 -46.35	 -41.85
  49.35	 -42.45	 -43.50
  52.20	 -42.60	 -46.65
  54.45	 -37.80	 -47.40
  58.05	 -35.25	 -47.40
  56.85	 -36.60	 -48.00
  57.00	 -37.50	 -47.70
  56.25	 -38.25	 -47.10
  52.35	 -38.70	 -48.00
  50.10	 -40.65	 -46.50
  47.10	 -43.35	 -46.35
  46.50	 -40.65	 -47.25
  50.40	 -38.25	 -47.10
  50.55	 -38.70	 -45.00
  51.60	 -37.95	 -47.25
  51.30	 -37.20	 -49.05
  53.70	 -35.55	 -49.65
  53.70	 -36.00	 -48.90
  55.05	 -36.75	 -49.95
  57.15	 -35.10	 -50.85
  57.30	 -33.75	 -49.20
  57.30	 -34.50	 -50.70
  65.85	 -31.95	 -50.40
  73.20	 -30.15	 -51.00
  68.55	 -32.55	 -50.85
  66.60	 -31.20	 -52.50
  70.65	 -30.45	 -54.45
  79.35	 -26.40	 -55.80
  84.90	 -24.60	 -53.25
  86.70	 -26.85	 -51.75
  88.95	 -24.90	 -50.40
  89.55	 -25.80	 -49.80
  84.15	 -27.15	 -49.65
  76.80	 -27.45	 -48.90
  68.70	 -30.90	 -50.70
  65.40	 -31.50	 -49.65
  65.10	 -31.95	 -46.65
  68.25	 -31.80	 -44.70
  74.10	 -31.35	 -45.75
  79.80	 -28.95	 -45.15
  81.30	 -28.65	 -46.65
  72.75	 -30.90	 -44.85
  71.70	 -31.20	 -44.40
  72.30	 -32.55	 -46.05
  72.00	 -33.00	 -45.60
  69.15	 -32.25	 -45.15
  70.80	 -33.60	 -41.25
  65.25	 -34.35	 -40.20
  54.90	 -40.20	 -40.95
  45.00	 -40.95	 -42.00
  37.50	 -45.60	 -42.30
  29.25	 -47.55	 -43.20
  26.40	 -45.90	 -43.65
  24.75	 -49.35	 -44.25
  23.10	 -51.00	 -43.05
  21.30	 -52.95	 -43.05
  21.15	 -53.85	 -45.75
  19.95	 -53.40	 -46.05
  13.05	 -54.15	 -45.75
  10.05	 -52.05	 -45.75
   9.75	 -54.15	 -45.30
   4.95	 -54.90	 -42.00
   0.15	 -54.90	 -41.70
  -1.65	 -56.85	 -41.70
  -1.95	 -56.10	 -44.25
  -2.85	 -56.25	 -44.85
  -2.70	 -57.45	 -42.75
  -3.75	 -56.10	 -44.70
  -0.90	 -56.85	 -43.20
  -3.30	 -55.05	 -46.35
  -7.05	 -57.15	 -44.70
  -1.20	 -55.65	 -48.30
   2.55	 -54.45	 -48.90
   4.35	 -54.45	 -49.95
   5.70	 -56.10	 -53.40
   9.90	 -54.00	 -57.30
  17.25	 -50.70	 -59.85
  19.05	 -47.70	 -64.35
  22.50	 -47.25	 -70.35
  32.70	 -43.35	 -75.30
  48.90	 -42.30	 -78.30
  71.55	 -38.40	 -83.70
  94.20	 -36.00	 -92.25
 114.75	 -20.85	 -99.30
 105.30	  -1.20	 -96.15
  82.65	  -5.40	 -97.50
  78.60	 -10.65	 -99.60
  82.35	 -14.70	 -96.00
  95.40	 -15.15	-101.25
 104.40	 -13.50	-106.95
 109.80	  -9.00	-109.35
 106.50	  -9.30	-113.10
 100.95	  -8.25	-109.80
  95.40	 -12.30	-106.50
  93.45	 -22.05	-111.45
 124.35	 -21.30	-115.80
  88.20	 -12.45	 -99.30
  90.30	 -16.35	-110.85
  91.05	  -9.30	-106.80
  87.15	 -12.00	 -99.60
  55.50	 -18.30	 -96.00
 115.65	 -15.60	-121.95
 169.95	  24.15	-149.70
 183.15	 -15.75	-133.80
  44.10	 -52.20	 -90.75
 -28.50	  -3.75	-121.50
 -75.15	 -16.35	-160.95
-138.45	 -46.80	-162.75
 -72.45	 -49.95	-181.65
 -84.30	 -71.10	-156.15
-138.30	 -88.95	 -64.35
-188.70	-109.65	  -5.10
-239.85	-162.15	  47.40
-243.90	-163.65	  67.65
-239.25	-159.45	  72.60
-239.40	-164.10	  73.95
-243.75	-159.45	  67.50
-215.40	-147.30	  49.05
-194.40	-134.40	  29.55
-181.20	-129.60	  36.60
-179.85	-126.15	  36.00
-181.50	-130.05	  40.20
-155.40	-119.40	  24.75
-146.40	-107.40	  22.35
-125.55	-106.50	  21.45
-112.35	-100.50	   6.00
-121.95	 -93.90	   3.75
-114.15	-101.70	  -1.95
 -99.30	-106.65	   6.90
-119.70	-107.55	  31.05
-121.50	-106.05	  33.60
-134.85	-101.25	  21.45
-131.25	-111.00	   8.70
-125.70	-117.75	  11.70
-124.65	-106.65	   9.90
-117.15	 -97.65	   3.45
-112.50	 -92.70	  -1.05
-101.10	 -91.95	  -2.10
-103.20	 -97.20	  -5.25
-119.85	 -80.85	  -6.60
-109.05	 -77.70	 -12.60
 -99.30	 -87.45	 -21.60
 -97.65	 -75.15	 -12.60
 -74.25	 -79.05	 -13.95
 -63.15	 -76.50	 -12.75
 -53.70	 -78.60	 -23.85
 -70.95	 -89.40	 -20.85
 -92.10	 -83.70	 -15.15
 -93.00	 -85.35	 -13.50
 -95.85	 -88.80	 -21.15
-109.05	 -84.30	 -24.00
 -94.35	 -79.65	 -17.70
 -84.60	 -78.00	 -18.30
 -80.70	 -76.35	 -14.85
 -89.85	 -84.00	 -11.55
 -99.60	 -78.30	   1.05
-114.90	 -74.85	  10.35
-120.45	 -82.95	  16.65
-107.40	 -76.50	  14.70
 -81.75	 -74.40	   9.00
 -80.70	 -78.45	  12.30
-107.40	 -84.15	  10.95
-112.50	 -91.95	  15.00
-109.65	 -86.10	  15.75
-103.20	 -82.50	  16.65
 -97.95	 -86.55	  11.55
 -97.05	 -87.15	  11.40
-100.95	 -83.25	  13.35
 -99.45	 -93.15	  12.30
-101.25	 -94.65	  11.85
-113.85	 -89.55	  17.70
-110.70	 -87.45	  18.75
-109.05	 -91.05	  18.45
-109.95	 -87.15	  13.50
-139.20	 -97.95	  29.25
-166.05	 -99.15	  42.45
-187.65	-105.15	  57.30
-196.80	-114.30	  53.25
-188.10	 -98.40	  54.15
-179.25	-107.85	  50.10
-154.50	 -94.20	  33.75
-113.10	 -88.35	  16.65
 -83.70	 -75.60	   6.30
 -72.60	 -72.90	   1.95
 -53.40	 -71.85	  -1.20
 -47.40	 -70.20	  -6.15
 -47.25	 -70.35	  -6.00
 -37.05	 -71.70	   1.80
 -30.90	 -75.00	  -7.35
  -7.05	 -61.20	 -13.35
   9.15	 -58.80	 -28.95
  35.25	 -50.40	 -36.30
  56.10	 -42.45	 -48.00
  81.75	 -33.90	 -61.20
 103.35	 -27.90	 -61.05
 117.75	 -26.85	 -69.90
 129.15	 -27.45	 -63.60
 112.95	 -33.45	 -56.25
 107.40	 -40.80	 -57.75
  92.10	 -33.30	 -53.85
  72.60	 -42.75	 -45.75
  59.85	 -49.95	 -43.35
  52.80	 -49.80	 -39.45
  52.05	 -52.35	 -40.65
  30.15	 -54.75	 -40.80
   2.55	 -59.10	 -28.20
  -3.60	 -64.35	 -24.60
 -22.20	 -61.20	 -22.20
 -27.00	 -60.75	 -22.20
 -20.10	 -64.65	 -22.80
 -19.50	 -69.15	 -22.80
 -18.30	 -70.95	 -23.10
 -17.40	 -67.80	 -25.20
 -12.60	 -64.80	 -27.00
  -2.55	 -63.60	 -31.50
   0.45	 -54.90	 -35.85
  13.95	 -62.10	 -38.25
  40.20	 -50.10	 -46.80
  51.45	 -43.65	 -50.70
  51.30	 -48.00	 -48.30
  51.75	 -45.90	 -47.10
  58.05	 -47.10	 -52.95
  67.95	 -42.30	 -56.25
  54.00	 -45.90	 -50.40
  21.45	 -49.80	 -36.90
  -9.90	 -59.10	 -21.60
 -19.80	 -76.80	 -19.50
 -53.40	 -82.20	 -17.70
 -29.70	 -69.90	 -32.25
 -23.55	 -55.50	 -27.90
 -12.00	 -62.55	 -32.25
  -7.05	 -63.45	 -31.80
  -7.65	 -66.90	 -25.65
  -8.40	 -62.10	 -32.70
 -10.80	 -66.00	 -28.80
 -19.50	 -64.35	 -30.45
 -22.95	 -63.45	 -28.50
 -26.55	 -66.00	 -28.05
 -37.50	 -72.45	 -27.90
 -43.05	 -70.65	 -28.65
 -44.85	 -70.65	 -26.10
 -45.60	 -70.20	 -25.65
 -47.70	 -65.85	 -29.70
 -55.65	 -68.25	 -21.15
 -69.60	 -67.50	 -15.60
 -63.90	 -65.85	 -16.05
 -58.80	 -67.20	 -15.75
 -62.25	 -65.25	 -14.85
 -58.95	 -69.60	 -18.45
 -57.00	 -67.20	 -18.75
 -61.50	 -68.55	 -17.70
 -67.50	 -69.60	 -14.85
 -69.30	 -68.85	 -15.60
 -71.85	 -69.30	 -12.60
 -79.35	 -67.95	 -12.75
 -90.30	 -63.00	  -6.30
 -91.05	 -66.30	  -1.95
 -97.20	 -64.50	  -2.70
-101.70	 -61.50	  -5.70
 -90.30	 -62.25	  -6.75
 -82.05	 -62.10	 -10.20
 -85.80	 -63.45	  -6.00
 -83.10	 -65.85	  -9.90
 -82.35	 -66.90	 -12.45
 -80.10	 -65.85	 -15.00
 -83.40	 -67.95	 -12.75
 -84.15	 -65.10	 -15.00
 -92.70	 -70.20	 -11.70
 -96.75	 -67.95	 -13.50
 -82.35	 -67.20	 -17.25
 -76.80	 -66.15	 -18.30
 -67.80	 -68.25	 -21.15
 -59.55	 -68.40	 -23.10
 -52.05	 -67.50	 -22.50
 -57.30	 -70.65	 -19.05
 -43.65	 -66.60	 -26.85
 -39.15	 -66.30	 -25.50
 -41.85	 -64.65	 -24.90
 -56.40	 -66.30	 -17.70
 -71.25	 -69.45	 -11.70
 -78.30	 -66.90	  -2.10
 -82.95	 -65.25	   1.95
 -81.45	 -64.50	   0.90
 -78.90	 -67.80	  -6.00
 -79.80	 -67.20	  -6.15
 -81.30	 -68.70	  -6.60
 -82.50	 -68.85	  -3.45
 -71.25	 -62.10	  -7.65
 -59.55	 -66.15	 -14.25
 -59.55	 -67.20	 -10.65
 -54.60	 -63.00	 -12.30
 -58.65	 -72.30	 -17.70
 -63.60	 -72.00	  -9.90
 -68.25	 -70.80	  -5.70
 -70.65	 -83.40	  -0.30
 -26.40	 -78.00	  13.20
 -20.55	 -74.55	  15.75
 -18.75	 -71.70	  16.80
 -22.05	 -70.65	  19.05
 -24.00	 -71.10	  17.70
 -25.20	 -75.15	  20.70
 -28.50	 -70.05	  20.70
 -28.20	 -70.95	  22.35
 -25.80	 -73.65	  22.95
 -24.75	 -72.60	  19.95
 -28.65	 -72.45	  20.85
 -28.65	 -73.20	  22.35
 -26.40	 -73.95	  23.10
 -25.50	 -73.65	  22.50
 -24.00	 -73.35	  24.45
 -23.85	 -73.50	  19.50
 -23.55	 -72.75	  17.55
 -20.40	 -70.80	  18.45
 -21.30	 -73.95	  18.30
 -20.70	 -75.60	  17.70
 -20.10	 -70.95	  17.25
 -17.25	 -70.95	  16.50
 -14.70	 -71.70	  15.00
 -13.20	 -74.25	  16.05
  -7.80	 -73.35	  12.30
  -9.15	 -74.55	  11.40
  -6.30	 -72.90	  13.05
  -5.40	 -70.95	  11.40
  -6.60	 -72.00	   7.35
  -3.00	 -73.35	   7.05
  -0.90	 -70.05	   5.70
  -3.60	 -70.65	   1.80
  -1.20	 -71.10	   3.45
  -3.75	 -70.05	   3.00
  -7.80	 -74.10	   2.70
 -27.90	 -74.55	   7.95
 -33.00	 -78.00	   7.65
 -33.30	 -76.65	   3.75
 -34.35	 -77.40	   8.55
 -41.10	 -80.55	   7.65
 -51.75	 -80.55	   8.40
 -63.75	 -82.50	  14.40
 -70.35	 -85.05	  15.60
 -74.85	 -88.80	  15.90
 -75.30	 -87.45	  16.80
 -78.60	 -85.35	  19.05
 -77.55	 -83.40	  14.25
 -81.00	 -83.25	  16.65
 -77.70	 -83.25	  18.90
 -67.80	 -85.50	  18.45
 -64.80	 -81.45	  14.40
 -60.45	 -81.45	  15.15
 -54.90	 -87.30	  11.10
 -53.70	 -87.90	  15.00
 -54.00	 -87.90	  10.65
 -53.25	 -88.20	   8.70
 -55.80	 -87.45	  11.40
 -52.95	 -90.15	  12.00
 -53.10	 -91.05	  13.65
 -50.40	 -88.20	   9.15
 -49.80	 -88.35	   9.00
 -52.95	 -90.75	  13.20
 -58.95	 -92.10	  13.35
 -62.25	 -88.80	  16.35
 -68.70	 -89.40	  21.30
 -72.30	 -88.05	  23.70
 -76.50	 -91.20	  26.10
 -77.40	 -90.60	  28.05
 -78.00	 -90.15	  27.90
 -66.90	 -86.10	  12.00
 -61.35	 -86.10	   5.10
 -59.40	 -86.55	   6.75
 -61.50	 -87.00	  15.15
 -59.55	 -85.35	  15.00
 -57.75	 -86.40	  13.20
 -58.05	 -86.40	  16.80
 -59.40	 -89.55	  25.80
 -64.80	 -84.00	  35.40
 -65.10	 -82.65	  49.65
 -68.85	 -84.75	  63.00
 -61.50	 -82.50	  71.85
 -61.50	 -93.60	  78.15
 -62.25	 -94.65	  70.05
 -40.65	 -74.10	  65.25
 -31.20	 -86.40	  72.75
 -32.70	 -94.20	  79.05
 -33.00	 -98.55	  81.60
 -45.15	 -86.40	  90.45
 -55.80	 -98.10	  85.35
 -58.50	-102.15	  74.25
 -71.10	-104.55	  82.20
 -66.90	 -87.90	  80.10
 -41.70	 -96.90	  78.15
 -46.05	 -99.45	  80.70
 -46.05	 -99.45	  80.70
 -48.45	 -87.90	  89.70
 -48.15	-106.95	  93.00
 -52.95	-105.60	  99.30
 -52.20	 -99.60	 105.90
 -61.20	-110.85	  97.95
 -46.50	 -87.30	  97.65
 -45.60	 -88.95	 100.05
 -53.70	-102.60	  96.30
 -48.45	 -86.70	 101.10
 -59.85	 -87.15	 109.65
 -67.05	-101.70	  99.90
 -78.15	 -95.40	 107.55
 -76.80	 -96.75	 102.90
 -84.15	 -87.15	 105.15
 -67.20	 -96.30	 100.35
 -68.25	 -97.95	 111.90
 -55.65	 -85.05	 104.55
 -65.10	 -95.25	 110.70
 -66.30	 -98.40	 104.25
 -70.05	 -99.45	 103.20
 -66.75	 -91.80	 103.95
 -76.65	-100.50	 112.65
 -79.35	 -96.00	 106.95
 -81.00	 -99.90	 107.25
 -76.95	-100.50	  99.90
 -80.55	 -97.50	 103.65
 -82.65	 -90.75	  97.50
 -60.15	 -98.40	 102.45
 -64.35	 -98.85	  93.00
 -62.25	 -92.40	  94.65
 -50.40	-104.10	  80.55
 -48.30	 -99.90	  78.45
 -52.50	 -93.45	  81.60
 -52.05	 -78.90	  83.70
 -54.45	 -90.45	  71.25
 -70.35	 -92.85	  55.65
 -72.60	 -86.55	  43.20
 -75.30	 -87.45	  36.75
 -81.45	 -89.55	  35.40
 -90.45	 -88.65	  22.35
 -93.00	 -73.50	  22.05
 -87.00	 -76.35	  24.75
 -85.35	 -72.45	  27.15
 -85.80	 -78.45	  21.75
 -78.60	 -63.60	  23.55
 -72.45	 -57.75	  26.85
 -62.10	 -78.00	  24.60
 -58.80	 -81.60	  19.80
 -49.95	 -66.15	  16.05
 -49.20	 -62.55	  21.30
 -38.70	 -62.70	  22.50
 -39.90	 -70.80	  18.15
 -46.65	 -78.30	   6.60
 -44.40	 -78.00	  10.95
 -39.60	 -77.55	  10.20
 -39.90	 -72.60	  13.65
 -46.65	 -74.25	  14.25
 -46.05	 -76.65	  14.40
 -40.35	 -67.65	   9.45
 -46.05	 -66.30	  15.60
 -45.90	 -73.20	   9.15
 -41.85	 -80.10	   7.95
 -33.90	 -84.00	   2.70
 -27.90	 -76.80	 -12.75
 -26.55	 -68.25	 -14.40
 -24.75	 -62.70	 -14.10
 -19.65	 -68.55	 -14.40
  -1.80	 -68.70	 -15.00
  15.45	 -61.35	 -14.25
  22.95	 -62.25	 -16.35
  29.40	 -65.85	 -23.85
  40.95	 -61.50	 -33.90
  44.70	 -61.50	 -42.75
  51.30	 -62.70	 -51.60
  62.85	 -60.30	 -59.55
  47.25	 -61.95	 -56.40
  48.00	 -60.45	 -57.45
  46.80	 -63.00	 -61.95
  51.00	 -62.55	 -72.45
  50.40	 -58.50	 -79.35
  49.05	 -47.25	 -82.95
  45.00	 -45.30	 -78.45
  46.35	 -51.45	 -76.50
  49.80	 -60.45	 -80.40
  52.95	 -56.55	 -78.60
  59.55	 -45.60	 -78.00
  63.15	 -54.75	 -87.15
  76.50	 -48.15	-108.15
  71.10	 -28.50	-109.05
  75.60	 -25.50	-106.05
  80.40	 -24.45	-106.80
  91.95	 -22.80	-102.60
 101.70	 -18.90	 -97.95
 112.50	 -33.45	 -85.35
  95.25	 -55.05	 -93.75
  77.40	 -42.45	-101.25
  81.30	 -45.90	 -97.50
  87.30	 -36.90	 -96.90
  89.10	 -33.30	 -84.00
  77.40	 -39.15	 -83.70
  76.35	 -37.65	 -82.95
  90.45	 -32.25	 -98.85
  91.20	 -35.25	-100.35
  86.10	 -31.50	-100.35
 103.35	 -28.65	-102.60
 107.85	 -26.55	-105.00
  98.85	 -53.70	-102.15
  71.10	 -43.20	 -97.95
  74.25	 -53.70	-107.70
  63.75	 -42.45	-106.50
  68.25	 -44.25	-111.60
  86.40	 -34.95	-111.75
 103.65	 -25.35	-110.25
  97.65	 -17.40	-106.50
  86.70	 -34.95	-102.60
  88.20	 -36.30	 -94.50
  62.70	 -38.70	 -83.25
  47.55	 -46.50	 -68.25
  43.65	 -47.10	 -60.30
  42.45	 -54.15	 -44.70
  42.30	 -58.50	 -42.60
  49.80	 -52.05	 -47.55
  79.80	 -36.30	 -60.60
  88.05	 -45.75	 -62.25
  81.30	 -38.55	 -52.50
  69.90	 -43.35	 -39.00
  61.35	 -53.25	 -30.15
  44.10	 -65.85	 -30.90
  29.25	 -62.25	 -30.60
   4.65	 -59.55	 -22.80
  -2.70	 -75.15	 -11.55
 -21.30	 -83.85	   1.35
 -40.05	 -80.55	   9.45
 -57.30	 -81.60	  13.50
 -46.65	 -79.35	  12.00
 -55.80	 -87.45	  20.55
 -38.70	 -81.75	   4.20
 -32.10	 -74.10	   6.00
   5.85	 -70.65	 -18.30
  11.70	 -67.20	 -15.75
  13.95	 -61.35	 -27.15
  15.00	 -65.10	 -21.30
  15.75	 -68.40	 -26.85
   9.90	 -65.85	 -19.05
  31.80	 -63.00	 -30.30
  37.80	 -56.25	 -27.45
  36.00	 -54.45	 -30.90
  31.35	 -54.15	 -26.55
  35.40	 -58.20	 -27.75
  45.15	 -52.50	 -30.90
  59.40	 -45.75	 -26.25
  64.35	 -54.45	 -31.20
  59.55	 -61.80	 -25.65
  52.50	 -54.45	 -25.65
  66.00	 -53.40	 -31.35
  75.75	 -55.80	 -36.00
  76.65	 -52.05	 -36.15
  60.15	 -52.35	 -31.80
  63.60	 -61.05	 -37.50
  72.60	 -61.95	 -43.95
  75.75	 -66.60	 -48.15
  74.55	 -58.50	 -46.65
  73.35	 -68.25	 -46.05
  62.25	 -75.15	 -48.00
  56.40	 -71.10	 -44.25
  51.45	 -79.80	 -40.35
  29.25	 -82.95	 -40.20
  33.75	 -57.30	 -39.60
  19.20	 -61.95	 -29.55
  33.30	 -67.50	 -32.55
  52.80	 -63.00	 -38.70
  53.10	 -47.25	 -43.20
  45.90	 -52.20	 -37.05
  54.15	 -54.15	 -36.15
  39.90	 -58.20	 -35.40
  24.45	 -57.45	 -32.10
  21.75	 -57.90	 -34.35
  27.90	 -54.45	 -39.00
  24.15	 -56.55	 -40.80
  17.55	 -59.55	 -45.15
  25.20	 -63.45	 -40.65
  24.00	 -63.45	 -38.40
  20.40	 -67.50	 -40.95
  17.70	 -66.75	 -41.25
  17.10	 -68.25	 -40.95
  16.05	 -67.20	 -39.30
  13.95	 -67.95	 -39.30
  12.30	 -70.80	 -36.90
  10.65	 -70.95	 -31.20
   6.90	 -69.90	 -29.40
   4.35	 -68.70	 -27.15
   2.55	 -67.65	 -27.45
  -7.05	 -68.85	 -27.75
 -20.10	 -68.70	 -29.70
 -21.30	 -66.90	 -35.25
 -20.10	 -67.95	 -39.60
 -16.35	 -70.80	 -39.90
 -17.40	 -74.10	 -39.45
 -21.60	 -79.05	 -34.20
 -25.50	 -80.40	 -29.85
 -33.45	 -82.05	 -25.35
 -39.30	 -79.80	 -23.85
 -47.25	 -77.70	 -20.40
 -52.20	 -79.35	 -19.80
 -52.35	 -83.25	 -19.20
 -50.10	 -80.70	 -17.40
 -48.75	 -81.75	 -16.65
 -50.10	 -84.00	 -10.80
 -51.00	 -81.30	  -7.65
 -51.00	 -79.80	  -7.65
 -58.20	 -81.00	  -6.00
 -62.10	 -81.60	  -4.65
 -61.35	 -82.65	  -6.60
 -63.15	 -81.60	  -3.30
 -62.25	 -79.20	  -7.50
 -45.90	 -76.05	  -9.90
 -44.70	 -77.40	 -11.10
 -39.30	 -75.75	 -12.45
 -30.45	 -75.30	 -16.80
 -16.65	 -72.60	 -21.75
 -12.75	 -72.75	 -24.60
 -11.40	 -69.90	 -26.10
 -10.95	 -71.70	 -24.90
 -11.40	 -72.00	 -24.15
 -12.75	 -73.20	 -24.60
 -13.20	 -72.00	 -23.55
 -10.95	 -71.70	 -26.10
 -18.15	 -71.85	 -24.00
 -24.90	 -71.70	 -24.15
 -24.60	 -68.40	 -23.85
 -20.70	 -70.05	 -25.80
 -24.90	 -69.45	 -25.35
 -24.00	 -68.85	 -28.80
 -10.05	 -63.75	 -36.15
  12.30	 -54.90	 -32.10
  21.45	 -57.90	 -20.40
  13.95	 -61.80	 -26.85
  20.70	 -52.05	 -24.45
  25.65	 -51.45	 -19.80
  27.15	 -52.50	 -17.25
  26.85	 -50.70	 -21.30
  25.20	 -49.35	 -22.20
  22.95	 -53.40	 -24.45
  26.40	 -47.70	 -24.15
  29.25	 -50.10	 -22.50
  33.00	 -47.70	 -18.75
  34.20	 -50.70	 -13.20
  36.90	 -52.35	  -6.30
  38.40	 -40.95	  -7.50
  37.50	 -36.75	 -13.20
  37.50	 -46.65	 -12.45
  30.15	 -61.80	 -15.00
  27.00	 -62.25	 -26.25
  13.35	 -73.65	 -27.30
  11.55	 -77.70	 -28.50
  20.55	 -74.55	 -23.85
  26.55	 -76.95	 -19.20
  29.70	 -78.60	 -19.05
  28.05	 -81.45	 -27.00
  32.55	 -81.75	 -27.75
  29.70	 -88.65	 -23.55
  21.60	 -93.45	 -26.40
  17.55	 -95.25	 -30.45
  12.30	 -98.70	 -33.60
   4.95	-104.25	 -27.75
   1.05	 -98.10	 -41.85
  -2.85	 -97.80	 -47.70
   3.00	-102.00	 -46.05
   4.65	-107.70	 -33.45
   9.30	-110.10	 -36.90
  13.05	-110.55	 -36.15
  11.40	-110.70	 -37.05
  12.60	-109.35	 -37.95
   8.55	-110.55	 -39.45
   7.95	-111.75	 -40.35
   6.75	-112.35	 -40.95
   9.90	-112.95	 -41.85
  25.35	-104.85	 -44.10
  17.55	-104.40	 -48.90
  16.35	-104.55	 -51.60
  15.60	-104.55	 -53.10
  18.00	-108.15	 -51.45
  15.15	-110.10	 -49.80
  11.55	-115.65	 -46.05
   7.95	-114.75	 -52.95
 -10.20	-122.10	 -43.65
 -34.65	-116.40	 -45.30
 -29.55	-121.50	 -40.20
 -26.40	-122.10	 -42.60
 -21.75	-121.95	 -43.50
 -22.05	-123.60	 -44.10
 -22.35	-121.35	 -43.35
 -22.20	-121.50	 -43.95
 -20.55	-122.10	 -44.10
  -7.05	-118.20	 -50.10
   4.65	-113.25	 -53.25
  13.50	-110.70	 -54.45
  20.55	-105.60	 -58.05
  18.00	-111.45	 -50.40
   4.95	-120.00	 -43.95
   9.75	-117.45	 -41.70
   3.60	-114.30	 -40.35
   0.90	-109.35	 -38.70
  -3.75	-106.80	 -36.90
 -11.70	 -97.80	 -36.75
 -17.10	 -92.10	 -33.90
 -19.95	 -89.85	 -33.60
 -22.95	 -84.00	 -36.15
 -16.80	 -83.85	 -36.00
 -13.50	 -74.25	 -44.85
 -13.50	 -75.75	 -43.65
 -11.85	 -75.90	 -42.75
 -13.05	 -75.15	 -42.00
 -16.05	 -71.25	 -40.05
 -23.25	 -69.30	 -38.70
 -23.85	 -66.90	 -37.05
 -17.70	 -71.10	 -35.40
 -14.25	 -69.45	 -34.50
 -24.00	 -72.30	 -32.10
 -25.50	 -71.55	 -33.30
 -24.60	 -70.95	 -34.20
 -23.25	 -70.80	 -31.80
 -24.00	 -70.35	 -34.35
 -24.00	 -69.60	 -33.90
 -22.35	 -69.45	 -34.95
 -21.60	 -70.95	 -34.95
 -22.20	 -70.80	 -32.10
 -21.45	 -70.80	 -32.55
 -21.45	 -70.80	 -33.30
 -21.45	 -69.60	 -34.35
 -20.55	 -70.95	 -34.20
 -20.10	 -71.25	 -31.95
 -18.45	 -69.30	 -34.35
 -20.10	 -70.95	 -35.55
 -15.90	 -69.60	 -33.60
 -15.00	 -69.45	 -36.30
 -16.80	 -71.25	 -35.25
 -17.55	 -72.00	 -37.50
  -3.45	 -73.65	 -38.70
   4.65	 -73.95	 -40.05
  12.45	 -72.00	 -39.00
  16.65	 -70.05	 -43.20
  22.35	 -70.20	 -45.15
  26.85	 -70.20	 -48.45
  32.55	 -70.05	 -48.00
  38.40	 -71.10	 -45.30
  45.60	 -65.10	 -47.70
  49.95	 -65.40	 -49.20
  54.00	 -61.80	 -47.10
  63.00	 -60.15	 -47.25
  62.10	 -58.80	 -45.90
  57.30	 -61.35	 -47.10
  49.20	 -60.30	 -48.15
  44.85	 -61.80	 -49.20
  42.75	 -63.45	 -46.05
  35.25	 -65.10	 -45.60
  25.20	 -66.75	 -50.85
  24.00	 -62.25	 -60.75
  31.80	 -65.55	 -65.55
  48.30	 -64.50	 -60.75
  54.60	 -61.95	 -51.60
  54.45	 -57.75	 -51.00
  41.25	 -62.70	 -53.10
  52.50	 -62.85	 -45.15
  43.95	 -32.55	 -60.45
  41.85	 -34.20	 -86.70
-106.65	  75.75	-241.65
 -81.45	  83.70	-270.90
-160.50	-116.70	 -11.10
-239.70	-102.45	 -20.40
-242.85	 -79.35	 -24.15
-237.75	 -76.95	  -6.75
-218.70	 -99.15	   7.05
-221.85	 -96.00	   7.95
-216.60	-100.80	  -1.35
-210.90	 -95.10	  -3.45
-207.60	 -83.25	   3.45
-210.60	-100.50	  10.80
-198.45	 -98.70	  -3.75
-184.05	 -92.10	  -7.50
-175.05	 -92.70	  -6.90
-169.20	 -94.80	  -5.85
-166.95	 -91.95	  -5.85
-162.45	 -91.05	  -5.70
-156.75	 -91.50	  -6.15
-154.35	 -89.55	  -9.30
-151.50	 -89.70	  -4.65
-156.30	 -89.70	  -0.30
-153.60	 -87.00	   2.25
-147.30	 -87.30	  -3.45
-139.50	 -92.10	  -8.55
-136.95	 -90.60	  -9.30
-130.50	 -88.65	  -9.90
-123.45	 -88.05	  -7.50
-117.45	 -85.80	  -9.30
-119.40	 -82.95	 -15.60
-114.60	 -87.00	 -19.65
-113.40	 -89.55	 -21.15
-110.25	 -94.20	 -22.35
-109.35	 -90.30	 -14.40
-106.65	 -87.45	 -18.30
-109.20	 -84.90	 -12.00
-110.10	 -83.70	 -13.05
-104.25	 -81.75	 -14.10
 -93.45	 -82.65	 -10.65
 -90.15	 -81.30	 -10.65
 -85.35	 -82.35	 -13.20
 -83.85	 -84.90	 -15.75
 -81.00	 -82.20	 -11.10
 -82.95	 -80.40	 -10.05
 -79.80	 -83.85	 -19.80
 -68.70	 -85.35	 -28.95
 -61.20	 -84.75	 -32.85
 -62.10	 -82.35	 -36.00
 -56.25	 -82.05	 -36.30
 -53.10	 -83.70	 -37.95
 -48.45	 -79.80	 -41.85
 -39.90	 -78.90	 -40.20
 -31.50	 -78.30	 -43.65
 -29.55	 -75.60	 -45.30
 -15.90	 -79.20	 -47.25
  17.40	 -75.15	 -46.80
  22.20	 -71.55	 -44.25
  28.05	 -70.80	 -44.70
  34.20	 -69.15	 -44.85
  46.35	 -67.95	 -45.90
  64.35	 -65.10	 -44.40
  66.90	 -67.65	 -45.60
  72.90	 -64.80	 -51.60
  77.25	 -66.90	 -49.95
  84.60	 -66.15	 -55.05
  95.40	 -61.50	 -48.30
  98.40	 -62.25	 -50.10
  98.40	 -63.45	 -49.35
  98.85	 -63.15	 -49.95
 106.20	 -61.35	 -49.65
  99.90	 -63.00	 -53.40
  90.15	 -64.65	 -50.40
  79.35	 -65.40	 -43.65
  71.70	 -66.60	 -42.30
  54.15	 -67.50	 -36.90
  30.90	 -72.45	 -36.30
  29.55	 -70.05	 -32.85
  39.30	 -70.95	 -33.45
  48.45	 -71.70	 -34.50
  50.40	 -71.70	 -31.20
  40.80	 -70.20	 -27.15
  42.00	 -71.55	 -28.80
  31.50	 -70.95	 -27.45
  27.90	 -72.75	 -25.65
  30.30	 -72.60	 -25.20
  29.40	 -73.20	 -25.35
  25.35	 -73.20	 -25.65
  22.20	 -72.30	 -26.55
  14.25	 -73.20	 -24.60
   0.30	 -75.30	 -20.10
   0.15	 -74.10	 -16.35
  -5.10	 -71.25	 -19.05
 -14.70	 -77.55	 -16.50
 -13.35	 -76.95	 -20.40
  -0.15	 -75.60	 -19.95
  11.10	 -72.60	 -18.90
  13.35	 -75.60	 -19.65
  14.25	 -76.05	 -19.50
  16.05	 -75.00	 -17.55
  14.10	 -72.90	 -17.40
  10.65	 -72.75	 -13.95
   0.15	 -75.60	 -11.10
  -5.40	 -76.80	 -10.65
  -3.60	 -72.75	 -12.00
   2.70	 -75.60	 -18.15
   5.85	 -74.25	 -18.75
  11.55	 -75.60	 -22.95
  19.50	 -73.50	 -23.85
  16.80	 -73.95	 -21.30
  12.75	 -75.00	 -18.30
   1.35	 -73.50	 -23.10
  -9.75	 -76.95	 -20.40
 -17.55	 -79.05	 -21.60
 -51.60	 -79.20	  -3.45
 -63.90	 -75.75	  -1.35
 -63.45	 -78.45	  -3.00
 -71.85	 -78.45	  -0.15
 -86.40	 -79.05	   5.10
 -99.90	 -81.45	   9.30
-114.60	 -80.40	   7.80
-131.10	 -80.40	  16.35
-147.30	 -81.45	  18.90
-157.05	 -85.35	  23.55
-169.95	 -84.90	  27.90
-179.25	 -86.25	  28.80
-185.70	 -85.65	  26.85
-179.85	 -86.10	  29.70
-196.05	 -84.90	  31.20
-205.50	 -84.75	  32.10
-198.60	 -87.45	  28.65
-201.90	 -88.95	  30.90
-203.10	 -89.40	  32.70
-206.70	 -87.45	  32.70
-200.40	 -87.15	  32.70
-190.65	 -89.55	  31.80
-178.20	 -86.55	  29.85
-177.30	 -86.10	  25.65
-179.55	 -84.60	  19.80
-182.10	 -82.35	  22.35
-191.25	 -83.85	  37.50
-194.25	-205.65	  28.20
 -53.85	 -61.50	 -90.60
 -11.85	 -84.30	 -88.05
   4.65	 -82.35	 -88.95
  14.40	 -77.40	 -78.90
  23.55	-103.65	 -68.70
  31.50	 -87.45	 -44.85
  22.50	 -70.05	 -32.55
  10.05	 -80.70	 -27.00
   3.00	 -75.90	 -40.95
 -12.60	 -74.10	 -44.25
  -8.70	 -79.05	 -37.05
 -13.95	 -75.30	 -39.60
 -18.30	 -75.75	 -45.15
 -20.55	 -83.85	 -37.80
 -22.20	 -84.75	 -35.10
 -31.95	 -81.60	 -35.55
 -38.55	 -84.15	 -43.05
 -31.95	 -91.20	 -43.05
 -39.45	 -87.00	 -41.70
 -38.55	 -85.35	 -43.65
 -43.50	 -83.25	 -46.80
 -48.75	 -86.25	 -50.55
 -49.35	 -86.25	 -47.25
 -54.15	 -81.00	 -45.30
 -64.80	 -81.45	 -47.55
 -65.10	 -86.10	 -47.40
 -59.55	 -86.10	 -45.60
 -59.55	 -85.35	 -42.60
 -63.75	 -83.25	 -42.45
 -64.80	 -83.25	 -44.25
 -69.30	 -83.70	 -45.30
 -66.60	 -86.40	 -40.80
 -66.00	 -84.00	 -35.85
 -58.80	 -83.10	 -32.25
 -49.95	 -82.35	 -28.65
 -45.75	 -79.20	 -26.55
 -47.70	 -80.55	 -24.60
 -51.30	 -78.90	 -22.20
 -50.85	 -78.90	 -20.40
 -51.00	 -77.25	 -20.85
 -48.30	 -75.90	 -21.45
 -47.10	 -76.50	 -25.65
 -45.30	 -78.45	 -28.50
 -45.00	 -81.00	 -25.80
 -43.35	 -82.35	 -20.85
 -45.90	 -83.10	 -19.50
 -46.80	 -82.95	 -16.65
 -47.25	 -84.30	 -13.05
 -48.75	 -85.50	 -12.30
 -49.80	 -85.50	 -10.35
 -49.20	 -85.65	  -9.15
 -51.60	 -84.30	  -8.25
 -50.55	 -84.30	  -6.30
 -48.90	 -86.70	  -6.15
 -47.70	 -88.20	  -4.35
 -52.50	 -91.20	  -2.85
 -58.50	 -90.45	   0.00
 -57.30	 -88.65	   2.85
 -55.65	 -87.30	   5.70
 -57.30	 -85.65	   6.90
 -55.65	 -85.80	   7.80
 -59.10	 -86.10	   6.90
 -57.30	 -86.40	   9.90
 -60.45	 -87.30	   8.25
 -70.95	 -90.15	   2.85
 -77.25	 -91.95	  -1.35
 -79.65	 -91.05	   1.20
 -79.05	 -91.50	   1.05
 -80.85	 -90.75	   1.80
 -80.55	 -90.75	   4.65
 -79.65	 -89.85	   6.75
 -79.20	 -89.55	   9.30
 -76.35	 -88.80	   8.25
 -76.05	 -88.65	  12.00
 -82.65	 -87.90	  15.45
 -93.00	 -89.70	  18.75
 -91.35	 -88.35	  18.45
 -92.10	 -89.10	  20.70
-100.95	 -91.05	  22.20
-106.95	 -90.15	  22.35
-106.50	 -91.05	  21.45
-105.15	 -90.75	  22.80
-106.80	 -89.85	  22.50
-105.30	 -91.35	  22.95
-102.75	 -89.10	  22.20
-101.10	 -89.40	  23.10
-100.35	 -88.95	  26.10
 -94.50	 -87.90	  26.40
 -92.70	 -88.95	  26.85
 -88.35	 -85.50	  26.55
 -84.15	 -84.15	  24.60
 -80.10	 -85.35	  24.90
 -76.50	 -85.65	  23.85
 -72.45	 -84.15	  22.35
 -73.50	 -87.90	  19.05
 -76.05	 -86.70	  16.05
 -80.10	 -88.95	  13.95
 -81.75	 -89.85	  13.35
 -80.10	 -88.65	  13.50
 -80.70	 -88.80	  11.85
 -77.55	 -88.95	  12.75
 -70.95	 -89.70	  12.45
 -69.90	 -87.90	  11.70
 -69.60	 -87.75	  11.55
 -70.35	 -88.05	  10.05
 -70.35	 -88.80	  11.85
 -71.10	 -87.30	  14.40
 -73.35	 -85.80	  14.10
 -79.35	 -88.95	  14.70
 -88.20	 -90.15	  15.75
 -94.20	 -89.40	  15.00
 -97.05	 -89.70	  18.30
-100.20	 -89.85	  21.45
-103.35	 -90.15	  23.10
-109.20	 -91.20	  24.90
-111.90	 -90.60	  26.25
-118.05	 -92.25	  27.15
-121.95	 -91.80	  27.30
-125.10	 -92.70	  28.65
-128.55	 -92.85	  29.25
-134.85	 -93.90	  30.30
-135.90	 -93.90	  30.60
-137.25	 -95.25	  31.95
-137.40	 -95.85	  32.10
-136.50	 -93.45	  31.50
-136.05	 -94.80	  31.50
-137.25	 -93.45	  32.25
-141.60	 -93.75	  29.70
-149.55	 -98.40	  25.50
-156.90	 -99.45	  22.50
-155.25	-100.05	  22.05
-153.00	 -98.85	  23.85
-148.80	 -98.40	  23.25
-148.80	 -96.90	  26.55
-146.25	 -97.20	  26.25
-144.90	 -97.05	  26.85
-144.90	 -95.55	  29.70
-138.45	 -93.90	  37.20
-137.25	 -91.50	  40.35
-138.60	 -91.95	  41.10
-135.90	 -90.60	  43.95
-133.80	 -90.45	  44.10
-135.00	 -89.70	  46.65
-136.80	 -89.40	  49.95
-137.70	 -88.80	  50.85
-135.15	 -89.10	  54.15
-135.75	 -87.15	  54.00
-131.10	 -88.35	  56.10
-125.25	 -97.65	  54.90
-124.05	 -96.15	  56.40
-123.60	 -96.75	  54.45
-123.15	 -98.10	  57.30
-126.75	 -99.45	  59.40
-129.60	 -98.70	  59.40
-128.10	 -98.40	  55.35
-135.00	-101.10	  51.00
-139.80	-104.85	  50.40
-150.30	-106.80	  49.35
-160.95	-110.10	  46.80
-157.65	-105.30	  41.70
-160.35	-103.65	  36.30
-159.30	-104.85	  31.50
-156.75	-107.40	  25.35
-151.05	-110.10	  25.20
-150.00	-112.20	  31.50
-149.10	-110.85	  29.25
-152.25	-110.70	  27.45
-148.65	-107.40	  24.60
-148.20	-112.20	  25.35
-148.65	-106.95	  26.85
-155.25	-100.80	  27.90
-157.05	-101.10	  23.85
-156.15	-107.55	  22.50
-158.70	-118.20	  27.00
-154.05	-125.10	  27.15
-157.80	-120.30	  20.85
-160.35	-116.55	  16.05
-152.40	-117.90	  19.95
-148.20	-109.95	  23.10
-153.15	-107.25	  31.80
-157.65	-105.75	  27.00
-170.55	-107.55	  26.55
-140.25	 -99.15	  36.60
-135.75	 -93.00	  33.45
-134.25	 -97.80	  33.45
-134.40	-103.95	  22.95
-121.65	-117.75	  15.45
-128.55	-129.60	   7.80
-141.30	-119.55	   4.65
-137.40	-114.90	   3.45
-140.70	-111.60	   0.90
-125.10	-107.40	   9.15
-127.65	-111.45	   7.65
-121.05	-104.85	   6.60
-114.75	-103.65	   8.40
-103.35	-100.35	   9.15
-101.85	-100.35	  10.65
 -96.45	-102.75	   8.55
 -92.10	 -98.70	  10.05
 -92.85	-105.00	  11.85
 -94.80	-101.10	   3.30
 -83.85	 -93.00	   4.65
 -66.60	 -86.40	   6.15
 -33.45	 -76.05	   9.45
  -7.95	 -69.15	   9.90
  41.25	 -54.90	   8.25
  52.20	 -47.70	   5.85
  57.15	 -52.05	   8.55
  47.40	 -52.20	   7.95
  27.00	 -53.10	   7.80
  18.30	 -66.15	  -0.60
  22.50	 -60.15	   1.95
  33.30	 -56.40	  -3.45
  53.40	 -42.45	  -0.90
  67.20	 -36.75	 -13.20
  72.90	 -24.00	 -11.10
  87.30	 -23.70	 -20.70
  78.30	 -13.95	 -35.55
  68.85	 -18.15	 -57.15
  58.95	 -19.20	 -66.30
  48.90	 -25.35	 -67.65
  40.35	 -35.25	 -63.90
  44.70	 -34.65	 -50.55
  28.05	 -43.20	 -50.55
  23.85	 -44.85	 -47.70
  21.15	 -42.75	 -44.70
  17.25	 -50.40	 -45.15
  19.05	 -52.95	 -48.45
  20.55	 -49.95	 -49.65
  19.20	 -53.40	 -46.80
  15.00	 -55.80	 -43.65
  17.55	 -52.95	 -41.55
  20.10	 -51.75	 -42.60
  22.35	 -50.70	 -38.25
  22.05	 -52.50	 -34.95
  25.20	 -50.55	 -36.60
  23.10	 -51.75	 -35.55
  26.25	 -50.85	 -31.35
  22.20	 -52.80	 -31.05
  24.75	 -54.60	 -31.80
  27.15	 -52.20	 -28.20
  25.50	 -52.80	 -26.55
  30.45	 -51.75	 -29.70
  34.65	 -48.30	 -30.60
  40.80	 -47.10	 -30.90
  41.25	 -45.75	 -34.35
  43.35	 -44.85	 -37.80
  46.65	 -42.30	 -37.05
  58.95	 -35.10	 -31.05
  62.10	 -34.20	 -30.90
  86.10	 -24.60	 -36.30
  91.95	 -20.10	 -35.25
  89.70	 -19.05	 -34.20
  96.45	 -17.40	 -36.15
 101.10	 -16.50	 -37.05
 109.35	  -8.25	 -39.15
 118.20	  -3.00	 -41.70
 125.70	  -0.60	 -37.50
 130.35	   1.20	 -38.70
 129.60	   1.95	 -37.20
 125.40	  -2.55	 -38.25
 127.80	   0.15	 -38.70
 128.70	  -0.60	 -39.00
 130.50	   2.55	 -41.55
 129.30	   0.90	 -40.95
 131.70	   0.60	 -40.35
 131.10	  -0.90	 -41.70
 126.75	  -1.95	 -44.70
 117.90	  -5.70	 -40.95
 112.95	  -9.45	 -43.05
  96.15	 -18.15	 -43.20
  82.05	 -24.60	 -40.35
  72.00	 -28.95	 -41.55
  68.55	 -31.35	 -42.75
  63.60	 -35.25	 -42.30
  57.00	 -36.30	 -40.80
  52.05	 -39.15	 -39.15
  50.85	 -40.95	 -38.40
  49.35	 -42.00	 -40.20
  48.30	 -42.45	 -39.15
  49.65	 -42.30	 -43.05
  47.25	 -41.70	 -39.90
  48.00	 -40.65	 -40.95
  49.20	 -39.30	 -41.85
  48.15	 -42.30	 -39.30
  46.50	 -42.75	 -35.85
  47.70	 -42.60	 -33.00
  48.15	 -43.05	 -29.70
  46.05	 -43.20	 -29.85
  45.15	 -44.10	 -29.40
  46.05	 -43.95	 -30.60
  43.50	 -45.00	 -31.05
  40.80	 -45.90	 -33.00
  40.80	 -45.60	 -32.25
  39.60	 -46.65	 -34.50
  36.30	 -45.15	 -35.25
  37.05	 -45.60	 -34.95
  34.65	 -48.00	 -35.10
  33.60	 -47.55	 -35.40
  37.50	 -49.65	 -34.95
  38.25	 -49.20	 -31.20
  34.65	 -46.80	 -30.60
  30.30	 -53.40	 -29.55
  19.80	 -56.55	 -30.15
  17.40	 -57.45	 -30.30
  13.65	 -57.90	 -30.30
  20.40	 -58.95	 -28.05
  21.75	 -56.40	 -32.10
  23.55	 -56.55	 -29.70
  23.10	 -57.30	 -30.45
  17.40	 -60.15	 -31.05
  21.30	 -58.05	 -29.40
  23.10	 -55.80	 -30.45
  24.75	 -55.65	 -31.35
  24.15	 -54.00	 -31.20
  21.15	 -58.95	 -33.30
