  -0.61	  -0.34	  -9.19
  -0.46	  -0.34	  -9.50
  -0.62	  -0.50	  -9.65
  -0.62	  -0.65	  -9.50
  -0.00	  -0.04	  -9.65
  -0.00	  -0.04	  -9.65
   0.15	  -0.04	  -9.80
  -0.00	  -0.19	  -9.65
  -0.00	  -0.04	  -9.80
   0.15	  -0.19	  -9.49
  -0.15	  -0.19	  -9.80
  -0.00	  -0.34	  -9.49
  -0.15	  -0.34	  -9.49
   0.92	  -0.35	 -10.87
   0.15	  -0.04	  -9.80
   0.61	   0.73	  -9.95
   0.77	   0.57	  -9.80
   1.53	   1.04	  -8.88
   1.53	   0.42	  -9.33
   0.15	  -0.81	 -10.11
  -0.15	   0.12	  -9.49
   0.15	  -0.04	  -9.80
   1.23	   0.27	  -9.49
   0.61	   0.57	  -9.64
  -0.15	  -0.34	  -9.65
  -0.00	  -0.19	  -9.65
  -0.77	  -0.65	  -9.80
  -0.46	   0.12	  -9.19
  -0.31	  -0.34	  -9.65
   1.07	  -0.04	  -9.64
   0.91	  -1.41	  -8.73
   1.21	  -4.02	  -9.03
   0.91	  -2.18	  -8.72
   0.16	   1.03	  -9.95
   0.16	   1.19	  -9.65
   1.69	   1.04	  -8.26
   1.84	  -0.50	  -9.49
   1.68	  -0.50	  -9.80
   1.99	  -1.26	  -9.33
  -0.92	  -1.26	  -9.34
   0.61	  -1.11	  -9.34
   0.91	  -1.11	  -9.64
   1.53	  -0.19	  -9.49
   1.53	  -0.50	  -9.79
   0.15	   0.12	  -9.65
   0.15	   0.27	  -9.80
  -0.00	  -0.04	  -9.65
  -0.31	   0.11	  -9.65
  -0.15	  -0.04	  -9.49
  -0.00	  -0.04	  -9.65
  -0.00	  -0.04	  -9.80
  -0.00	  -0.04	  -9.65
  -0.00	  -0.19	  -9.65
  -0.00	  -0.65	  -9.95
  -0.15	   0.27	  -9.34
  -0.30	   0.88	  -9.49
  -0.15	   0.57	  -9.49
   0.00	   0.73	  -9.95
   0.31	   0.57	  -9.49
   0.61	   0.57	  -9.95
   0.77	   0.57	  -9.80
   0.77	   1.03	  -9.64
   0.31	   0.88	  -9.80
   0.62	   1.19	  -9.64
   0.46	   1.19	  -9.80
   0.46	   0.88	  -9.65
   0.46	   0.57	  -9.80
   0.46	   0.73	  -9.80
   0.61	   0.88	  -9.64
   0.62	   1.03	  -9.80
   0.61	   0.73	  -9.49
   0.46	   1.03	  -9.80
   0.46	   1.03	  -9.49
   0.46	   0.88	  -9.49
   0.62	   0.88	  -9.64
   0.46	   0.88	  -9.80
   0.46	   0.73	  -9.65
   0.61	   0.73	  -9.49
   0.46	   0.88	  -9.80
   0.62	   0.88	  -9.95
   0.61	   0.73	  -9.80
   0.61	   0.73	  -9.64
  -2.45	   0.88	  -9.50
   0.77	  -0.03	  -8.57
  -1.84	  -1.72	  -9.35
  -0.46	  -0.35	  -9.65
  -0.16	  -1.57	  -9.34
  -1.23	  -0.65	  -9.19
  -1.53	   0.12	  -8.73
  -2.30	  -0.65	  -9.35
  -1.54	  -1.41	  -8.74
  -1.38	  -1.26	  -8.73
   0.91	  -0.80	  -8.27
   0.61	  -0.96	  -9.95
   2.14	  -0.81	 -10.71
  -0.00	  -0.35	 -10.57
  -0.46	  -0.19	  -9.65
   0.30	  -0.65	  -9.95
  -2.14	   0.27	  -8.74
  -1.54	  -1.57	  -9.96
  -3.06	  -0.03	  -8.43
  -0.61	  -0.19	  -8.73
  -0.61	  -0.04	  -9.34
  -0.15	  -0.04	  -9.65
  -0.92	   0.42	 -10.11
  -1.38	   1.04	  -9.04
   0.15	   0.27	 -10.26
  -0.77	  -0.96	 -10.26
  -2.45	  -0.19	  -9.35
  -2.45	  -0.04	  -9.66
  -2.29	   1.49	  -9.50
  -1.23	  -0.34	  -9.81
   0.46	  -0.03	  -7.35
   0.61	   0.42	 -10.41
   0.46	   0.57	  -9.80
  -0.77	  -1.57	 -10.11
  -1.23	  -0.65	  -9.19
  -1.99	  -0.19	  -9.20
  -1.99	  -0.04	  -9.35
  -2.30	  -0.19	  -9.04
  -2.15	  -0.50	  -9.50
  -1.84	   0.58	  -9.19
  -2.14	   0.12	  -8.74
  -2.00	  -1.26	  -9.65
  -1.38	  -0.80	  -9.65
   0.00	   0.27	  -9.65
  -0.15	   0.73	  -9.80
  -0.61	   1.19	  -9.34
   0.16	   2.27	  -8.12
   0.01	   1.80	  -9.80
   0.01	   1.80	  -9.80
  -0.61	   1.49	  -9.34
  -1.68	   1.49	  -9.35
  -1.07	   1.03	  -9.50
   0.01	   1.50	  -9.19
  -0.76	   1.80	  -9.50
  -1.06	   2.11	  -9.65
  -1.53	   1.19	  -8.73
  -1.22	   0.73	  -9.81
  -0.61	   0.27	  -8.88
  -1.37	   0.88	  -9.50
  -1.38	   0.73	  -9.50
  -1.38	   0.42	  -9.96
  -1.68	   0.57	  -9.65
  -1.38	   0.73	  -9.35
  -1.38	   0.88	  -9.35
  -1.38	   0.73	  -9.19
  -1.53	   0.73	  -9.81
  -1.53	   0.73	  -9.81
  -1.53	   0.73	  -9.50
  -1.38	   0.88	  -9.65
  -1.84	   0.88	  -9.50
  -1.68	   0.88	  -9.65
  -1.84	   0.58	  -8.89
  -2.30	   0.42	  -9.20
  -2.45	   0.73	  -8.89
  -2.60	   0.42	  -9.04
  -2.14	   0.42	  -9.20
  -2.29	   0.73	  -9.20
  -2.45	   0.88	  -9.04
  -3.68	  -0.66	 -11.95
  -2.76	   0.42	 -10.27
  -2.60	   0.12	  -9.20
  -2.29	   0.88	 -10.12
  -2.60	  -0.03	  -9.04
  -2.15	  -0.34	  -8.89
  -2.91	  -0.49	  -9.05
  -2.60	   0.73	  -9.66
  -3.05	   2.57	  -7.52
  -3.66	   3.18	  -8.59
  -3.82	   3.49	  -8.59
  -4.12	   3.03	  -7.67
  -4.28	   2.88	  -7.98
  -3.06	   1.95	  -9.20
  -2.90	   2.26	  -8.74
  -1.06	   2.72	  -9.04
  -1.97	   5.32	  -9.20
  -2.13	   4.10	  -9.81
  -4.43	   3.64	  -8.13
  -2.90	   2.57	  -9.35
  -1.22	   2.40	 -11.95
  -2.75	   1.19	 -10.12
  -3.52	  -0.04	  -9.35
  -2.29	   1.64	 -10.88
  -3.06	   1.65	  -8.13
  -3.82	   1.19	  -9.05
  -2.29	   0.73	  -9.50
  -2.45	   0.58	  -8.74
  -4.44	  -0.04	  -9.35
  -2.30	  -0.19	  -9.35
  -2.14	   0.27	  -8.89
  -2.91	  -0.34	  -8.90
  -4.44	  -0.50	  -9.82
  -3.22	  -0.65	  -8.44
  -4.29	  -0.03	  -8.44
  -4.45	  -1.42	  -9.66
  -3.68	  -0.95	  -7.82
  -3.53	  -1.73	 -10.73
  -0.77	  -0.65	  -8.73
  -1.08	  -1.43	 -13.78
   0.00	   0.43	  -9.19
   0.45	  -1.57	  -9.34
   1.52	  -1.57	  -9.18
  -1.54	  -2.94	  -7.66
  -2.01	  -4.64	 -11.80
  -2.62	  -4.01	  -6.44
  -1.40	  -4.16	  -7.20
  -1.09	  -3.86	  -8.12
  -1.24	  -4.32	  -8.12
  -1.55	  -4.78	  -8.12
  -1.24	  -4.63	  -8.27
  -1.09	  -4.63	  -8.12
  -0.94	  -4.63	  -8.27
  -1.09	  -4.63	  -7.97
  -0.94	  -4.63	  -8.12
  -0.94	  -4.78	  -8.27
  -0.78	  -4.78	  -8.12
  -0.94	  -4.78	  -7.97
  -0.78	  -4.78	  -7.97
  -0.78	  -4.78	  -8.12
  -0.78	  -4.78	  -8.12
  -0.78	  -4.78	  -8.12
  -0.63	  -4.78	  -8.12
  -0.78	  -4.78	  -7.97
  -0.78	  -4.78	  -8.12
  -0.78	  -4.78	  -7.97
  -0.79	  -4.93	  -8.12
  -0.63	  -4.78	  -8.12
  -0.94	  -4.78	  -8.12
  -0.94	  -4.47	  -7.97
  -1.24	  -3.86	  -8.58
  -1.09	  -3.25	  -8.43
  -1.55	  -3.71	  -8.43
  -0.63	  -4.47	  -7.81
  -2.01	  -4.02	  -9.20
   0.29	  -3.25	  -8.73
  -0.47	  -2.33	  -8.73
  -1.08	  -1.26	  -9.35
  -3.37	   0.57	  -8.89
  -0.62	  -2.18	  -9.80
   1.07	  -0.19	  -9.95
   0.76	  -1.88	  -9.64
   0.75	  -2.64	  -9.19
  -0.32	  -3.10	  -8.88
   0.60	  -3.40	  -8.57
   0.45	  -3.25	  -8.88
   0.14	  -2.95	  -9.34
   0.29	  -3.10	  -9.03
   0.45	  -2.94	  -9.19
   0.60	  -3.10	  -9.03
   0.45	  -3.25	  -9.49
  -0.02	  -3.86	 -10.41
  -1.70	  -3.10	  -8.89
  -3.37	  -0.34	  -8.44
  -1.53	   0.57	  -9.96
  -1.23	  -0.19	  -9.35
  -1.69	  -0.95	  -8.58
  -2.30	  -0.65	  -9.35
  -2.91	  -0.50	  -9.66
  -2.15	  -0.19	  -9.66
  -2.91	  -0.34	  -8.89
  -1.07	  -0.50	  -9.50
  -1.23	  -0.19	  -9.50
  -1.08	  -0.96	  -9.19
  -0.77	  -0.34	  -9.50
  -1.37	   0.88	  -9.34
  -1.38	   0.27	  -9.65
  -1.38	  -0.04	  -9.35
  -1.38	   0.11	  -9.65
  -1.07	  -0.35	  -9.96
  -0.92	   0.27	  -9.19
  -1.23	  -0.19	  -9.35
  -1.23	  -0.34	  -9.50
  -1.38	  -0.19	  -9.50
  -1.53	  -0.34	  -9.50
  -1.53	  -0.34	  -9.35
  -1.38	  -0.19	  -9.50
  -1.69	  -0.34	  -9.19
  -1.53	  -0.19	  -9.50
  -1.69	  -0.34	  -9.35
  -2.30	  -0.50	  -9.20
  -1.69	  -0.19	  -9.35
  -2.30	  -0.19	  -9.20
  -2.14	  -0.19	  -9.35
  -2.30	  -0.34	  -9.20
  -2.14	  -0.04	  -9.20
  -2.45	  -0.04	  -9.20
  -2.45	   0.27	  -9.20
  -2.76	  -0.04	  -9.20
  -2.76	   0.27	  -9.05
  -2.91	   0.27	  -9.05
  -2.60	   0.42	  -9.50
  -2.76	   0.27	  -9.35
  -2.91	   0.27	  -9.05
  -2.60	   0.27	  -9.20
  -3.22	   0.12	  -8.89
  -3.22	   0.12	  -9.20
  -3.06	   0.42	  -9.20
  -3.06	   0.42	  -9.05
  -3.06	   0.88	  -9.20
  -3.37	   0.42	  -9.20
  -3.21	   0.73	  -9.20
  -3.06	   0.88	  -9.05
  -2.45	   1.03	 -10.12
  -3.67	   0.58	  -9.35
  -2.91	   0.58	  -9.05
  -3.06	   0.27	  -9.05
  -3.06	   0.27	  -9.05
  -2.91	   0.58	  -9.05
  -3.21	   0.42	  -9.05
  -2.76	   0.42	  -9.05
  -3.06	   0.42	  -9.20
  -2.91	   0.42	  -9.20
  -2.76	   0.27	  -9.05
  -2.91	   0.42	  -9.05
  -2.91	   0.12	  -9.05
  -2.45	   0.73	  -9.35
  -3.22	  -0.19	  -9.35
  -3.21	   1.19	  -9.51
  -3.06	   1.34	  -9.66
  -3.06	   0.27	  -8.74
  -2.91	   0.73	  -9.05
  -1.99	   0.88	  -9.04
  -4.14	  -0.80	  -9.51
  -1.53	   1.04	  -8.43
  -3.37	  -1.11	  -9.51
  -2.45	   0.27	  -8.43
  -2.60	  -0.19	  -9.66
  -2.45	  -0.34	  -9.20
  -2.91	  -0.19	  -9.05
  -2.91	  -0.34	  -9.05
  -2.76	  -0.50	  -9.05
  -2.45	  -0.19	  -9.20
  -2.61	  -0.50	  -9.35
  -2.45	  -0.65	  -9.20
  -2.30	  -0.50	  -9.35
  -2.45	  -0.34	  -9.35
  -2.14	  -0.04	  -9.20
  -2.14	  -0.04	  -9.66
  -1.99	  -0.34	  -9.50
  -1.53	   0.42	  -8.89
  -2.45	   0.12	  -9.50
  -1.99	   0.12	  -9.50
  -1.99	   0.12	  -9.35
  -1.84	   0.27	  -9.35
  -1.53	   0.12	  -9.50
  -1.68	   0.12	  -9.35
  -1.53	  -0.19	  -9.50
  -1.23	  -0.50	  -9.35
  -1.07	  -0.34	  -9.35
  -1.99	  -0.34	  -9.81
  -1.53	  -0.80	  -9.50
  -2.45	  -0.96	  -9.66
  -1.39	  -1.88	  -9.81
  -1.69	  -1.87	  -9.04
  -2.00	  -1.42	  -9.50
  -1.69	  -2.03	  -9.35
  -1.23	  -1.72	  -9.19
  -1.23	  -1.72	  -9.35
  -1.23	  -1.57	  -9.35
  -1.39	  -2.18	  -9.04
  -0.77	  -2.03	  -9.50
  -1.54	  -2.34	  -9.65
  -1.08	  -1.87	  -9.19
  -1.08	  -2.03	  -9.19
  -1.39	  -2.64	  -9.35
  -1.39	  -2.79	  -9.19
  -1.39	  -2.79	  -8.89
  -1.09	  -3.25	  -8.58
  -1.24	  -3.25	  -8.58
  -1.24	  -3.10	  -8.58
  -0.78	  -3.10	  -8.73
  -1.24	  -3.40	  -8.43
  -0.93	  -4.02	  -8.58
  -1.24	  -4.32	  -8.27
  -0.94	  -4.47	  -8.27
  -1.85	  -4.02	  -8.74
  -1.39	  -3.10	  -8.58
  -3.08	  -5.70	  -9.05
  -1.08	  -2.18	  -8.58
  -2.15	  -2.03	  -9.20
  -2.61	  -2.33	  -8.43
  -1.39	  -2.33	  -9.04
  -1.24	  -2.79	  -8.89
  -1.39	  -2.49	  -9.04
  -1.39	  -2.79	  -8.58
  -1.39	  -2.95	  -9.04
  -1.24	  -3.10	  -9.04
  -1.39	  -3.10	  -8.58
  -1.54	  -3.40	  -8.89
  -1.39	  -3.25	  -8.89
  -1.39	  -3.10	  -8.43
  -1.85	  -3.25	  -9.04
  -1.23	  -2.18	  -8.43
  -1.70	  -2.79	  -8.58
  -2.16	  -2.94	  -8.74
  -1.85	  -2.94	  -8.43
  -2.93	  -4.01	  -8.43
  -1.69	  -2.48	  -8.74
  -1.24	  -3.40	  -8.73
  -2.31	  -4.32	  -8.43
  -0.17	  -2.94	  -8.12
  -2.31	  -4.17	  -8.58
  -1.24	  -2.48	  -8.43
  -1.85	  -3.71	  -8.58
  -2.00	  -2.94	  -8.58
  -1.24	  -3.86	  -8.43
  -2.47	  -4.32	  -8.43
  -0.93	  -3.71	  -8.73
  -1.24	  -4.93	  -8.27
  -1.09	  -4.01	  -8.58
  -2.16	  -3.40	  -8.74
  -2.61	  -2.18	  -8.89
  -3.38	  -2.49	  -8.90
  -3.69	  -2.49	  -9.05
  -3.38	  -4.01	  -8.13
  -3.84	  -3.86	  -7.52
  -2.93	  -4.17	  -7.97
  -3.54	  -4.93	  -6.90
  -3.08	  -4.78	  -7.52
  -3.39	  -4.93	  -7.36
  -2.78	  -4.93	  -7.21
  -2.78	  -5.23	  -7.36
  -2.62	  -5.39	  -7.05
  -3.24	  -7.38	  -6.90
  -3.09	  -6.30	  -5.53
  -2.63	  -6.00	  -6.14
  -3.09	  -6.46	  -7.36
  -2.00	  -2.18	  -8.43
  -1.85	  -2.79	  -9.20
  -1.23	  -1.72	  -7.81
  -2.46	  -2.64	  -9.96
  -1.54	  -1.87	  -8.28
  -2.31	  -2.79	  -9.50
  -1.69	  -0.34	  -8.74
  -1.99	   0.12	  -9.20
  -1.69	  -0.96	  -9.50
  -2.15	  -1.26	  -8.89
  -2.46	  -1.57	  -9.04
  -2.46	  -1.72	  -9.04
  -2.30	  -1.72	  -9.35
  -2.46	  -1.87	  -9.04
  -2.00	  -1.72	  -9.04
  -2.46	  -2.03	  -9.20
  -2.31	  -2.18	  -9.04
  -2.31	  -2.33	  -8.58
  -2.15	  -2.18	  -9.04
  -2.15	  -2.03	  -8.58
  -2.15	  -2.33	  -8.89
  -2.31	  -2.02	  -8.74
  -2.46	  -2.03	  -8.74
  -1.69	  -2.18	  -9.04
  -1.85	  -2.18	  -9.20
  -2.00	  -2.33	  -8.89
  -1.85	  -2.18	  -9.20
  -2.31	  -2.03	  -8.89
  -2.31	  -2.33	  -9.04
  -2.00	  -2.03	  -8.89
  -2.15	  -2.18	  -8.89
  -2.15	  -2.03	  -9.04
  -2.15	  -2.03	  -8.89
  -2.31	  -2.18	  -8.89
  -2.15	  -2.33	  -8.28
  -2.15	  -2.33	  -8.28
  -2.46	  -1.57	  -8.89
  -2.15	  -1.87	  -9.20
  -2.15	  -2.03	  -8.89
  -2.30	  -1.57	  -9.20
  -2.46	  -1.72	  -8.89
  -2.15	  -1.57	  -8.89
  -2.30	  -1.87	  -8.89
  -2.15	  -1.57	  -8.89
  -2.30	  -1.72	  -9.20
  -2.46	  -2.03	  -8.74
  -2.46	  -1.87	  -8.43
  -2.77	  -2.18	  -8.43
  -2.61	  -2.18	  -9.04
  -2.61	  -2.18	  -8.89
  -2.92	  -2.33	  -9.05
  -3.23	  -2.48	  -8.44
  -2.92	  -2.33	  -8.43
  -3.07	  -2.48	  -8.43
  -2.92	  -2.33	  -8.59
  -2.61	  -2.48	  -8.59
  -2.61	  -2.33	  -8.74
  -2.31	  -2.33	  -8.89
  -2.31	  -2.18	  -9.20
  -1.39	  -2.33	  -9.04
  -2.00	  -2.33	  -8.74
  -1.85	  -2.49	  -8.89
  -2.46	  -2.18	  -8.89
  -2.92	  -2.18	  -9.05
  -2.77	  -2.18	  -8.89
  -2.61	  -2.33	  -8.74
  -2.77	  -2.33	  -8.74
  -2.61	  -2.18	  -8.89
  -2.92	  -2.33	  -8.59
  -2.92	  -2.33	  -8.43
  -4.30	  -2.03	  -8.90
  -3.68	  -2.33	  -8.28
  -3.99	  -2.48	  -8.13
  -1.23	  -2.03	  -8.73
  -2.46	  -2.33	  -8.89
  -2.31	  -3.09	  -8.13
  -2.46	  -2.48	  -8.74
  -2.00	  -2.33	  -8.89
  -1.54	  -2.18	  -9.04
  -1.69	  -2.33	  -9.19
  -1.54	  -2.33	  -8.73
  -1.54	  -2.33	  -8.89
  -1.24	  -2.49	  -9.19
  -1.39	  -2.49	  -8.89
  -1.24	  -2.49	  -8.89
  -1.24	  -2.64	  -9.04
  -1.39	  -2.49	  -9.04
  -1.39	  -2.49	  -9.04
  -1.24	  -2.49	  -9.04
  -1.39	  -2.49	  -9.04
  -1.23	  -2.33	  -9.04
  -1.39	  -2.49	  -8.89
  -1.39	  -2.49	  -9.04
  -1.39	  -2.49	  -8.89
  -1.39	  -2.49	  -9.04
  -1.24	  -2.49	  -8.89
  -1.39	  -2.49	  -8.89
  -1.24	  -2.49	  -8.89
  -1.39	  -2.33	  -9.04
  -1.39	  -2.49	  -9.19
  -1.39	  -2.49	  -8.89
  -1.39	  -2.49	  -9.04
  -1.24	  -2.49	  -9.04
  -1.39	  -2.49	  -8.89
  -1.24	  -2.49	  -9.04
  -1.39	  -2.49	  -8.89
  -1.39	  -2.49	  -8.89
  -1.54	  -2.49	  -8.89
  -1.54	  -2.64	  -8.73
  -1.39	  -2.64	  -8.89
  -1.54	  -2.64	  -9.04
  -1.54	  -2.79	  -8.58
  -1.54	  -2.64	  -8.73
  -1.70	  -2.94	  -8.89
  -2.00	  -2.94	  -8.74
  -2.00	  -2.94	  -8.74
  -2.16	  -2.94	  -8.74
  -2.16	  -3.10	  -8.58
  -2.16	  -2.94	  -8.58
  -2.31	  -3.10	  -8.58
  -2.16	  -2.94	  -8.43
  -2.46	  -3.10	  -8.59
  -2.31	  -3.10	  -8.58
  -2.46	  -2.79	  -9.04
  -2.31	  -3.10	  -8.74
  -2.46	  -2.48	  -8.59
  -2.46	  -2.64	  -8.74
  -2.46	  -2.79	  -8.59
  -2.46	  -2.64	  -8.74
  -2.46	  -2.64	  -8.74
  -2.46	  -2.64	  -8.74
  -2.31	  -2.64	  -8.58
  -1.69	  -2.48	  -8.74
  -2.00	  -2.64	  -8.74
  -2.00	  -2.48	  -8.74
  -2.00	  -2.49	  -8.89
  -2.00	  -2.64	  -8.74
  -2.00	  -2.48	  -8.74
  -2.00	  -2.48	  -8.74
  -2.15	  -2.64	  -8.74
  -2.00	  -2.48	  -8.74
  -2.00	  -2.64	  -8.74
  -1.85	  -2.64	  -8.28
  -2.16	  -2.79	  -8.58
  -2.00	  -2.79	  -8.74
  -2.16	  -2.64	  -8.74
  -2.16	  -2.48	  -8.58
  -2.15	  -2.79	  -8.74
  -2.31	  -3.10	  -8.58
  -2.31	  -2.94	  -8.43
  -2.46	  -2.94	  -8.58
  -2.31	  -2.94	  -8.58
  -2.31	  -2.94	  -8.74
  -2.31	  -2.79	  -8.43
  -2.31	  -2.94	  -8.58
  -2.31	  -2.94	  -8.74
  -2.31	  -2.94	  -8.58
  -2.31	  -2.79	  -8.58
  -2.31	  -2.94	  -8.58
  -2.31	  -3.10	  -8.58
  -2.31	  -2.79	  -8.74
  -2.31	  -2.79	  -8.58
  -2.31	  -2.64	  -8.58
  -2.31	  -2.79	  -8.58
  -2.31	  -2.48	  -8.74
  -2.31	  -2.18	  -8.89
  -2.61	  -1.57	  -9.35
  -2.45	  -0.65	  -9.20
  -2.30	   0.27	  -9.35
  -2.30	   0.12	  -9.35
  -2.30	  -0.04	  -9.20
  -2.14	  -0.04	  -9.35
  -2.30	  -0.19	  -9.35
  -2.14	  -0.04	  -9.35
  -2.30	  -0.19	  -9.35
  -2.30	  -0.19	  -9.20
  -2.30	  -0.04	  -9.20
  -2.30	  -0.19	  -9.35
  -2.30	  -0.04	  -9.50
  -2.14	  -0.04	  -9.04
  -2.30	  -0.04	  -9.20
  -2.30	  -0.04	  -9.35
  -2.30	  -0.19	  -9.35
  -2.30	  -0.04	  -9.20
  -2.45	  -0.04	  -9.35
  -2.30	  -0.19	  -9.35
  -2.30	  -0.04	  -9.20
  -1.99	   0.12	  -9.50
  -1.69	  -0.19	  -9.35
  -1.53	  -0.19	  -9.50
  -0.92	  -0.50	  -9.65
  -1.23	  -0.34	  -9.50
  -1.23	  -0.34	  -9.50
  -1.07	  -0.34	  -9.65
  -1.07	  -0.34	  -9.50
  -1.07	  -0.19	  -9.50
  -1.07	  -0.34	  -9.50
  -1.07	  -0.19	  -9.35
  -1.23	  -0.19	  -9.65
  -1.23	  -0.34	  -9.50
  -1.23	  -0.19	  -9.65
  -1.07	  -0.19	  -9.35
  -1.23	  -0.19	  -9.50
  -1.23	  -0.19	  -9.50
  -1.23	  -0.19	  -9.50
  -1.07	  -0.19	  -9.50
  -1.23	  -0.19	  -9.50
  -1.07	  -0.19	  -9.65
  -1.07	  -0.19	  -9.50
  -1.23	  -0.19	  -9.50
  -1.07	  -0.34	  -9.50
  -1.07	  -0.34	  -9.35
  -1.07	  -0.19	  -9.35
  -1.23	  -0.19	  -9.35
  -1.23	  -0.19	  -9.50
  -1.07	  -0.19	  -9.35
  -1.23	  -0.19	  -9.50
  -1.07	  -0.19	  -9.50
  -1.23	  -0.19	  -9.65
  -1.23	  -0.19	  -9.50
  -1.07	  -0.04	  -9.65
  -1.23	  -0.04	  -9.50
  -1.38	  -0.19	  -9.50
  -1.23	  -0.04	  -9.35
  -1.38	  -0.19	  -9.50
  -1.23	  -0.04	  -9.19
  -1.38	  -0.19	  -9.35
  -1.53	  -0.19	  -9.35
  -1.38	  -0.34	  -9.50
  -1.38	  -0.19	  -9.35
  -1.38	  -0.04	  -9.50
  -1.23	  -0.04	  -9.35
  -1.23	  -0.04	  -9.35
  -1.69	  -0.19	  -9.19
  -1.38	  -0.19	  -9.50
  -1.68	  -0.04	  -9.35
  -1.53	  -0.19	  -9.35
  -1.53	  -0.34	  -9.35
  -1.69	  -0.19	  -9.35
  -1.69	  -0.19	  -9.35
  -1.69	  -0.34	  -9.35
  -1.69	  -0.34	  -9.50
  -1.84	  -0.19	  -9.65
  -1.84	  -0.34	  -9.35
  -1.84	  -0.34	  -9.35
  -1.69	  -0.19	  -9.35
  -1.84	  -0.34	  -9.20
  -1.84	  -0.34	  -9.35
  -1.99	  -0.19	  -9.35
  -2.30	  -0.19	  -9.50
  -2.14	   0.27	  -8.89
  -2.29	   0.88	  -9.20
  -2.60	   1.04	  -8.74
  -2.75	   1.34	  -9.35
  -2.75	   1.04	  -8.59
  -3.06	   0.73	  -9.20
  -2.91	   0.88	  -8.89
  -3.06	   0.88	  -9.35
  -3.21	   0.58	  -9.05
  -3.21	   0.73	  -9.05
  -3.21	   0.58	  -9.05
  -3.21	   0.88	  -9.05
  -3.21	   0.88	  -8.89
  -3.21	   0.73	  -8.74
  -3.21	   0.58	  -8.89
  -3.52	   0.58	  -9.05
  -3.67	   0.58	  -8.90
  -3.98	   0.58	  -8.44
  -3.67	   0.42	  -8.90
  -3.67	   0.58	  -8.74
  -3.67	   0.42	  -8.74
  -3.67	   0.58	  -8.90
  -3.67	   0.58	  -8.90
  -3.83	   0.58	  -8.90
  -3.67	   0.58	  -9.05
  -3.67	   0.58	  -8.74
  -3.67	   0.58	  -9.05
  -3.83	   0.27	  -8.74
  -3.83	   0.58	  -8.74
  -3.52	   0.58	  -8.90
  -3.52	   0.58	  -9.05
  -3.21	   0.42	  -9.05
  -3.37	   0.58	  -8.89
  -3.52	   0.42	  -8.90
  -3.52	   0.58	  -9.05
  -3.37	   0.58	  -8.90
  -3.52	   0.42	  -9.05
  -3.37	   0.42	  -9.05
  -3.37	   0.58	  -8.89
  -3.37	   0.58	  -9.05
  -3.21	   0.58	  -8.89
  -3.21	   0.58	  -9.20
  -2.91	   0.58	  -8.89
  -3.37	   0.58	  -9.20
  -2.76	   0.42	  -8.74
  -3.06	   0.73	  -9.35
  -3.06	   0.73	  -8.89
  -3.21	   0.73	  -9.05
  -3.06	   0.73	  -9.20
  -3.21	   0.73	  -8.89
  -3.06	   0.73	  -9.05
  -3.21	   0.58	  -9.20
  -2.75	   1.19	  -9.20
  -3.37	   0.73	  -9.05
  -3.21	   0.73	  -9.05
  -3.67	   0.58	  -9.05
  -3.37	   0.43	  -8.44
  -3.67	   0.42	  -8.74
  -3.52	   0.73	  -8.44
  -3.52	   0.42	  -9.05
  -3.21	   0.58	  -9.05
  -3.37	   0.27	  -8.89
  -3.06	   0.42	  -8.89
  -3.52	   0.42	  -9.20
  -3.21	   0.42	  -8.89
  -3.68	  -0.03	  -8.74
  -3.37	   0.42	  -9.05
  -3.37	   0.43	  -8.59
  -3.37	   0.42	  -9.05
  -3.83	   0.12	  -8.44
  -3.22	  -0.50	  -9.66
  -3.22	  -0.49	  -8.59
  -2.91	  -0.80	  -8.59
  -2.76	  -1.87	  -8.89
  -3.07	  -2.02	  -8.43
  -2.61	  -2.33	  -8.59
  -3.07	  -2.33	  -8.43
  -2.92	  -1.87	  -9.05
  -2.92	  -2.33	  -8.13
  -2.92	  -2.18	  -8.28
  -3.07	  -2.33	  -8.59
  -2.61	  -2.18	  -8.13
  -2.77	  -2.48	  -8.28
  -2.46	  -2.33	  -8.74
  -2.46	  -2.48	  -8.89
  -2.61	  -2.48	  -8.74
  -2.77	  -2.18	  -8.74
  -2.77	  -2.33	  -8.74
  -2.61	  -2.33	  -9.35
  -2.92	  -2.79	  -8.28
  -2.77	  -2.48	  -8.74
  -2.92	  -2.48	  -8.59
  -2.16	  -2.95	  -9.50
  -2.62	  -2.94	  -8.59
  -2.92	  -3.09	  -7.97
  -2.46	  -3.40	  -8.13
  -2.92	  -3.55	  -7.97
  -2.62	  -3.71	  -8.59
  -2.47	  -4.01	  -7.67
  -1.85	  -3.86	  -8.12
  -1.85	  -4.17	  -8.28
  -1.70	  -3.71	  -7.97
  -1.39	  -4.02	  -8.73
  -1.24	  -3.86	  -8.27
  -1.55	  -4.02	  -8.43
  -1.55	  -3.86	  -8.28
  -1.24	  -3.56	  -8.58
  -1.39	  -3.25	  -8.73
  -1.24	  -3.25	  -8.58
  -1.39	  -3.56	  -8.73
  -1.24	  -3.25	  -8.58
  -1.70	  -3.40	  -8.89
  -1.24	  -3.56	  -8.43
  -1.54	  -3.25	  -8.58
  -1.54	  -3.25	  -8.43
  -1.39	  -3.40	  -8.58
  -1.55	  -3.40	  -8.58
  -1.54	  -3.25	  -8.58
  -1.55	  -3.40	  -8.58
  -1.39	  -3.10	  -8.73
  -1.39	  -3.25	  -8.89
  -1.39	  -3.10	  -8.73
  -1.39	  -3.40	  -8.58
  -1.39	  -3.25	  -8.73
  -1.24	  -3.40	  -8.89
  -1.08	  -3.10	  -9.04
  -1.24	  -3.40	  -8.89
  -1.24	  -3.41	  -9.04
  -1.09	  -3.40	  -8.89
  -1.09	  -3.40	  -8.89
  -0.93	  -3.10	  -8.58
  -0.93	  -3.10	  -9.19
  -1.24	  -2.95	  -9.35
  -1.54	  -3.25	  -9.04
  -1.24	  -3.25	  -8.73
  -1.09	  -3.25	  -8.89
  -1.08	  -2.94	  -8.89
  -1.09	  -3.25	  -9.19
  -0.93	  -3.10	  -8.73
  -1.08	  -2.95	  -9.19
  -1.08	  -2.94	  -8.58
  -1.39	  -3.10	  -8.73
  -1.08	  -3.10	  -8.58
  -1.08	  -2.95	  -9.35
  -0.78	  -2.64	  -8.88
  -1.08	  -2.49	  -9.50
  -0.93	  -2.48	  -8.73
  -1.08	  -2.64	  -9.35
  -0.93	  -2.49	  -8.89
  -0.78	  -2.64	  -8.88
  -0.78	  -2.49	  -9.19
  -0.93	  -2.49	  -8.89
  -0.78	  -2.49	  -9.19
  -0.47	  -2.64	  -8.73
  -0.93	  -2.64	  -9.19
  -0.93	  -2.33	  -8.58
  -0.62	  -2.33	  -9.34
  -0.78	  -2.48	  -8.73
  -0.93	  -2.64	  -9.34
  -1.39	  -2.64	  -9.19
  -1.24	  -2.49	  -9.04
  -0.78	  -2.33	  -9.19
  -0.78	  -2.33	  -9.19
  -0.77	  -2.03	  -9.34
  -1.69	  -1.72	  -9.04
  -1.08	  -1.11	  -9.35
  -1.23	  -0.80	  -9.19
  -0.92	  -1.11	  -9.50
  -1.08	  -1.11	  -9.65
  -0.92	  -0.96	  -9.19
  -1.23	  -1.11	  -9.50
  -1.08	  -0.96	  -9.35
  -1.08	  -1.11	  -9.19
  -1.23	  -1.11	  -9.50
  -1.08	  -1.11	  -9.19
  -1.23	  -1.26	  -9.35
  -1.54	  -1.26	  -9.04
  -1.38	  -1.11	  -9.35
  -1.84	  -0.95	  -9.04
  -2.00	  -1.11	  -9.50
  -1.54	  -1.26	  -9.19
  -1.84	  -1.11	  -9.04
  -1.84	  -1.11	  -9.20
  -2.00	  -1.26	  -9.04
  -1.84	  -1.11	  -9.50
  -2.30	  -1.26	  -8.74
  -2.61	  -1.41	  -9.20
  -2.00	  -1.42	  -9.20
  -3.07	  -1.41	  -8.74
  -1.84	  -1.26	  -9.50
  -2.61	  -1.41	  -8.89
  -2.15	  -1.41	  -9.20
  -1.99	  -0.96	  -9.20
  -1.99	  -0.03	  -8.74
  -2.60	  -0.04	  -9.35
  -2.14	  -0.19	  -9.35
  -2.15	  -0.34	  -9.50
  -1.99	  -0.65	  -9.20
  -1.99	  -0.80	  -9.35
  -2.15	  -0.80	  -9.04
  -1.38	  -0.80	  -9.50
  -1.38	  -0.65	  -9.35
  -1.69	  -0.65	  -9.50
  -1.69	  -0.65	  -9.04
  -1.69	  -0.80	  -9.50
  -1.84	  -0.65	  -9.66
  -2.45	  -1.11	  -9.35
  -2.45	  -1.11	  -8.89
  -2.30	  -1.11	  -9.35
  -2.30	  -0.95	  -8.89
  -2.45	  -0.80	  -9.35
  -2.45	  -0.95	  -9.04
  -2.30	  -0.95	  -9.20
  -2.45	  -0.95	  -9.20
  -2.45	  -0.96	  -9.20
  -2.45	  -0.95	  -8.89
  -2.30	  -1.11	  -8.89
  -2.45	  -0.80	  -9.20
  -1.53	  -0.34	  -9.50
  -2.30	  -0.80	  -8.89
  -2.45	  -0.80	  -9.04
  -1.99	  -0.80	  -8.89
  -2.15	  -0.80	  -9.50
  -2.15	  -0.80	  -9.35
  -2.30	  -1.11	  -9.20
  -2.30	  -1.26	  -8.89
  -1.84	  -1.26	  -9.04
  -2.00	  -1.41	  -9.20
  -2.00	  -1.26	  -9.20
  -2.15	  -1.26	  -9.04
  -2.15	  -1.26	  -9.35
  -1.84	  -1.26	  -9.35
  -2.15	  -1.26	  -9.20
  -2.15	  -1.26	  -9.35
  -1.69	  -1.26	  -9.35
  -2.15	  -1.41	  -9.20
  -2.00	  -1.41	  -9.04
  -1.84	  -1.26	  -9.35
  -1.84	  -1.26	  -9.04
  -2.00	  -1.26	  -9.04
  -1.84	  -1.41	  -9.35
  -2.00	  -1.41	  -9.04
  -2.00	  -1.41	  -9.20
  -2.15	  -1.42	  -9.20
  -2.30	  -1.41	  -9.20
  -2.30	  -1.41	  -9.20
  -2.15	  -1.41	  -9.04
  -2.30	  -1.41	  -9.04
  -2.30	  -1.26	  -9.20
  -2.00	  -1.26	  -9.04
  -2.15	  -1.41	  -9.04
  -2.15	  -1.26	  -9.20
  -2.30	  -1.41	  -9.20
  -2.30	  -1.26	  -9.20
  -2.15	  -1.26	  -9.04
  -1.84	  -1.26	  -8.74
  -2.15	  -1.26	  -9.20
  -1.69	  -1.41	  -9.35
  -1.69	  -1.41	  -9.19
  -1.38	  -1.26	  -9.35
  -1.38	  -1.26	  -9.35
  -1.84	  -1.11	  -9.04
  -1.84	  -1.11	  -9.20
  -1.54	  -1.57	  -9.35
  -1.54	  -1.26	  -9.35
  -1.23	  -0.50	  -9.35
  -0.61	  -0.50	  -9.80
  -0.16	  -1.57	  -9.65
  -1.08	  -1.11	  -8.89
   0.61	  -1.11	  -9.34
   0.30	  -0.65	  -9.65
  -0.31	  -0.34	  -9.34
  -0.92	  -0.19	 -10.11
  -1.68	   0.12	  -9.35
  -1.99	  -0.04	  -9.20
  -2.45	  -0.04	  -9.50
  -2.91	  -0.50	  -9.20
  -2.61	  -0.80	  -9.35
  -3.22	  -0.50	  -9.05
  -3.37	  -0.65	  -8.74
  -4.14	  -1.41	  -8.29
  -3.38	  -2.02	  -8.74
  -1.08	  -1.72	  -9.50
  -0.78	  -2.33	  -9.04
  -2.16	  -3.40	  -8.89
  -0.93	  -3.56	  -8.43
  -1.08	  -2.33	  -9.50
  -0.93	  -2.49	  -9.19
  -1.23	  -2.03	  -9.19
  -2.46	  -2.18	  -9.05
  -3.23	  -3.09	  -7.82
  -3.53	  -2.02	  -8.28
  -3.22	   0.42	  -9.20
  -3.06	  -0.04	  -8.89
  -3.67	   0.12	  -8.74
  -3.67	   0.73	  -8.59
  -4.44	   1.04	  -8.44
  -4.90	   0.73	  -8.29
  -5.05	   0.27	  -8.44
  -5.05	   0.58	  -8.29
  -2.30	  -0.34	  -8.74
  -2.14	  -0.19	  -8.58
  -2.61	  -1.72	  -9.05
  -0.93	  -1.72	  -9.19
  -1.84	  -1.42	 -10.11
  -2.15	  -0.50	  -9.20
  -1.99	  -0.50	  -9.04
  -2.15	  -1.11	  -9.50
  -3.22	  -0.95	  -8.59
  -2.92	  -1.11	  -8.43
  -3.53	  -0.80	  -8.59
  -3.37	  -0.19	  -9.51
  -3.53	  -1.56	  -8.74
  -2.76	  -0.96	  -9.50
  -3.83	  -1.26	  -8.74
  -4.14	  -1.26	  -8.44
  -3.83	  -0.80	  -8.44
  -3.37	  -0.49	  -8.74
  -2.91	  -0.49	  -8.89
  -3.83	  -0.65	  -8.74
  -3.68	  -0.80	  -8.74
  -3.99	  -0.95	  -8.90
  -3.68	  -1.11	  -8.74
  -3.68	  -1.11	  -8.59
  -3.68	  -0.95	  -8.74
  -3.53	  -0.95	  -8.74
  -3.83	  -1.11	  -8.59
  -3.68	  -1.41	  -8.44
  -3.83	  -1.41	  -8.59
  -3.68	  -1.41	  -8.59
  -3.53	  -1.26	  -8.59
  -3.37	  -1.26	  -9.05
  -3.68	  -1.41	  -8.74
  -3.53	  -1.41	  -8.74
  -3.53	  -1.41	  -8.74
  -3.37	  -1.41	  -8.44
  -3.53	  -1.57	  -8.59
  -3.53	  -1.41	  -8.59
  -3.37	  -1.41	  -8.90
  -3.37	  -1.26	  -8.90
  -3.22	  -1.26	  -8.59
  -3.07	  -0.80	  -8.59
  -3.68	  -1.41	  -8.74
  -1.69	  -0.65	  -9.19
  -3.22	  -1.26	  -9.05
  -3.83	  -1.26	  -8.74
  -1.69	  -0.19	  -9.04
  -3.37	  -1.26	  -8.90
  -2.76	  -0.04	  -9.05
  -2.30	  -0.19	  -8.89
  -3.52	  -0.65	  -8.59
  -2.30	  -0.04	  -9.20
  -2.91	   0.57	  -9.35
  -2.76	   0.27	  -9.05
  -2.45	  -0.04	  -9.20
  -2.15	  -0.34	  -9.35
  -4.44	  -0.80	  -8.29
  -4.14	  -0.34	  -8.59
  -2.91	   0.58	  -9.05
  -3.37	   0.12	  -9.05
  -4.90	  -0.19	  -8.44
  -2.75	   0.73	  -9.05
  -3.06	  -0.04	  -9.20
  -3.68	   0.12	  -9.35
  -2.30	  -0.03	  -8.74
  -4.45	  -1.56	  -8.44
  -3.22	   0.42	  -9.05
  -3.98	   0.27	  -8.74
  -3.98	   0.58	  -9.20
  -3.52	   1.03	  -9.35
  -3.37	   0.27	  -9.97
  -2.14	   0.57	  -9.96
  -3.06	   0.12	  -9.35
  -2.91	  -0.04	  -9.20
  -2.60	  -0.04	  -8.89
  -3.52	  -0.49	  -8.59
  -2.61	  -1.26	  -8.89
  -3.07	  -1.26	  -9.05
  -3.07	  -0.80	  -9.35
  -2.91	  -0.80	  -9.05
  -2.61	  -0.95	  -8.74
  -3.07	  -1.57	  -8.59
  -2.91	  -1.26	  -8.74
  -2.76	  -1.41	  -8.89
  -2.61	  -1.26	  -9.05
  -2.76	  -1.26	  -9.05
  -2.45	  -1.11	  -9.35
  -3.07	  -0.65	  -8.74
  -3.22	  -0.19	  -9.66
  -2.91	   0.42	  -9.05
  -3.06	   0.12	  -8.89
  -3.06	  -0.04	  -9.05
  -3.06	  -0.04	  -9.05
  -2.91	  -0.04	  -9.05
  -2.91	  -0.04	  -9.05
  -3.06	  -0.04	  -9.05
  -3.06	  -0.04	  -9.05
  -2.76	  -0.19	  -9.20
  -2.30	  -0.04	  -9.35
  -1.99	  -0.04	  -9.35
  -1.07	  -0.34	  -9.50
  -0.77	  -1.11	  -9.80
  -0.93	  -1.87	  -9.19
  -1.08	  -2.95	  -9.19
  -2.16	  -3.55	  -8.28
  -2.92	  -4.01	  -7.97
  -2.77	  -4.17	  -7.97
  -1.85	  -3.56	  -9.35
  -1.39	  -1.87	  -8.58
  -1.99	  -0.80	  -9.35
  -1.23	  -0.19	  -9.19
  -2.45	  -0.65	  -9.50
  -1.38	   0.12	  -9.04
  -1.69	  -1.42	 -10.88
   0.46	  -0.34	  -8.88
  -1.53	   0.11	  -9.65
   0.77	   0.12	  -8.11
  -1.99	  -0.34	  -8.12
  -2.45	  -0.82	 -13.33
   1.22	  -1.42	 -12.55
   2.14	   0.13	  -6.42
   0.00	   1.35	  -6.43
  -2.15	  -1.26	  -9.20
  -0.31	  -0.65	  -9.34
  -0.62	  -0.65	  -9.34
  -1.08	  -0.96	  -9.65
  -1.23	  -1.11	  -9.35
  -1.23	  -1.26	  -9.50
  -1.08	  -1.41	  -9.19
  -1.08	  -1.57	  -9.35
  -1.23	  -1.72	  -9.35
  -1.39	  -1.72	  -9.35
  -1.23	  -1.72	  -9.19
  -0.77	  -1.72	  -9.65
  -1.23	  -1.72	  -9.19
  -1.08	  -1.88	  -9.65
  -1.08	  -1.42	  -9.50
  -1.85	  -2.03	  -9.04
  -2.00	  -2.33	  -8.74
  -2.31	  -2.48	  -8.43
  -2.00	  -3.10	  -8.89
  -1.70	  -3.10	  -8.58
  -1.39	  -3.71	  -8.73
  -1.85	  -4.17	  -8.28
  -1.70	  -3.86	  -8.58
  -1.55	  -3.40	  -8.73
  -1.23	  -1.72	  -9.19
  -1.07	  -0.04	  -9.19
  -1.07	   0.12	  -9.50
  -1.22	   0.42	  -9.65
  -1.07	   0.27	  -9.50
  -1.38	  -0.04	  -9.65
  -1.07	   0.27	  -9.34
  -1.22	   0.27	  -9.65
  -1.38	   0.27	  -9.35
  -1.22	   0.27	  -9.50
  -1.22	   0.42	  -9.50
  -1.53	   0.27	  -9.35
  -1.38	   0.27	  -9.65
  -1.38	   0.42	  -9.50
  -1.22	   0.27	  -9.50
  -1.38	   0.27	  -9.50
  -1.38	   0.27	  -9.50
  -1.53	   0.27	  -9.50
  -1.38	   0.27	  -9.50
  -1.53	   0.27	  -9.50
  -1.53	   0.12	  -9.50
  -1.38	  -0.04	  -9.35
  -1.68	   0.12	  -9.35
  -2.14	   0.27	  -9.35
  -1.69	  -1.57	  -9.35
  -2.46	  -1.87	  -9.20
  -2.61	  -1.11	  -8.74
  -2.45	  -0.65	  -8.59
  -3.22	  -0.65	  -8.28
  -2.45	   0.88	  -9.04
  -1.99	  -0.04	  -8.89
  -2.30	  -0.19	  -9.35
  -2.45	  -0.19	  -9.35
  -2.14	  -0.19	  -9.20
  -2.14	  -0.19	  -9.20
  -2.30	  -0.04	  -9.20
  -2.30	  -0.04	  -9.66
  -1.68	   0.12	  -9.35
  -1.84	   0.11	  -9.65
  -1.68	   0.12	  -9.35
  -1.99	   0.27	  -9.50
  -1.84	  -0.04	  -9.50
  -1.99	   0.27	  -9.35
  -1.99	  -0.04	  -9.50
  -1.99	   0.12	  -9.20
  -2.30	  -0.04	  -9.50
  -1.84	  -0.04	  -9.04
  -2.30	  -0.04	  -9.66
  -2.14	  -0.04	  -9.04
  -2.30	  -0.04	  -9.35
  -2.30	  -0.04	  -9.04
  -2.76	  -0.19	  -9.35
  -2.30	  -0.04	  -8.89
  -2.60	  -0.19	  -9.50
  -2.45	   0.27	  -8.89
  -2.76	  -0.04	  -9.66
  -2.29	   1.03	  -9.20
  -2.30	  -0.04	  -9.35
  -2.91	   0.73	  -9.05
  -2.29	   0.58	  -9.20
  -2.45	   0.42	  -9.04
  -2.45	   0.12	  -9.20
  -2.45	   0.27	  -9.20
  -2.91	   0.42	  -9.66
  -2.75	   0.88	  -8.89
  -3.67	   0.88	  -9.20
  -2.45	   1.04	  -8.74
  -1.68	   0.88	  -9.65
  -1.07	   0.73	  -9.19
  -2.14	   0.88	  -9.66
  -1.68	   1.04	  -9.19
  -1.83	   0.88	  -9.50
  -1.07	   1.04	  -8.73
  -1.99	   1.03	  -9.50
  -1.22	   1.04	  -9.19
  -1.83	   1.19	  -9.65
  -1.37	   1.19	  -9.04
  -1.68	   1.03	  -9.35
  -2.14	   1.03	  -9.35
  -1.83	   1.19	  -9.35
  -1.53	   0.57	  -9.35
  -1.83	   1.19	  -9.50
  -1.68	   1.19	  -8.89
  -2.29	   1.19	  -9.66
  -1.37	   1.19	  -9.04
  -2.29	   1.80	  -9.96
  -2.44	   1.19	  -9.04
  -1.99	  -0.34	  -9.66
  -2.91	  -0.34	  -8.74
  -1.84	  -0.19	  -9.50
  -2.15	  -0.80	  -9.20
  -1.38	  -0.50	  -9.35
  -1.69	  -0.34	  -9.50
  -1.38	  -0.34	  -9.50
  -1.84	  -0.50	  -9.81
  -1.53	  -0.34	  -9.50
  -1.38	  -0.19	  -9.65
  -1.69	  -0.19	  -9.19
  -1.68	  -0.04	  -9.50
  -1.38	  -0.19	  -9.65
  -1.69	  -0.19	  -9.19
  -1.69	  -0.19	  -9.50
  -1.53	  -0.04	  -9.50
  -1.68	  -0.04	  -9.35
  -1.68	  -0.04	  -9.50
  -1.68	   0.12	  -9.04
  -1.53	  -0.04	  -9.81
  -1.23	  -0.04	  -9.19
  -1.68	  -0.04	  -9.35
  -2.14	  -0.04	  -9.20
  -1.84	  -0.19	  -9.35
  -1.38	  -0.34	  -9.35
  -1.38	  -0.19	  -9.65
  -1.07	  -0.34	  -9.04
  -1.23	  -0.50	  -9.35
  -1.54	  -0.95	  -9.35
  -1.54	  -1.42	  -9.35
  -1.38	  -1.57	  -9.65
  -1.38	  -1.57	  -8.89
  -1.39	  -2.03	  -9.35
  -2.00	  -2.03	  -8.89
  -1.84	  -1.11	  -9.35
  -2.15	  -1.42	  -9.66
  -1.38	  -1.11	  -9.04
  -2.00	  -1.26	  -9.35
  -2.00	  -1.26	  -9.35
  -1.69	  -1.26	  -9.04
  -2.76	  -1.41	  -9.20
  -2.00	  -1.72	  -9.04
  -2.30	  -1.87	  -9.20
  -1.84	  -1.57	  -9.04
  -1.39	  -1.72	  -9.19
  -2.00	  -1.41	  -9.20
  -1.54	  -1.41	  -9.04
  -1.84	  -1.41	  -8.89
  -2.46	  -1.57	  -9.04
  -3.07	  -1.87	  -8.43
  -2.92	  -1.87	  -9.05
  -3.07	  -2.02	  -8.59
  -2.61	  -2.02	  -8.74
  -2.30	  -1.57	  -9.20
  -2.76	  -1.41	  -9.05
  -2.30	  -1.57	  -9.66
  -2.46	  -1.26	  -9.20
  -2.00	  -1.57	  -9.35
  -2.30	  -1.57	  -9.04
  -1.69	  -1.41	  -8.89
  -2.30	  -1.57	  -9.20
  -1.84	  -1.26	  -9.04
  -2.61	  -1.41	  -9.05
  -2.15	  -1.57	  -8.58
  -2.15	  -1.26	  -9.35
  -2.46	  -1.57	  -8.89
  -2.15	  -1.41	  -8.58
  -2.46	  -1.57	  -9.20
  -2.30	  -1.72	  -8.74
  -2.30	  -1.41	  -9.04
  -2.61	  -1.72	  -9.05
  -2.15	  -1.72	  -8.89
  -2.30	  -1.57	  -8.89
  -2.30	  -1.57	  -8.89
  -1.69	  -1.41	  -9.20
  -2.30	  -1.41	  -8.89
  -2.00	  -1.41	  -9.20
  -1.54	  -1.57	  -9.19
  -1.54	  -1.26	  -9.19
  -1.69	  -1.42	  -9.50
  -1.69	  -1.57	  -9.04
  -1.39	  -1.72	  -9.19
  -1.69	  -1.72	  -9.19
  -1.69	  -1.57	  -8.89
  -1.69	  -1.57	  -9.19
  -1.54	  -1.57	  -9.19
  -1.38	  -1.57	  -9.19
  -1.54	  -1.57	  -9.35
  -1.38	  -0.96	  -9.65
  -1.84	  -1.11	  -9.20
  -1.69	  -1.42	  -9.81
  -2.30	  -1.26	  -9.20
  -1.84	  -1.11	  -9.20
  -1.84	  -1.57	  -9.35
  -1.69	  -1.26	  -9.19
  -1.69	  -1.26	  -9.65
  -1.99	  -0.80	  -9.20
  -2.30	  -0.80	  -9.04
  -2.45	  -0.80	  -9.04
  -2.30	  -0.65	  -9.35
  -1.54	  -1.26	  -9.35
  -2.45	  -0.96	  -9.35
  -1.99	  -0.34	  -9.20
  -2.15	  -0.80	  -9.04
  -1.99	  -0.96	  -9.35
  -2.30	  -0.80	  -9.04
  -2.30	  -0.80	  -9.20
  -2.30	  -0.80	  -9.35
  -2.15	  -0.80	  -9.35
  -2.15	  -0.80	  -9.04
  -2.15	  -0.65	  -9.35
  -2.15	  -0.65	  -9.20
  -2.30	  -0.65	  -9.20
  -2.15	  -0.80	  -9.35
  -2.15	  -0.65	  -9.35
  -2.15	  -0.65	  -9.20
  -2.15	  -0.65	  -9.20
  -2.15	  -0.65	  -9.20
  -2.15	  -0.65	  -9.35
  -2.15	  -0.65	  -9.20
  -2.15	  -0.50	  -9.35
  -2.14	  -0.04	  -9.35
  -2.45	   0.58	  -9.20
  -1.68	   1.03	  -9.19
  -2.30	   1.04	  -8.89
  -1.84	  -0.34	  -8.43
  -2.45	   0.73	  -9.35
  -2.45	   0.58	  -9.04
  -2.76	   0.27	  -9.20
  -1.84	   0.27	  -9.35
  -2.30	   0.12	  -9.20
  -2.45	   0.27	  -9.50
  -2.14	  -0.04	  -9.20
  -2.30	  -0.04	  -9.20
  -2.14	  -0.04	  -9.04
  -2.45	  -0.19	  -9.04
  -2.14	  -0.04	  -9.35
  -1.99	   0.12	  -9.65
  -1.99	   0.12	  -9.35
  -1.84	   0.27	  -9.19
  -1.99	   0.12	  -9.35
  -2.30	  -0.04	  -9.20
  -2.14	   0.12	  -9.20
  -2.30	   0.12	  -9.35
  -1.69	  -0.19	  -9.35
  -0.77	  -0.04	  -9.50
  -1.38	  -0.04	  -9.35
  -1.84	  -0.19	  -9.20
  -2.30	  -0.34	  -9.20
  -1.99	  -0.19	  -9.35
  -2.30	  -0.19	  -9.35
  -2.30	  -0.19	  -9.20
  -2.76	  -0.19	  -9.20
  -2.45	  -0.19	  -9.04
  -2.60	  -0.04	  -9.20
  -3.22	  -0.04	  -9.20
  -3.06	  -0.04	  -9.05
  -2.91	  -0.04	  -9.05
   0.31	  -0.04	  -9.19
  -1.23	  -0.19	  -9.04
  -1.07	  -0.04	  -9.50
  -0.92	  -0.19	  -9.65
  -0.46	  -0.34	  -9.50
  -1.07	  -0.04	  -9.34
  -0.92	   0.12	  -9.50
  -1.07	  -0.50	  -9.35
  -1.38	  -0.34	  -9.50
  -1.38	  -0.34	  -9.35
  -1.53	  -0.50	  -9.50
  -1.07	  -0.50	  -9.80
  -1.53	  -0.19	  -9.19
  -1.07	  -0.04	  -9.96
  -1.99	  -0.19	  -9.20
  -1.69	  -0.19	  -9.35
  -1.53	  -0.19	  -9.50
  -1.69	  -0.50	  -9.04
  -0.77	  -1.11	  -9.34
  -1.54	  -1.26	  -9.50
  -1.23	  -0.96	  -9.35
  -1.23	  -0.96	  -9.19
  -0.92	  -0.95	  -8.89
  -1.07	  -0.65	  -9.35
  -1.07	  -0.65	  -9.35
  -1.23	  -0.65	  -9.50
  -1.23	  -0.80	  -9.50
  -1.08	  -0.80	  -9.19
  -1.38	  -0.65	  -9.35
  -1.23	  -0.65	  -9.50
  -1.38	  -0.65	  -9.35
  -1.23	  -0.65	  -9.50
  -1.23	  -0.65	  -9.50
  -1.23	  -0.50	  -9.50
  -1.23	  -0.65	  -9.35
  -1.23	  -0.65	  -9.50
  -1.23	  -0.65	  -9.35
  -1.07	  -0.34	  -9.65
  -1.38	  -0.50	  -9.50
  -1.23	  -0.50	  -9.50
  -1.23	  -0.50	  -9.65
  -1.38	  -0.50	  -9.50
  -1.38	  -0.50	  -9.50
  -1.53	  -0.50	  -9.35
  -1.84	  -0.19	  -9.35
  -1.68	  -0.04	  -9.50
  -1.84	  -0.04	  -9.35
  -2.14	   0.42	  -9.50
  -2.14	   0.58	  -9.35
  -2.30	   0.27	  -9.20
  -2.14	   0.12	  -9.20
  -2.15	  -0.34	  -9.50
  -2.30	  -0.65	  -9.35
  -2.15	  -0.95	  -9.04
  -2.30	  -0.96	  -9.35
  -2.30	  -0.65	  -9.35
  -1.99	  -0.80	  -9.20
  -2.30	  -0.65	  -9.35
  -2.45	  -0.50	  -9.20
  -2.30	  -0.34	  -9.35
  -2.30	  -0.50	  -9.20
  -2.15	  -0.50	  -9.04
  -2.14	  -0.34	  -9.35
  -2.30	  -0.34	  -9.35
  -2.30	  -0.50	  -9.35
  -2.30	  -0.34	  -9.04
  -2.15	  -0.50	  -9.20
  -2.30	  -0.19	  -9.35
  -2.30	  -0.34	  -9.20
  -2.30	  -0.34	  -9.35
  -2.30	  -0.34	  -9.50
  -2.30	  -0.19	  -9.35
  -2.30	  -0.34	  -9.04
  -2.45	  -0.19	  -9.20
  -2.30	  -0.34	  -9.35
  -2.30	  -0.50	  -9.20
  -2.30	  -0.50	  -9.20
  -2.30	  -0.50	  -9.20
  -2.45	  -0.50	  -9.20
  -2.30	  -0.50	  -9.20
  -2.30	  -0.50	  -9.04
  -2.45	  -0.50	  -9.04
  -2.30	  -0.50	  -9.20
  -2.30	  -0.50	  -9.20
  -2.61	  -0.96	  -9.20
  -2.30	  -0.50	  -9.20
  -2.45	  -0.65	  -9.20
  -2.45	  -0.50	  -9.35
  -2.45	  -0.34	  -9.35
  -2.45	  -0.50	  -9.20
  -2.45	  -0.50	  -9.20
  -2.30	  -0.50	  -9.20
  -2.30	  -0.50	  -9.20
  -2.30	  -0.34	  -9.50
  -2.30	  -0.50	  -9.20
  -2.30	  -0.65	  -9.20
  -2.30	  -0.65	  -9.20
  -2.30	  -0.50	  -9.20
  -2.30	  -0.65	  -9.20
  -2.14	  -0.19	  -9.04
  -2.45	   0.12	  -9.50
  -3.06	  -0.04	  -9.20
  -2.76	  -0.50	  -9.20
  -2.14	  -0.19	  -9.35
  -2.60	   0.42	  -9.81
  -2.45	  -0.04	  -9.04
  -2.14	   0.57	  -9.50
  -2.45	   0.88	  -9.04
  -1.68	   1.19	  -9.04
  -2.30	   0.42	  -9.35
  -1.99	   0.12	  -9.35
  -1.84	   0.12	  -9.19
  -1.07	   0.27	  -9.35
  -1.38	  -0.65	  -8.89
  -2.00	  -1.11	  -9.20
  -2.00	  -1.26	  -9.04
  -1.54	  -1.26	  -9.35
  -0.92	  -1.11	  -9.34
  -0.92	  -1.57	  -9.34
  -0.47	  -1.26	  -9.65
  -0.46	  -1.26	  -9.96
  -0.62	  -1.42	  -9.34
  -0.77	  -1.42	  -9.34
  -0.47	  -1.42	  -9.50
  -0.62	  -1.57	  -9.34
  -0.62	  -1.26	  -9.50
  -1.38	  -1.42	  -9.96
  -1.23	  -1.26	  -9.50
  -1.23	  -0.65	  -9.35
  -1.23	  -0.80	  -9.19
  -1.07	  -0.19	  -9.19
  -0.92	  -0.19	  -9.65
  -1.07	  -0.65	  -9.65
  -0.92	  -0.80	  -9.50
  -0.92	  -0.80	  -9.50
  -1.08	  -0.80	  -9.35
  -1.08	  -0.80	  -9.50
  -0.92	  -0.96	  -9.50
  -0.92	  -0.80	  -9.50
  -1.07	  -0.80	  -9.50
  -1.08	  -0.80	  -9.35
  -0.92	  -0.80	  -9.50
  -1.08	  -0.80	  -9.35
  -1.08	  -0.80	  -9.50
  -1.08	  -0.80	  -9.65
  -1.07	  -0.65	  -9.50
  -1.07	  -0.65	  -9.50
  -0.92	  -0.65	  -9.50
  -0.92	  -0.65	  -9.34
  -1.08	  -0.80	  -9.65
  -1.07	  -0.65	  -9.50
  -1.07	  -0.80	  -9.50
  -1.07	  -0.65	  -9.50
  -1.23	  -0.65	  -9.50
  -1.38	  -0.65	  -9.35
  -1.23	  -0.65	  -9.50
  -1.53	  -0.65	  -9.50
  -1.23	  -0.65	  -9.50
  -1.38	  -0.65	  -9.35
  -1.53	  -0.65	  -9.50
  -1.53	  -0.65	  -9.35
  -1.69	  -0.50	  -9.50
  -1.53	  -0.50	  -9.50
  -1.99	  -0.34	  -9.20
  -1.84	  -0.50	  -9.35
  -2.15	  -0.65	  -9.20
  -2.15	  -0.80	  -9.20
  -2.30	  -0.80	  -9.35
  -2.30	  -0.50	  -9.20
  -2.30	  -0.50	  -9.20
  -2.30	  -0.65	  -9.35
  -2.30	  -0.80	  -9.20
  -2.30	  -0.65	  -9.35
  -2.45	  -0.50	  -9.20
  -2.15	  -0.65	  -9.04
  -2.45	  -0.65	  -9.35
  -2.30	  -0.65	  -9.20
  -2.45	  -0.80	  -9.35
  -2.15	  -0.50	  -9.04
  -2.61	  -0.65	  -9.35
  -2.15	  -0.49	  -8.89
  -2.45	  -0.50	  -9.35
  -2.30	  -0.65	  -8.74
  -2.30	  -0.65	  -9.20
  -2.30	  -0.65	  -9.04
  -2.30	  -0.95	  -8.89
  -2.45	  -0.80	  -9.20
  -2.30	  -0.65	  -9.20
  -2.45	  -0.50	  -9.20
  -2.15	  -0.50	  -9.20
  -2.45	  -0.50	  -9.35
  -2.30	  -0.50	  -9.35
  -2.30	  -0.34	  -9.04
  -2.30	  -0.34	  -9.04
  -2.30	  -0.04	  -9.50
  -2.15	  -0.34	  -9.20
  -2.45	  -0.49	  -8.89
  -2.30	  -0.65	  -9.35
  -2.91	  -0.65	  -8.74
  -2.60	  -0.34	  -9.05
  -2.76	  -0.19	  -8.74
  -2.76	  -0.34	  -9.35
  -2.91	  -0.19	  -9.20
  -2.76	  -0.19	  -9.20
  -2.45	  -0.34	  -8.89
  -2.91	  -0.50	  -8.89
  -2.76	  -0.34	  -9.20
  -3.22	  -0.50	  -9.05
  -2.45	  -0.34	  -8.89
  -3.52	  -0.65	  -9.20
  -2.91	  -0.49	  -8.89
  -3.22	  -0.50	  -9.20
  -2.76	  -0.34	  -9.20
  -2.76	  -0.50	  -9.05
  -2.91	  -0.19	  -9.05
  -2.76	  -0.34	  -9.35
  -2.91	  -0.04	  -9.05
  -2.76	  -0.34	  -9.20
  -2.30	  -0.04	  -9.50
  -2.76	  -0.34	  -8.89
  -2.30	  -0.19	  -8.43
  -2.15	  -0.34	  -9.35
  -2.45	  -0.50	  -9.35
  -2.30	  -0.50	  -9.35
  -2.30	  -0.65	  -9.35
  -2.61	  -0.80	  -9.04
  -2.45	  -0.95	  -9.20
  -2.61	  -1.11	  -9.05
  -2.45	  -1.11	  -8.89
  -2.91	  -1.26	  -8.89
  -2.46	  -1.26	  -8.89
  -2.61	  -1.72	  -8.89
  -2.15	  -1.41	  -9.04
  -2.15	  -1.11	  -9.20
  -2.30	  -1.11	  -9.35
  -2.00	  -1.11	  -9.04
  -2.46	  -1.26	  -9.66
  -2.30	  -1.26	  -8.74
  -2.30	  -1.26	  -9.50
  -2.30	  -1.11	  -9.04
  -2.30	  -1.11	  -9.20
  -2.61	  -1.11	  -9.05
  -2.30	  -0.96	  -9.35
  -2.76	  -0.80	  -9.51
  -3.07	  -0.95	  -8.89
  -3.37	  -0.95	  -9.05
  -3.68	  -0.95	  -8.90
  -3.68	  -1.11	  -8.59
  -3.68	  -1.11	  -8.44
  -3.83	  -1.11	  -8.74
  -3.53	  -1.11	  -8.59
  -3.53	  -1.26	  -8.74
  -3.22	  -1.11	  -8.89
  -3.68	  -1.11	  -8.74
  -3.37	  -0.95	  -8.74
  -3.37	  -0.80	  -9.20
  -2.91	  -0.49	  -8.59
  -2.45	  -0.50	  -9.35
  -2.60	  -0.34	  -9.20
  -3.22	  -0.96	  -9.20
  -2.60	  -0.19	  -8.74
  -3.22	  -0.34	  -8.28
  -3.37	  -0.65	  -8.74
  -2.91	  -0.95	  -8.89
  -3.22	  -0.80	  -8.89
  -3.07	  -0.80	  -8.59
  -2.91	  -0.80	  -8.89
  -2.91	  -0.80	  -9.05
  -2.91	  -0.95	  -8.74
  -2.76	  -1.11	  -9.05
  -2.61	  -0.95	  -9.05
  -2.76	  -1.11	  -8.89
  -2.76	  -1.26	  -8.89
  -2.76	  -1.11	  -9.05
  -2.61	  -0.96	  -9.20
  -2.76	  -1.26	  -9.05
  -2.61	  -1.26	  -9.05
  -2.76	  -1.11	  -9.20
  -2.61	  -1.11	  -8.89
  -2.61	  -1.26	  -8.89
  -2.45	  -1.11	  -9.04
  -2.76	  -1.26	  -9.05
  -2.61	  -1.26	  -8.89
  -2.76	  -1.11	  -9.05
  -2.61	  -1.26	  -9.05
  -2.61	  -1.26	  -8.89
  -2.61	  -1.26	  -9.20
  -2.61	  -0.96	  -9.20
  -2.91	  -0.80	  -9.66
  -2.61	  -0.80	  -8.74
  -2.76	  -0.65	  -8.89
  -2.30	  -0.65	 -10.27
  -2.30	  -0.34	  -9.04
  -2.14	  -0.19	  -9.20
  -2.15	  -0.34	  -9.35
  -2.30	  -0.34	  -9.20
  -2.30	  -0.34	  -9.35
  -2.30	  -0.50	  -9.50
  -2.15	  -0.50	  -9.20
  -2.15	  -0.65	  -9.35
  -2.30	  -0.50	  -9.35
  -2.15	  -0.50	  -9.35
  -2.15	  -0.65	  -9.20
  -1.99	  -0.65	  -9.20
  -2.30	  -0.34	  -9.35
  -2.30	  -0.65	  -9.35
  -2.15	  -0.65	  -9.35
  -2.15	  -0.50	  -9.20
  -2.30	  -0.65	  -9.20
  -2.30	  -0.65	  -9.20
  -2.45	  -0.50	  -9.20
  -2.30	  -0.65	  -9.20
  -2.30	  -0.65	  -9.20
  -2.30	  -0.80	  -9.35
  -2.30	  -0.65	  -9.35
  -2.30	  -0.65	  -9.20
  -2.30	  -0.65	  -9.20
  -2.30	  -0.65	  -9.04
  -2.15	  -0.65	  -9.20
  -2.45	  -0.80	  -9.04
  -2.45	  -0.80	  -9.20
  -2.91	  -0.96	  -9.20
  -2.61	  -0.96	  -9.35
  -0.31	  -0.50	  -9.65
  -1.07	  -0.19	  -9.65
  -1.23	  -0.50	  -9.65
  -1.23	  -0.65	  -9.35
  -1.53	  -0.50	  -9.35
  -1.38	  -0.65	  -9.50
  -1.23	  -0.65	  -9.50
  -1.38	  -0.65	  -9.50
  -1.38	  -0.50	  -9.50
  -1.23	  -0.34	  -9.50
  -1.53	  -0.19	  -9.35
  -1.38	   0.12	  -9.35
  -1.07	  -0.04	  -9.50
  -1.23	  -0.04	  -9.35
  -1.53	  -0.19	  -9.35
  -1.23	  -0.19	  -9.50
  -1.38	  -0.19	  -9.65
  -1.38	  -0.04	  -9.50
  -1.23	  -0.04	  -9.50
  -1.38	  -0.19	  -9.50
  -1.38	  -0.04	  -9.50
  -1.38	  -0.19	  -9.50
  -1.23	  -0.04	  -9.50
  -1.23	  -0.04	  -9.50
  -1.23	  -0.04	  -9.50
  -1.38	  -0.04	  -9.50
  -1.38	  -0.19	  -9.50
  -1.38	  -0.19	  -9.50
  -1.23	  -0.19	  -9.35
  -1.23	  -0.19	  -9.50
  -1.38	  -0.19	  -9.50
  -1.38	  -0.34	  -9.50
  -1.23	  -0.19	  -9.35
  -1.23	  -0.19	  -9.50
  -1.23	  -0.19	  -9.35
  -1.23	  -0.19	  -9.65
  -1.23	  -0.19	  -9.50
  -1.23	  -0.19	  -9.50
  -1.07	  -0.19	  -9.50
  -1.07	  -0.34	  -9.50
  -1.07	  -0.34	  -9.65
   0.46	  -0.50	  -9.65
  -0.00	  -0.19	  -9.80
   0.46	  -0.50	  -9.95
  -0.31	  -0.65	  -9.65
  -0.62	  -0.65	  -9.65
   0.15	  -0.65	  -9.80
  -0.00	  -1.11	  -9.49
  -0.31	  -0.80	  -9.65
  -0.31	  -0.96	  -9.50
  -0.16	  -0.96	  -9.49
  -0.00	  -0.80	  -9.49
  -0.31	  -0.96	  -9.65
  -0.31	  -0.80	  -9.65
  -0.31	  -0.80	  -9.50
  -0.31	  -0.50	  -9.65
  -0.16	  -0.65	  -9.65
  -0.00	  -0.80	  -9.65
  -0.16	  -0.50	  -9.49
  -0.31	  -0.50	  -9.65
  -0.46	  -0.34	  -9.34
  -0.31	  -0.34	  -9.34
  -0.00	  -0.80	  -9.95
  -0.31	  -0.65	  -9.65
  -0.00	  -0.50	  -9.49
  -0.16	  -0.50	  -9.80
  -0.31	  -0.65	  -9.65
  -0.16	  -0.65	  -9.50
  -0.16	  -0.50	  -9.49
  -0.31	  -0.34	  -9.49
  -0.31	  -0.50	  -9.65
  -0.46	  -0.50	  -9.50
  -0.31	  -0.50	  -9.80
  -0.46	  -0.50	  -9.50
  -0.16	  -0.50	  -9.49
  -0.31	  -0.19	  -9.50
  -0.61	  -0.34	  -9.65
  -0.31	  -0.34	  -9.65
  -0.46	  -0.35	  -9.65
  -0.31	  -0.19	  -9.50
  -0.61	  -0.19	  -9.34
  -0.61	  -0.34	  -9.65
  -1.38	  -0.19	  -9.19
  -1.38	  -0.19	  -9.50
  -1.84	  -0.34	  -9.35
  -2.30	  -0.04	  -9.20
  -1.99	  -0.19	  -9.35
  -1.84	  -0.19	  -9.35
  -3.06	   0.27	  -9.97
  -3.52	   0.43	  -8.28
  -3.37	  -0.49	  -8.90
  -3.37	  -1.11	  -8.89
  -2.91	  -1.26	  -9.35
  -2.92	  -1.26	  -9.35
  -3.07	  -1.87	  -8.89
  -2.92	  -1.87	  -8.74
  -2.92	  -1.72	  -9.05
  -2.92	  -2.33	  -8.74
  -2.77	  -2.48	  -8.59
  -2.92	  -2.64	  -8.59
  -2.46	  -2.48	  -8.74
  -1.54	  -2.18	  -9.35
  -1.69	  -2.33	  -9.19
  -1.69	  -2.49	  -8.89
  -2.31	  -2.33	  -8.74
  -2.31	  -2.48	  -8.89
  -2.46	  -2.49	  -9.04
  -2.31	  -2.48	  -8.74
  -2.61	  -2.64	  -8.89
  -2.61	  -2.48	  -8.74
  -2.61	  -2.48	  -8.74
  -2.61	  -2.33	  -8.74
  -2.61	  -2.48	  -8.74
  -2.77	  -2.33	  -8.74
  -2.92	  -2.64	  -8.59
  -2.77	  -2.64	  -8.43
  -2.92	  -2.94	  -8.43
  -2.92	  -2.94	  -8.43
  -2.61	  -2.79	  -8.59
  -3.07	  -2.94	  -8.59
  -2.77	  -3.10	  -8.59
  -2.77	  -2.94	  -8.59
  -2.92	  -2.79	  -8.74
  -3.07	  -2.79	  -8.59
  -2.77	  -2.79	  -8.28
  -2.92	  -2.79	  -8.43
  -2.92	  -2.94	  -8.59
  -2.77	  -2.94	  -8.43
  -2.77	  -2.79	  -8.59
  -2.77	  -2.94	  -8.43
  -2.61	  -2.79	  -8.43
  -2.92	  -3.10	  -8.74
  -2.62	  -3.10	  -8.59
  -2.62	  -3.10	  -8.59
  -2.62	  -2.94	  -8.59
  -2.61	  -2.79	  -8.43
  -2.77	  -3.10	  -8.59
  -2.77	  -2.94	  -8.59
  -2.61	  -2.64	  -8.59
  -2.46	  -2.94	  -8.43
  -2.46	  -2.94	  -8.59
  -2.61	  -2.79	  -8.59
  -2.62	  -2.94	  -8.59
  -2.46	  -2.79	  -8.59
  -2.61	  -2.79	  -8.74
  -2.62	  -2.94	  -8.74
  -2.46	  -2.94	  -8.59
  -2.62	  -2.94	  -8.59
  -2.62	  -2.94	  -8.59
  -2.62	  -3.10	  -8.43
  -2.62	  -3.10	  -8.59
  -2.46	  -3.10	  -8.28
  -2.62	  -3.25	  -8.43
  -2.62	  -3.10	  -8.43
  -2.46	  -3.10	  -8.59
  -2.92	  -3.10	  -8.59
  -2.62	  -3.10	  -8.59
  -2.31	  -3.56	  -8.59
  -3.08	  -3.56	  -8.43
  -2.16	  -3.55	  -8.28
  -2.31	  -3.55	  -8.28
  -2.31	  -3.55	  -8.28
  -2.31	  -3.56	  -8.43
  -2.16	  -3.40	  -8.43
  -1.85	  -3.56	  -8.58
  -2.01	  -3.71	  -8.43
  -2.01	  -3.71	  -8.12
  -2.31	  -3.86	  -8.13
  -2.47	  -3.86	  -7.97
  -0.02	  -4.01	  -8.12
  -1.09	  -4.47	  -8.43
  -1.09	  -4.62	  -7.81
  -0.94	  -4.47	  -8.12
  -1.09	  -4.32	  -8.12
  -1.09	  -4.32	  -8.43
  -1.09	  -4.32	  -8.27
  -0.94	  -4.32	  -8.12
  -0.94	  -4.47	  -8.27
  -0.94	  -4.47	  -8.12
  -0.94	  -4.47	  -8.12
  -0.94	  -4.47	  -8.27
  -0.94	  -4.32	  -8.27
  -0.94	  -4.47	  -8.12
  -0.78	  -4.47	  -8.27
  -0.94	  -4.47	  -8.12
  -0.78	  -4.63	  -8.12
  -0.78	  -4.63	  -8.12
  -0.78	  -4.63	  -8.12
  -0.94	  -4.63	  -8.12
  -0.78	  -4.63	  -8.12
  -0.78	  -4.47	  -8.12
  -0.78	  -4.63	  -8.12
  -0.78	  -4.63	  -8.12
  -0.78	  -4.78	  -7.97
  -0.94	  -4.78	  -8.12
  -0.94	  -4.78	  -8.12
  -0.94	  -4.78	  -7.97
  -0.78	  -4.78	  -7.97
  -0.94	  -4.78	  -8.12
  -0.78	  -4.78	  -8.12
  -0.94	  -4.78	  -8.12
  -0.94	  -4.78	  -7.97
  -0.78	  -4.78	  -7.97
  -0.94	  -4.78	  -7.97
  -0.94	  -4.78	  -7.97
  -0.78	  -4.78	  -7.97
  -0.94	  -4.78	  -7.97
  -0.78	  -4.78	  -7.97
  -0.94	  -4.78	  -8.12
  -0.94	  -4.78	  -8.12
  -0.94	  -4.78	  -8.12
  -0.94	  -4.78	  -7.97
  -0.78	  -4.78	  -7.97
  -0.78	  -4.78	  -7.97
  -0.94	  -4.78	  -7.97
  -0.94	  -4.93	  -7.97
  -0.94	  -4.78	  -7.97
  -0.94	  -4.93	  -7.97
  -0.94	  -4.93	  -7.81
  -0.94	  -4.93	  -7.97
  -0.94	  -4.93	  -7.81
  -1.09	  -4.93	  -7.81
  -1.09	  -4.93	  -7.81
  -1.09	  -4.93	  -7.66
  -1.09	  -4.93	  -7.81
  -0.94	  -5.08	  -7.81
  -1.09	  -4.93	  -7.81
  -1.09	  -5.08	  -7.81
  -0.94	  -4.93	  -7.81
  -1.09	  -4.93	  -7.97
  -1.09	  -5.08	  -7.81
  -1.09	  -5.08	  -7.81
  -0.94	  -5.08	  -7.81
  -1.09	  -5.08	  -7.66
  -0.94	  -5.08	  -7.81
  -1.09	  -5.08	  -7.81
  -1.09	  -5.08	  -7.66
  -0.94	  -5.24	  -7.66
  -1.09	  -5.24	  -7.51
  -0.94	  -5.24	  -7.66
  -1.09	  -5.08	  -7.66
  -0.79	  -5.09	  -8.12
  -0.78	  -4.63	  -8.12
  -0.94	  -4.78	  -7.97
  -1.24	  -4.93	  -7.97
  -0.94	  -4.93	  -7.97
  -0.94	  -4.78	  -7.97
  -1.09	  -4.93	  -7.81
  -0.94	  -4.78	  -7.97
  -0.94	  -4.93	  -7.81
  -0.94	  -4.93	  -7.81
  -1.09	  -4.93	  -7.97
  -1.09	  -4.93	  -7.81
  -0.94	  -4.93	  -7.81
  -0.94	  -4.93	  -7.97
  -1.09	  -5.08	  -7.81
  -1.09	  -4.93	  -7.81
  -0.94	  -4.93	  -7.66
  -0.94	  -4.93	  -7.81
  -0.94	  -4.78	  -7.81
  -0.78	  -4.78	  -7.97
  -0.94	  -4.63	  -7.97
  -0.94	  -4.78	  -7.97
  -0.78	  -4.78	  -7.97
  -0.78	  -4.78	  -7.97
  -0.78	  -4.78	  -8.12
  -0.63	  -4.93	  -7.97
  -0.63	  -4.78	  -7.97
  -0.63	  -4.78	  -7.97
  -0.78	  -4.78	  -8.12
  -0.63	  -4.78	  -7.97
  -0.48	  -4.78	  -8.12
  -0.63	  -4.78	  -7.97
  -0.63	  -4.93	  -7.81
  -0.79	  -4.93	  -7.66
  -0.94	  -5.08	  -7.51
  -0.79	  -5.08	  -7.66
  -0.63	  -5.24	  -7.66
  -0.63	  -5.24	  -7.51
  -0.63	  -5.24	  -7.66
  -0.63	  -5.08	  -7.66
  -0.63	  -5.24	  -7.66
  -0.63	  -5.24	  -7.66
  -0.79	  -5.24	  -7.66
  -0.79	  -5.08	  -7.66
  -0.79	  -5.24	  -7.66
  -0.79	  -5.39	  -7.66
  -0.79	  -5.08	  -7.35
  -0.94	  -5.54	  -7.51
  -0.94	  -5.39	  -7.66
  -0.94	  -5.39	  -7.51
  -0.79	  -5.54	  -7.35
  -0.79	  -5.39	  -7.51
  -0.79	  -5.54	  -7.51
  -0.63	  -5.24	  -7.66
  -0.48	  -5.08	  -7.96
  -0.48	  -5.24	  -7.81
   0.13	  -5.69	  -7.35
   0.13	  -5.39	  -7.50
  -0.18	  -5.85	  -7.50
  -0.48	  -6.00	  -7.51
  -0.18	  -5.85	  -6.89
  -0.33	  -6.15	  -7.05
  -0.48	  -6.15	  -6.89
  -0.64	  -6.00	  -7.20
  -0.48	  -6.00	  -7.05
  -0.64	  -5.85	  -6.89
  -0.48	  -6.15	  -6.89
  -0.48	  -6.15	  -6.89
  -0.18	  -6.15	  -7.05
  -0.48	  -6.15	  -7.20
  -0.93	  -3.25	  -8.27
  -0.46	  -0.65	  -8.88
  -0.77	  -0.96	  -9.50
  -0.62	  -1.11	  -9.50
  -0.77	  -1.11	  -9.65
  -0.77	  -1.11	  -9.65
  -0.62	  -1.42	  -9.65
  -0.77	  -1.72	  -9.34
  -0.47	  -1.87	  -9.34
  -0.47	  -1.72	  -9.34
  -0.62	  -2.18	  -9.19
  -0.93	  -4.02	  -8.73
  -1.40	  -4.47	  -8.27
  -0.48	  -3.86	  -8.58
  -1.25	  -5.08	  -7.51
  -1.25	  -5.54	  -7.66
  -1.55	  -5.39	  -7.51
  -1.56	  -6.00	  -7.05
  -1.25	  -5.69	  -6.90
  -0.94	  -5.24	  -7.51
   0.13	  -4.78	  -7.96
   0.90	  -4.93	  -8.27
   0.90	  -4.32	  -8.27
   0.59	  -4.47	  -8.57
   0.44	  -4.17	  -8.57
   0.60	  -4.02	  -8.73
   0.60	  -4.17	  -8.57
   0.60	  -4.32	  -8.57
   0.44	  -4.63	  -8.57
   0.29	  -4.17	  -8.42
  -0.02	  -3.86	  -8.42
  -0.78	  -4.32	  -8.58
  -0.17	  -4.17	  -8.27
  -0.94	  -4.78	  -7.97
  -0.63	  -4.32	  -7.97
  -1.09	  -4.93	  -8.27
  -0.78	  -4.78	  -7.81
  -1.24	  -4.78	  -7.81
  -1.24	  -4.62	  -7.81
  -1.70	  -5.08	  -7.36
  -2.47	  -5.24	  -7.82
  -1.24	  -4.63	  -8.12
  -1.24	  -4.47	  -8.12
  -1.24	  -4.47	  -8.27
  -0.78	  -4.47	  -8.12
  -1.09	  -4.32	  -8.27
  -1.24	  -4.47	  -8.12
  -1.09	  -4.32	  -8.27
  -0.94	  -4.47	  -8.27
  -0.94	  -4.47	  -8.27
  -1.09	  -4.47	  -7.97
  -0.94	  -4.47	  -8.12
  -1.24	  -4.47	  -8.12
  -1.09	  -4.63	  -8.12
  -0.78	  -4.63	  -8.12
  -1.09	  -4.63	  -8.12
  -0.94	  -4.63	  -7.97
  -0.78	  -4.78	  -8.12
  -0.94	  -4.47	  -8.12
  -0.78	  -4.63	  -8.27
  -1.24	  -4.78	  -8.12
  -1.09	  -4.47	  -7.97
  -0.63	  -4.78	  -8.27
  -0.63	  -4.78	  -8.12
  -0.78	  -4.78	  -8.27
  -0.48	  -4.78	  -8.12
  -0.32	  -4.63	  -7.96
  -0.48	  -4.63	  -7.96
  -0.48	  -4.78	  -8.12
  -0.48	  -4.78	  -7.96
  -0.48	  -4.63	  -7.96
  -0.63	  -4.78	  -8.12
  -0.63	  -4.78	  -8.12
  -0.63	  -4.78	  -7.97
  -0.79	  -4.93	  -7.97
  -0.63	  -4.78	  -7.97
  -0.63	  -4.78	  -8.12
  -0.63	  -4.63	  -7.97
  -0.63	  -4.63	  -7.97
  -0.78	  -4.78	  -8.12
  -0.63	  -4.63	  -8.12
  -0.63	  -4.78	  -7.97
  -0.63	  -4.78	  -7.97
  -0.63	  -4.78	  -8.12
  -0.63	  -4.78	  -8.12
  -0.63	  -4.78	  -7.97
  -0.48	  -4.78	  -8.12
  -0.63	  -4.78	  -8.12
  -0.78	  -4.78	  -8.12
  -0.78	  -4.78	  -8.12
  -0.63	  -4.78	  -8.12
  -0.63	  -4.78	  -7.97
  -0.63	  -4.78	  -7.97
  -0.79	  -4.93	  -8.12
  -0.78	  -4.78	  -8.12
  -0.78	  -4.78	  -8.12
  -0.63	  -4.93	  -7.97
  -0.48	  -4.78	  -8.12
  -0.17	  -4.47	  -8.27
  -0.32	  -4.47	  -8.27
  -0.17	  -4.47	  -8.27
  -0.17	  -4.63	  -8.12
  -0.32	  -4.63	  -8.27
  -0.32	  -4.63	  -8.27
  -0.32	  -3.86	  -8.42
  -0.47	  -2.94	  -8.88
  -1.39	  -1.72	  -9.19
  -1.69	  -1.11	  -9.19
  -1.38	  -0.80	  -9.50
  -1.84	  -0.50	  -9.19
  -1.54	  -0.96	  -9.35
  -1.69	  -0.80	  -9.19
  -1.23	  -0.96	  -9.50
  -1.23	  -0.96	  -9.19
  -1.38	  -0.80	  -9.19
  -1.84	  -1.11	  -9.35
  -1.23	  -0.96	  -9.35
  -1.99	  -0.96	  -9.35
  -2.46	  -1.26	  -9.35
  -2.76	  -1.41	  -8.89
  -2.46	  -2.18	  -8.74
  -0.31	  -1.87	  -8.88
  -1.23	  -1.57	  -9.35
  -1.39	  -1.87	  -8.89
  -1.54	  -1.72	  -9.04
  -1.38	  -1.72	  -9.35
  -1.23	  -1.42	  -9.35
  -1.38	  -1.42	  -9.35
  -1.54	  -1.57	  -9.35
  -1.54	  -1.57	  -9.19
  -1.54	  -1.57	  -9.35
  -1.38	  -1.41	  -9.19
  -1.38	  -1.42	  -9.35
  -1.38	  -1.42	  -9.35
  -1.38	  -1.57	  -9.35
  -1.38	  -1.57	  -9.35
  -1.39	  -1.72	  -9.19
  -1.39	  -1.72	  -9.04
  -1.54	  -1.57	  -9.35
  -1.54	  -1.72	  -9.04
  -1.69	  -1.72	  -9.35
  -1.54	  -1.72	  -9.19
  -1.54	  -1.87	  -9.19
  -1.23	  -1.72	  -9.35
  -1.39	  -1.72	  -9.35
  -1.08	  -0.96	  -9.19
  -0.92	   0.42	  -8.88
  -1.07	   0.42	  -9.65
  -1.23	  -0.04	  -9.65
  -1.38	  -0.19	  -9.35
  -1.38	  -0.34	  -9.50
  -0.00	  -0.34	  -8.73
  -1.23	  -0.50	  -9.65
  -1.23	   0.12	  -9.50
  -1.68	  -0.04	  -9.65
  -1.68	  -0.19	  -9.50
  -1.84	  -0.19	  -9.35
  -2.45	   1.03	  -9.66
  -1.99	   0.58	  -8.89
  -1.99	   0.58	  -9.20
  -1.84	   0.73	  -9.65
  -1.68	   0.58	  -9.35
  -1.68	   0.42	  -9.19
  -1.68	   0.42	  -9.50
  -1.84	   0.42	  -9.35
  -1.84	   0.42	  -9.50
  -1.99	   0.42	  -9.50
  -2.30	   0.57	  -9.66
  -2.45	   0.27	  -9.20
  -2.60	   0.42	  -9.20
  -2.60	   0.27	  -9.04
  -2.60	   0.27	  -9.20
  -2.45	  -0.65	  -8.89
  -2.61	  -0.50	  -9.20
  -2.15	  -0.50	  -9.35
  -2.15	  -1.11	  -9.20
  -2.15	  -0.80	  -9.20
  -1.99	  -1.11	  -9.50
  -2.76	  -0.65	  -9.20
  -2.46	  -1.26	  -9.50
  -1.38	  -0.50	  -9.35
  -1.84	  -1.11	  -8.89
  -2.15	  -0.96	  -9.20
  -2.30	  -0.95	  -9.04
  -2.30	  -1.11	  -9.50
  -2.45	  -1.11	  -9.04
  -2.45	  -1.11	  -9.20
  -2.15	  -1.11	  -9.50
  -1.54	  -1.11	  -8.89
  -2.15	  -1.11	  -9.20
  -1.84	  -0.50	  -9.35
  -1.99	  -0.50	  -9.50
  -1.99	  -0.50	  -9.20
  -1.99	  -0.80	  -9.35
  -2.00	  -1.11	  -9.50
  -2.15	  -1.26	  -9.35
  -1.84	  -1.41	  -9.20
  -1.69	  -1.41	  -9.04
  -2.00	  -1.57	  -9.04
  -2.00	  -1.42	  -9.35
  -1.84	  -1.42	  -9.20
  -2.00	  -1.42	  -9.35
  -1.84	  -1.57	  -9.35
  -1.84	  -1.26	  -8.89
  -1.84	  -1.57	  -9.35
  -1.84	  -1.41	  -9.20
  -1.84	  -1.41	  -9.04
  -1.84	  -1.26	  -9.20
  -1.69	  -1.57	  -9.04
  -1.69	  -1.41	  -9.19
  -1.69	  -1.41	  -9.04
  -1.84	  -1.57	  -9.20
  -1.84	  -1.57	  -9.20
  -1.69	  -1.57	  -9.19
  -1.69	  -1.41	  -9.19
  -1.84	  -1.41	  -9.20
  -1.69	  -1.57	  -9.04
  -1.54	  -1.41	  -9.04
  -1.69	  -1.57	  -9.04
  -1.69	  -1.42	  -9.35
  -1.69	  -1.57	  -9.20
  -1.54	  -1.26	  -9.65
  -1.38	  -1.26	  -9.04
  -1.69	  -1.26	  -9.19
  -1.54	  -1.11	  -9.19
  -1.54	  -1.26	  -9.19
  -1.84	  -1.57	  -9.20
  -1.84	  -1.41	  -9.20
  -1.69	  -1.57	  -9.35
  -1.84	  -1.41	  -9.20
  -1.69	  -1.41	  -9.19
  -1.84	  -1.41	  -9.04
  -1.69	  -1.41	  -9.19
  -1.69	  -1.41	  -9.19
  -1.84	  -1.41	  -9.20
  -1.54	  -1.57	  -9.19
  -1.84	  -1.41	  -9.20
  -1.84	  -1.41	  -9.04
  -1.69	  -1.57	  -9.19
  -1.84	  -1.42	  -9.20
  -1.84	  -1.26	  -9.20
  -1.84	  -1.41	  -9.20
  -1.84	  -1.57	  -9.04
  -1.84	  -1.42	  -9.20
  -1.84	  -1.26	  -9.20
  -2.00	  -1.26	  -9.04
  -1.84	  -1.41	  -9.04
  -1.84	  -1.41	  -9.20
  -1.84	  -1.41	  -9.20
  -1.84	  -1.41	  -9.20
  -1.84	  -1.41	  -9.20
  -1.69	  -1.72	  -9.04
  -1.69	  -1.87	  -9.04
  -2.00	  -1.87	  -8.89
  -2.31	  -2.33	  -8.89
  -2.46	  -3.10	  -8.74
  -2.46	  -3.25	  -8.28
  -2.77	  -3.40	  -8.13
  -2.77	  -3.86	  -8.43
  -1.85	  -3.86	  -8.12
  -1.09	  -3.40	  -8.73
  -1.24	  -3.25	  -8.89
  -0.47	  -3.25	  -8.73
  -0.32	  -3.25	  -8.88
  -0.63	  -3.56	  -8.73
  -0.78	  -4.01	  -8.43
  -1.09	  -4.01	  -8.43
  -1.24	  -3.86	  -8.43
  -1.09	  -3.86	  -8.73
  -0.93	  -4.02	  -8.58
  -1.39	  -4.32	  -8.58
  -1.39	  -4.17	  -8.43
  -1.39	  -4.17	  -8.43
  -1.24	  -4.32	  -8.58
  -1.24	  -4.32	  -8.27
  -1.24	  -4.47	  -8.12
  -0.94	  -4.32	  -8.27
  -1.09	  -4.01	  -8.12
  -0.94	  -4.17	  -8.43
  -1.09	  -4.32	  -8.27
  -1.24	  -4.32	  -7.97
  -1.09	  -4.32	  -7.97
  -1.24	  -4.47	  -8.12
  -0.94	  -4.32	  -8.27
  -1.40	  -4.47	  -8.12
  -1.70	  -4.63	  -8.12
  -2.01	  -4.78	  -7.82
  -2.01	  -4.93	  -7.51
  -1.86	  -4.78	  -7.82
  -1.55	  -4.78	  -7.82
  -1.86	  -4.78	  -7.82
  -1.86	  -4.62	  -7.66
  -1.55	  -4.78	  -7.97
  -2.01	  -4.62	  -7.82
  -1.86	  -4.47	  -7.82
  -1.86	  -4.32	  -8.12
  -1.85	  -4.32	  -7.97
  -2.01	  -4.32	  -7.66
  -2.01	  -4.47	  -8.12
  -2.31	  -4.32	  -7.82
  -2.31	  -4.47	  -8.13
  -2.16	  -4.32	  -7.97
  -2.31	  -4.32	  -7.82
  -2.31	  -4.47	  -8.13
  -2.01	  -4.32	  -7.97
  -2.16	  -4.32	  -7.82
  -2.16	  -4.32	  -7.82
  -2.01	  -4.32	  -8.12
  -2.01	  -4.17	  -7.97
  -2.16	  -4.32	  -8.12
  -1.70	  -4.32	  -8.28
  -1.85	  -4.17	  -8.12
  -2.01	  -4.63	  -7.97
  -2.16	  -4.32	  -7.82
  -2.31	  -4.32	  -7.97
  -2.01	  -4.63	  -8.12
  -2.01	  -4.32	  -8.12
  -2.32	  -4.63	  -7.82
  -2.16	  -4.62	  -7.82
  -2.01	  -4.93	  -7.67
  -2.01	  -4.78	  -7.51
  -2.32	  -4.62	  -7.51
  -2.16	  -4.78	  -7.67
  -2.16	  -4.78	  -7.36
  -2.62	  -4.93	  -7.51
  -3.24	  -4.93	  -7.21
  -3.24	  -5.08	  -7.36
  -2.93	  -4.93	  -7.21
  -3.54	  -5.08	  -7.06
  -3.24	  -5.08	  -7.06
  -3.54	  -5.08	  -7.06
  -3.39	  -4.93	  -6.90
  -3.85	  -5.08	  -7.06
  -3.54	  -5.08	  -6.90
  -3.24	  -4.93	  -7.21
  -3.24	  -5.08	  -6.90
  -3.24	  -5.39	  -7.06
  -3.24	  -5.08	  -7.06
  -2.78	  -5.39	  -7.21
  -3.24	  -5.85	  -6.90
  -3.24	  -5.54	  -6.44
  -3.55	  -5.85	  -6.60
  -3.39	  -5.84	  -6.29
  -3.39	  -6.00	  -6.45
  -3.24	  -5.84	  -6.29
  -3.39	  -6.00	  -6.29
  -3.39	  -5.84	  -6.14
  -3.39	  -6.00	  -6.14
  -3.09	  -5.85	  -6.60
  -3.24	  -5.69	  -6.44
  -2.47	  -5.69	  -7.05
  -2.47	  -5.54	  -7.05
  -2.63	  -5.69	  -7.05
  -2.47	  -5.69	  -6.90
  -2.78	  -5.85	  -6.75
  -2.63	  -5.85	  -6.59
  -3.09	  -5.85	  -6.60
  -2.93	  -5.85	  -6.75
  -3.09	  -5.85	  -6.90
  -2.78	  -5.85	  -6.60
  -2.93	  -6.00	  -6.60
  -2.78	  -5.69	  -6.75
  -2.93	  -6.00	  -6.44
  -2.93	  -5.85	  -6.60
  -3.09	  -6.00	  -6.60
  -2.93	  -5.69	  -6.75
  -2.47	  -5.54	  -6.90
  -2.01	  -5.54	  -7.21
  -2.16	  -4.01	  -8.12
  -2.00	  -2.18	  -8.43
  -2.00	  -1.72	  -9.20
  -2.15	  -2.03	  -9.66
  -1.84	  -1.41	  -9.20
  -1.69	  -1.11	  -9.04
  -2.15	  -0.96	  -9.50
  -1.69	  -1.11	  -9.35
  -1.84	  -1.26	  -9.35
  -2.00	  -1.26	  -9.04
  -2.00	  -1.41	  -9.20
  -1.84	  -1.41	  -9.04
  -1.84	  -1.26	  -9.20
  -2.00	  -1.41	  -9.20
  -1.84	  -1.26	  -9.35
  -2.00	  -1.11	  -9.20
  -2.15	  -1.11	  -9.20
  -2.15	  -1.11	  -9.20
  -2.15	  -1.11	  -9.35
  -1.84	  -1.11	  -9.35
  -1.69	  -0.65	  -9.65
  -2.45	   0.12	  -8.74
  -2.91	   0.27	  -8.89
  -2.76	  -0.04	  -8.89
  -2.45	  -0.04	  -9.04
  -2.60	  -0.04	  -9.05
  -2.30	  -0.04	  -9.04
  -2.45	  -0.19	  -9.35
  -2.45	  -0.50	  -9.66
  -2.45	  -0.19	  -9.35
  -2.60	  -0.19	  -9.35
  -2.60	  -0.04	  -9.20
  -2.76	  -0.04	  -9.05
  -2.60	  -0.04	  -9.05
  -2.76	  -0.04	  -9.20
  -2.76	  -0.34	  -9.05
  -2.76	  -0.34	  -9.20
  -2.76	  -0.19	  -9.20
  -2.91	  -0.19	  -9.05
  -2.91	  -0.19	  -9.05
  -2.91	  -0.19	  -9.20
  -2.91	  -0.19	  -9.05
  -2.91	  -0.19	  -9.20
  -2.91	  -0.34	  -9.05
  -2.76	  -0.34	  -8.89
  -2.91	  -0.34	  -9.05
  -2.91	  -0.34	  -9.05
  -2.91	  -0.34	  -9.20
  -2.91	  -0.19	  -9.05
  -2.91	  -0.34	  -9.20
  -2.91	  -0.34	  -9.05
  -2.76	  -0.19	  -9.05
  -2.91	  -0.34	  -9.20
  -2.91	  -0.19	  -9.05
  -2.91	  -0.34	  -9.05
  -2.91	  -0.19	  -9.05
  -2.91	  -0.34	  -9.05
  -2.91	  -0.19	  -9.05
  -2.91	  -0.34	  -8.89
  -2.91	  -0.34	  -9.05
  -2.91	  -0.34	  -9.05
  -2.91	  -0.34	  -9.05
  -2.91	  -0.34	  -9.05
  -2.91	  -0.50	  -9.05
  -3.06	  -0.50	  -9.20
  -3.06	  -0.34	  -9.51
  -3.37	  -0.34	  -8.89
  -2.76	  -0.34	  -9.05
  -3.06	  -0.50	  -9.20
  -2.91	  -0.49	  -8.89
  -2.61	  -0.50	  -9.20
  -1.69	  -0.65	  -9.35
  -2.15	  -0.50	  -9.35
  -2.15	  -0.65	  -9.50
  -2.15	  -0.50	  -9.20
  -2.30	  -0.19	  -9.20
  -2.30	  -0.19	  -9.35
  -2.30	  -0.19	  -9.04
  -2.76	  -0.34	  -9.20
  -1.99	  -0.34	  -9.04
  -2.30	  -0.34	  -9.35
  -2.30	  -0.50	  -9.20
  -2.15	  -0.34	  -9.20
  -1.23	  -0.50	  -9.35
  -0.92	  -0.65	  -9.50
  -1.23	  -0.65	  -9.65
  -1.07	  -0.50	  -9.50
  -1.23	  -0.96	  -9.50
  -1.08	  -1.11	  -9.35
  -0.92	  -1.26	  -9.65
  -1.08	  -1.26	  -9.50
  -0.92	  -1.26	  -9.50
  -1.08	  -1.11	  -9.50
  -1.23	  -1.26	  -9.50
  -1.23	  -1.11	  -9.35
  -1.08	  -1.26	  -9.35
  -1.54	  -1.26	  -9.35
  -1.84	  -1.11	  -9.35
  -2.15	  -1.26	  -9.20
  -2.61	  -1.41	  -9.20
  -2.46	  -1.57	  -9.04
  -2.46	  -1.72	  -9.04
  -2.46	  -1.72	  -8.89
  -2.30	  -1.11	  -9.20
  -2.30	  -1.11	  -9.20
  -2.30	  -1.11	  -9.20
  -2.30	  -1.11	  -9.20
  -2.30	  -1.26	  -9.20
  -2.30	  -1.26	  -9.20
  -2.46	  -1.26	  -8.89
  -2.15	  -1.26	  -9.35
  -2.30	  -1.41	  -9.20
  -2.46	  -1.41	  -9.04
  -2.46	  -1.41	  -9.04
  -2.30	  -1.26	  -9.04
  -2.76	  -1.41	  -8.74
  -2.30	  -1.26	  -9.04
  -2.46	  -1.26	  -8.89
  -2.61	  -1.42	  -9.35
  -2.92	  -1.72	  -8.59
  -3.07	  -1.41	  -8.74
  -3.53	  -1.87	  -8.74
  -2.92	  -1.87	  -8.89
  -3.07	  -1.87	  -8.59
  -3.38	  -1.57	  -8.74
  -3.22	  -1.57	  -8.74
  -2.61	  -1.57	  -8.74
  -3.22	  -1.41	  -9.05
  -3.68	  -1.57	  -8.74
  -3.53	  -1.72	  -8.44
  -3.68	  -1.56	  -8.44
  -3.83	  -1.41	  -8.28
  -3.99	  -1.57	  -8.74
  -3.07	  -1.11	  -8.59
  -3.07	  -1.41	  -8.59
  -3.38	  -1.72	  -8.28
  -3.38	  -2.18	  -8.74
  -2.92	  -2.18	  -8.43
  -2.76	  -2.02	  -8.59
  -3.38	  -2.33	  -8.44
  -3.07	  -2.18	  -8.74
  -3.22	  -2.18	  -8.44
  -2.92	  -2.18	  -8.74
  -3.07	  -2.18	  -8.59
  -3.07	  -2.18	  -8.59
  -2.92	  -2.18	  -8.59
  -3.07	  -2.18	  -8.74
  -3.07	  -2.33	  -8.59
  -3.07	  -2.33	  -8.59
  -3.38	  -2.33	  -8.44
  -3.53	  -2.33	  -8.28
  -3.38	  -2.48	  -8.59
  -3.23	  -2.48	  -8.28
  -3.53	  -2.33	  -8.44
  -3.23	  -2.48	  -8.44
  -2.92	  -2.48	  -8.43
  -3.38	  -2.48	  -7.98
  -3.07	  -2.94	  -8.28
  -3.23	  -3.10	  -8.28
  -3.07	  -2.94	  -8.43
  -3.23	  -2.94	  -8.28
  -3.23	  -2.94	  -8.28
  -3.23	  -2.94	  -8.44
  -3.23	  -2.94	  -8.44
  -3.07	  -2.94	  -8.43
  -3.23	  -3.10	  -8.43
  -3.23	  -3.10	  -8.59
  -3.07	  -2.94	  -8.43
  -2.92	  -2.94	  -8.28
  -2.92	  -3.09	  -8.13
  -3.23	  -3.10	  -8.59
  -2.92	  -3.10	  -8.43
  -2.92	  -3.10	  -8.43
  -3.08	  -3.10	  -8.43
  -3.08	  -3.10	  -8.43
  -3.38	  -3.10	  -8.28
  -3.38	  -3.10	  -8.28
  -3.23	  -3.25	  -8.28
  -3.23	  -3.10	  -8.28
  -2.62	  -2.94	  -8.74
  -2.92	  -3.10	  -8.43
  -2.46	  -2.94	  -8.59
  -2.00	  -2.94	  -8.74
  -2.92	  -2.64	  -8.89
  -2.61	  -2.48	  -8.74
  -2.77	  -2.49	  -9.05
  -2.61	  -2.49	  -8.89
  -2.46	  -2.49	  -8.89
  -2.61	  -2.33	  -8.59
  -2.92	  -2.64	  -8.59
  -2.92	  -2.79	  -8.43
  -3.23	  -2.64	  -8.59
  -3.23	  -2.94	  -8.28
  -3.23	  -2.64	  -8.28
  -3.38	  -2.64	  -8.44
  -3.38	  -2.79	  -8.44
  -3.38	  -2.79	  -8.44
  -3.38	  -2.79	  -8.28
  -3.23	  -2.79	  -8.13
  -3.38	  -2.94	  -8.28
  -3.38	  -2.79	  -8.28
  -3.23	  -2.79	  -8.43
  -3.07	  -2.64	  -8.59
  -2.61	  -2.18	  -8.74
  -2.15	  -2.33	  -8.89
  -2.77	  -2.49	  -8.89
  -2.46	  -2.48	  -8.89
  -2.46	  -2.64	  -8.74
  -2.46	  -2.33	  -8.89
  -1.85	  -1.71	  -8.43
  -3.22	  -0.95	  -8.59
  -2.30	  -1.41	  -9.20
  -2.15	  -0.65	  -9.35
  -2.45	  -0.50	  -9.04
  -2.45	  -0.80	  -9.20
  -2.76	  -0.80	  -8.89
  -2.91	  -0.96	  -9.20
  -2.76	  -0.95	  -9.05
  -3.37	  -1.41	  -8.59
  -2.91	  -1.26	  -8.89
  -2.92	  -1.72	  -9.05
  -2.76	  -2.03	  -9.05
  -2.76	  -2.02	  -8.59
  -2.92	  -2.33	  -8.74
  -2.77	  -2.33	  -8.74
  -2.77	  -2.33	  -8.74
  -2.92	  -2.33	  -8.59
  -2.61	  -2.33	  -9.05
  -2.61	  -2.48	  -8.59
  -2.46	  -2.49	  -8.89
  -2.46	  -2.33	  -8.74
  -2.31	  -2.33	  -8.89
  -2.31	  -2.33	  -8.89
  -2.31	  -2.33	  -8.74
  -2.31	  -2.33	  -8.74
  -2.31	  -2.33	  -8.74
  -2.15	  -2.33	  -8.89
  -1.85	  -2.33	  -8.89
  -2.15	  -2.33	  -8.89
  -2.00	  -2.33	  -8.89
  -2.00	  -2.33	  -9.04
  -2.00	  -2.33	  -9.04
  -2.46	  -2.33	  -8.74
  -2.61	  -2.48	  -8.59
  -2.77	  -2.48	  -8.59
  -2.77	  -2.48	  -8.74
  -2.77	  -2.48	  -8.74
  -3.07	  -2.79	  -8.59
  -3.07	  -2.94	  -8.59
  -2.00	  -2.64	  -8.58
  -1.69	  -2.33	  -8.74
  -2.15	  -2.03	  -8.89
  -2.15	  -2.18	  -8.89
  -2.61	  -1.72	  -9.05
  -2.46	  -1.57	  -9.20
  -2.61	  -1.41	  -9.20
  -2.46	  -1.57	  -9.04
  -2.46	  -1.41	  -9.04
  -2.46	  -1.57	  -9.04
  -2.30	  -1.57	  -9.20
  -2.46	  -1.57	  -9.04
  -2.46	  -1.72	  -9.04
  -2.46	  -1.57	  -9.20
  -2.46	  -1.41	  -8.89
  -2.61	  -1.57	  -9.05
  -2.46	  -1.57	  -9.04
  -2.46	  -1.72	  -9.04
  -2.30	  -1.72	  -9.04
  -2.30	  -1.72	  -8.89
  -2.30	  -1.87	  -8.89
  -2.46	  -2.03	  -9.04
  -2.30	  -1.87	  -8.89
  -2.30	  -1.87	  -9.04
  -2.30	  -1.87	  -9.04
  -2.30	  -1.87	  -8.89
  -2.31	  -2.03	  -8.89
  -2.30	  -1.72	  -9.04
  -2.30	  -1.72	  -9.04
  -2.46	  -1.72	  -9.04
  -2.46	  -1.72	  -8.89
  -2.76	  -1.87	  -9.05
  -2.61	  -1.72	  -8.89
  -2.46	  -1.88	  -9.66
  -2.46	  -1.72	  -8.89
  -2.15	  -1.57	  -9.04
  -2.30	  -1.72	  -8.89
  -2.15	  -1.72	  -9.04
  -2.46	  -1.57	  -9.20
  -2.30	  -1.57	  -9.04
  -2.46	  -1.57	  -9.04
  -2.61	  -1.41	  -9.05
  -2.46	  -1.57	  -9.04
  -2.46	  -1.57	  -9.04
  -2.46	  -1.72	  -9.04
  -2.46	  -1.57	  -9.04
  -2.46	  -1.72	  -8.89
  -2.46	  -1.57	  -8.89
  -2.46	  -1.57	  -9.04
  -2.61	  -1.57	  -9.04
  -2.46	  -1.57	  -8.89
  -2.61	  -1.57	  -9.05
  -2.46	  -1.57	  -8.89
  -2.61	  -1.57	  -9.05
  -2.46	  -1.41	  -9.04
  -2.46	  -1.41	  -9.04
  -2.46	  -1.41	  -9.04
  -2.46	  -1.41	  -9.04
  -2.46	  -1.57	  -9.04
  -2.46	  -1.41	  -9.04
  -2.46	  -1.41	  -9.04
  -2.46	  -1.41	  -8.89
  -2.46	  -1.57	  -8.89
  -2.46	  -1.57	  -9.04
  -2.46	  -1.41	  -9.04
  -2.46	  -1.41	  -9.20
  -2.46	  -1.57	  -9.20
  -2.46	  -1.41	  -9.04
  -2.46	  -1.57	  -9.04
  -2.46	  -1.41	  -9.04
  -2.46	  -1.41	  -9.04
  -2.46	  -1.41	  -9.04
  -2.46	  -1.41	  -9.04
  -2.46	  -1.41	  -9.04
  -2.46	  -1.57	  -9.04
  -2.46	  -1.41	  -9.04
  -2.46	  -1.57	  -9.04
  -2.46	  -1.41	  -9.20
  -2.61	  -1.57	  -9.20
  -2.46	  -1.41	  -9.04
  -2.46	  -1.26	  -9.35
  -2.15	  -1.26	  -9.20
  -2.30	  -1.26	  -9.20
  -2.30	  -1.41	  -9.20
  -2.91	  -1.41	  -9.05
  -2.61	  -0.95	  -9.05
  -3.07	  -0.95	  -8.89
  -2.91	  -0.95	  -9.05
  -2.76	  -1.11	  -8.89
  -2.61	  -0.95	  -9.05
  -2.45	  -1.11	  -9.04
  -2.76	  -1.41	  -9.20
  -2.00	  -1.87	  -8.89
  -2.61	  -1.87	  -8.89
  -2.46	  -2.03	  -8.74
  -2.46	  -2.03	  -8.74
  -2.46	  -1.87	  -8.89
  -2.46	  -1.87	  -8.89
  -2.46	  -1.87	  -8.89
  -2.46	  -2.03	  -8.74
  -2.46	  -2.03	  -8.74
  -2.46	  -2.03	  -9.04
  -2.46	  -2.03	  -8.89
  -2.46	  -2.03	  -8.89
  -2.61	  -2.03	  -9.05
  -2.46	  -2.03	  -8.89
  -2.61	  -2.18	  -8.89
  -2.31	  -2.18	  -8.89
  -1.69	  -2.18	  -9.35
  -1.54	  -2.33	  -9.19
  -0.78	  -2.33	  -9.04
  -1.23	  -2.33	  -9.19
  -1.39	  -2.18	  -9.19
  -1.23	  -2.33	  -9.19
  -1.39	  -2.33	  -9.04
  -1.39	  -2.49	  -9.04
  -1.69	  -2.49	  -9.04
  -1.39	  -2.49	  -9.04
  -1.54	  -2.49	  -9.04
  -1.69	  -2.49	  -9.04
  -1.54	  -2.49	  -9.19
  -1.39	  -2.49	  -9.04
  -1.54	  -2.49	  -9.04
  -1.69	  -2.49	  -8.89
  -1.69	  -2.49	  -9.04
  -1.69	  -2.49	  -8.89
  -1.69	  -2.49	  -9.04
  -1.69	  -2.49	  -8.89
  -1.54	  -2.49	  -9.04
  -1.69	  -2.49	  -9.04
  -1.54	  -2.49	  -8.89
  -1.69	  -2.49	  -9.04
  -1.69	  -2.64	  -8.89
  -1.70	  -2.64	  -8.74
  -1.85	  -2.64	  -9.04
  -1.70	  -2.64	  -9.04
  -1.69	  -2.49	  -9.04
  -1.69	  -2.49	  -8.89
  -2.15	  -2.64	  -8.74
  -2.31	  -2.94	  -8.89
  -2.16	  -2.79	  -8.58
  -2.46	  -2.94	  -8.59
  -2.46	  -3.10	  -8.59
  -2.31	  -2.94	  -8.43
  -2.77	  -3.10	  -8.59
  -2.46	  -2.94	  -8.43
  -2.77	  -3.10	  -8.43
  -2.46	  -2.94	  -8.28
  -2.46	  -3.10	  -8.43
  -2.92	  -3.25	  -8.28
  -2.92	  -3.25	  -8.28
  -2.62	  -3.25	  -8.28
  -2.62	  -3.10	  -8.59
  -2.62	  -2.94	  -8.43
  -2.92	  -2.94	  -8.59
  -2.46	  -2.94	  -8.59
  -2.61	  -2.94	  -8.43
  -2.46	  -2.94	  -8.74
  -2.46	  -3.25	  -8.43
  -2.92	  -3.10	  -8.59
  -2.62	  -3.10	  -8.43
  -2.77	  -3.10	  -8.59
  -2.77	  -3.10	  -8.28
  -2.46	  -3.10	  -8.59
  -2.92	  -3.10	  -8.59
  -2.46	  -3.10	  -8.43
  -2.77	  -2.94	  -8.43
  -2.62	  -3.25	  -8.28
  -2.46	  -3.10	  -8.59
  -2.46	  -3.10	  -8.43
  -2.77	  -3.71	  -8.59
  -2.46	  -3.09	  -8.13
  -2.77	  -3.40	  -8.74
  -2.31	  -3.09	  -8.28
  -2.77	  -3.56	  -8.43
  -2.77	  -3.55	  -8.13
  -3.07	  -3.10	  -8.59
  -2.92	  -3.25	  -8.74
  -2.46	  -2.94	  -8.28
  -3.07	  -2.03	  -8.89
  -1.99	  -0.64	  -7.82
  -2.45	  -1.26	  -9.50
  -2.91	  -0.96	 -10.12
  -2.61	  -1.11	  -9.20
  -2.60	   0.12	  -8.89
  -3.37	  -0.49	  -8.44
  -2.30	   0.12	  -8.58
  -2.91	  -0.34	  -9.51
  -1.83	   1.49	  -9.35
  -3.37	   0.58	  -9.05
  -3.06	   0.42	  -8.89
  -3.22	   0.12	  -9.35
  -3.06	  -0.19	  -8.59
  -3.52	  -0.65	  -8.90
  -3.68	  -0.65	  -8.74
  -3.22	  -0.65	  -9.51
  -2.76	  -0.49	  -9.05
  -2.91	  -0.19	  -9.66
  -2.45	  -0.34	  -8.74
  -2.91	  -0.34	  -9.51
  -2.91	  -0.34	  -8.59
  -3.52	  -0.50	  -9.20
  -3.06	  -0.34	  -8.59
  -3.83	  -0.49	  -9.05
  -3.98	  -0.65	  -8.44
  -3.68	  -0.65	  -9.05
  -3.53	  -0.80	  -8.44
  -3.68	  -0.34	  -8.90
  -3.37	  -0.49	  -8.44
  -3.52	  -0.34	  -8.90
  -3.52	  -0.50	  -9.05
  -3.52	  -0.34	  -9.05
  -3.68	  -0.50	  -9.20
  -3.07	  -0.65	  -8.59
  -3.52	  -0.50	  -9.35
  -3.37	  -0.49	  -8.90
  -3.52	  -0.19	  -9.20
  -2.91	  -0.49	  -8.59
  -3.52	  -0.34	  -9.20
  -3.37	  -0.34	  -9.05
  -3.37	  -0.34	  -8.90
  -3.22	  -0.19	  -8.74
  -3.06	  -0.19	  -9.05
  -3.37	  -0.34	  -9.20
  -3.22	  -0.19	  -9.05
  -3.37	  -0.34	  -9.05
  -3.22	  -0.19	  -9.05
  -3.06	  -0.49	  -8.89
  -3.06	  -0.34	  -9.20
  -2.91	  -0.49	  -8.74
  -3.37	  -0.34	  -9.35
  -2.60	  -0.34	  -8.74
  -3.22	  -0.34	  -9.35
  -2.76	  -0.19	  -8.89
  -3.52	  -0.34	  -9.51
  -2.76	  -0.34	  -9.51
  -2.30	  -0.34	  -8.28
  -2.30	  -0.34	  -8.58
  -2.60	  -0.19	  -8.28
  -3.06	  -0.19	  -9.35
  -2.91	  -0.34	  -9.35
  -2.61	  -0.50	  -9.05
  -2.91	  -0.19	  -9.35
  -2.60	  -0.04	  -9.20
  -2.60	  -0.34	  -9.05
  -2.45	  -0.19	  -9.20
  -3.06	  -0.19	  -9.35
  -2.30	  -0.34	  -8.74
  -2.91	  -0.34	  -9.35
  -2.15	  -0.34	  -8.89
  -2.60	  -0.50	  -9.35
  -2.60	  -0.19	  -9.35
  -2.76	  -0.34	  -9.51
  -2.45	  -0.34	  -9.20
  -2.76	  -0.19	  -9.51
  -2.60	  -0.34	  -9.20
  -2.76	  -0.34	  -9.20
  -2.30	  -0.34	  -8.89
  -2.60	  -0.50	  -9.35
  -2.60	  -0.34	  -9.20
  -2.76	  -0.50	  -9.51
  -2.45	  -0.50	  -9.20
  -2.76	  -0.34	  -9.20
  -2.76	  -0.34	  -9.05
  -2.45	  -0.34	  -9.50
  -2.61	  -0.34	  -8.89
  -2.60	  -0.50	  -9.50
  -2.45	  -0.34	  -9.35
  -2.61	  -0.50	  -9.35
  -2.30	  -0.34	  -9.35
  -2.61	  -0.50	  -9.20
  -2.76	  -1.26	  -9.05
  -2.30	  -0.50	  -9.04
  -2.76	  -0.50	  -9.20
  -2.45	  -0.50	  -9.04
  -2.45	  -0.80	  -9.20
  -2.30	  -1.11	  -8.89
  -2.61	  -1.11	  -9.20
  -3.22	  -1.11	  -9.20
  -2.61	  -1.11	  -9.20
  -2.91	  -1.11	  -9.05
  -2.76	  -1.11	  -9.05
  -2.45	  -0.80	  -9.20
  -3.07	  -0.95	  -9.20
  -2.46	  -1.11	  -8.58
  -2.76	  -1.11	  -8.89
  -2.15	  -0.96	  -9.04
  -2.61	  -1.42	  -9.50
  -2.45	  -1.11	  -9.20
  -2.61	  -1.11	  -9.05
  -2.30	  -1.72	  -9.20
  -2.61	  -2.03	  -8.89
  -2.76	  -1.87	  -8.89
  -3.07	  -1.57	  -8.59
  -2.61	  -1.41	  -9.05
  -2.61	  -1.87	  -8.59
  -2.92	  -1.87	  -8.74
  -2.76	  -1.87	  -8.74
  -2.92	  -1.87	  -9.05
  -2.30	  -1.72	  -8.58
  -3.07	  -1.72	  -9.66
  -2.30	  -1.26	  -8.58
  -2.61	  -1.41	  -9.35
  -2.61	  -1.41	  -9.05
  -2.46	  -1.26	  -8.89
  -2.76	  -1.41	  -9.20
  -2.46	  -1.57	  -8.89
  -2.76	  -1.57	  -8.74
  -2.76	  -1.41	  -8.89
  -2.76	  -1.57	  -9.20
  -2.61	  -1.57	  -9.05
  -2.92	  -1.57	  -9.35
  -2.61	  -1.41	  -9.20
  -2.45	  -1.11	  -9.50
  -2.45	  -0.96	  -9.35
  -2.61	  -1.57	  -9.35
  -2.46	  -1.57	  -9.04
  -2.46	  -1.72	  -9.20
  -2.46	  -1.57	  -8.89
  -2.30	  -1.57	  -9.35
  -2.46	  -1.72	  -8.74
  -2.61	  -1.41	  -9.05
  -2.61	  -1.41	  -9.05
  -2.61	  -1.26	  -9.05
  -2.92	  -1.41	  -8.89
  -2.46	  -1.41	  -9.20
  -2.76	  -1.41	  -9.05
  -2.61	  -1.41	  -9.20
  -2.61	  -1.26	  -9.20
  -2.76	  -1.26	  -8.89
  -2.61	  -1.41	  -9.05
  -2.30	  -1.11	  -9.66
  -2.30	  -0.80	  -9.04
  -1.69	  -1.26	  -9.65
  -1.84	  -1.11	  -8.89
  -1.84	  -1.41	  -9.04
  -1.69	  -1.42	  -9.50
  -1.38	  -1.41	  -9.04
  -2.00	  -1.57	  -9.66
  -1.84	  -1.26	  -8.89
  -1.54	  -1.57	  -9.19
  -1.39	  -1.72	  -9.35
  -1.38	  -1.57	  -9.19
  -1.54	  -1.72	  -9.19
  -1.23	  -1.41	  -9.35
  -1.38	  -1.42	  -9.50
  -1.23	  -1.57	  -9.65
  -1.23	  -1.41	  -9.19
  -1.54	  -1.42	  -9.50
  -1.54	  -1.41	  -9.04
  -1.54	  -1.42	  -9.35
  -1.23	  -1.41	  -9.19
  -1.69	  -1.57	  -9.35
  -1.38	  -1.42	  -9.35
  -1.84	  -1.57	  -9.65
  -1.38	  -1.26	  -9.50
  -1.69	  -1.72	  -9.35
  -1.08	  -0.65	  -9.50
  -1.99	  -0.65	  -9.50
  -1.84	  -1.11	  -9.65
  -1.69	  -0.96	  -9.19
  -2.30	  -1.41	  -8.74
  -2.00	  -1.57	  -9.35
  -1.84	  -1.72	  -8.74
  -2.15	  -1.72	  -9.35
  -2.00	  -1.87	  -8.89
  -2.15	  -1.72	  -9.20
  -2.15	  -1.57	  -9.35
  -1.84	  -1.72	  -8.74
  -2.30	  -1.88	  -9.66
  -1.69	  -1.72	  -8.74
  -2.15	  -1.72	  -9.20
  -2.00	  -1.72	  -9.04
  -1.84	  -1.72	  -9.20
  -2.00	  -1.57	  -8.89
  -2.00	  -1.72	  -9.04
  -2.15	  -1.11	  -9.04
  -1.84	  -1.41	  -9.35
  -2.15	  -1.72	  -9.35
  -2.92	  -2.64	  -8.89
  -1.85	  -2.33	  -9.35
  -1.85	  -2.48	  -8.89
  -1.85	  -2.79	  -9.35
  -1.54	  -2.18	  -9.04
  -2.15	  -1.72	  -9.50
  -1.54	  -1.72	  -9.04
  -0.77	  -1.42	  -9.80
  -1.23	  -1.41	  -8.27
  -2.00	  -2.49	  -9.81
  -1.54	  -1.87	  -8.73
  -2.00	  -2.18	  -9.50
  -1.69	  -2.33	  -8.74
  -2.15	  -2.64	  -8.74
  -1.85	  -2.49	  -9.20
  -2.16	  -2.94	  -8.74
  -2.00	  -2.64	  -8.74
  -2.61	  -2.64	  -8.59
  -2.31	  -2.49	  -8.74
  -2.31	  -2.79	  -9.04
  -2.15	  -2.48	  -8.43
  -1.70	  -2.79	  -9.04
  -1.85	  -2.48	  -8.58
  -2.46	  -2.64	  -9.04
  -1.70	  -2.79	  -8.58
  -1.54	  -2.48	  -8.43
  -2.00	  -2.48	  -8.58
  -2.15	  -2.64	  -8.58
  -2.16	  -2.79	  -9.04
  -2.77	  -2.33	  -8.59
  -2.46	  -3.41	  -9.35
  -3.23	  -3.86	  -8.43
  -3.38	  -4.01	  -8.44
  -2.92	  -3.71	  -8.43
  -3.08	  -3.55	  -7.98
  -3.38	  -3.71	  -8.28
  -3.38	  -3.71	  -7.82
  -3.69	  -3.56	  -8.13
  -3.54	  -4.01	  -8.13
  -3.84	  -3.40	  -7.98
  -5.22	  -2.94	  -7.22
  -5.22	  -2.79	  -7.83
  -4.61	  -2.79	  -7.67
  -4.61	  -3.25	  -8.13
  -4.45	  -3.25	  -7.52
  -4.46	  -3.70	  -7.37
  -4.00	  -3.40	  -8.13
  -4.61	  -3.55	  -7.67
  -4.30	  -4.01	  -7.37
  -4.15	  -3.40	  -7.67
  -4.15	  -3.25	  -7.67
  -3.84	  -3.25	  -7.98
  -4.61	  -4.16	  -7.37
  -4.46	  -3.86	  -7.37
  -4.92	  -4.16	  -7.06
  -4.61	  -3.40	  -7.67
  -5.37	  -3.86	  -7.22
  -5.22	  -3.25	  -7.68
  -5.07	  -3.70	  -7.52
  -5.37	  -3.55	  -6.76
  -5.37	  -3.70	  -6.91
  -5.68	  -4.47	  -6.76
  -5.07	  -4.62	  -6.61
  -5.53	  -4.32	  -7.07
  -4.92	  -4.62	  -6.45
  -4.77	  -4.62	  -6.60
  -5.38	  -4.47	  -7.06
  -4.92	  -4.77	  -6.76
  -4.92	  -4.62	  -6.76
  -5.22	  -4.47	  -7.98
  -4.61	  -4.47	  -6.76
  -4.61	  -4.93	  -6.76
  -4.61	  -4.62	  -6.91
  -4.46	  -4.16	  -7.21
  -4.30	  -4.01	  -7.37
  -4.46	  -4.16	  -7.22
  -4.76	  -3.71	  -8.29
  -4.30	  -4.32	  -7.37
  -4.15	  -4.01	  -7.21
  -4.76	  -4.32	  -7.06
  -3.69	  -3.56	  -8.44
  -3.53	  -2.02	  -7.36
  -3.37	  -0.95	  -8.59
  -3.83	  -0.50	  -9.20
  -3.37	   0.88	  -9.97
  -1.83	   2.72	 -10.27
  -2.75	   2.11	  -9.66
  -2.29	   1.03	  -9.66
  -2.14	   1.19	  -9.50
  -2.14	   1.04	  -9.35
  -1.53	   1.03	  -9.96
  -2.14	   0.73	  -9.04
  -2.91	   0.57	  -9.35
  -2.76	   0.27	  -9.04
  -2.91	   0.42	  -9.20
  -2.30	   0.12	  -9.20
  -2.45	   0.11	  -8.74
  -4.59	   0.73	  -8.44
  -3.22	   0.27	  -9.51
  -3.98	   0.58	  -8.74
  -4.44	   0.27	  -8.90
  -3.83	  -0.19	  -9.05
  -3.68	  -0.03	  -8.74
  -4.14	  -0.80	  -9.51
  -2.45	  -0.03	  -8.89
  -2.30	  -0.19	  -8.43
  -1.23	  -0.50	  -9.50
  -1.38	  -0.04	  -9.65
  -1.68	   0.42	  -9.65
  -1.83	   1.65	  -8.89
  -1.22	   0.73	  -9.65
  -1.22	   0.88	  -9.65
  -1.99	   0.88	  -9.66
  -1.37	   1.34	  -9.65
  -1.83	   2.42	  -8.58
  -2.14	   1.65	  -9.50
  -2.29	   1.50	  -9.04
  -2.14	   1.03	  -9.50
  -1.84	   0.58	  -9.19
  -0.77	   0.12	  -8.42
  -0.77	  -0.04	  -9.65
  -0.31	  -0.19	  -9.80
  -0.31	  -0.34	  -9.65
  -0.00	  -0.34	  -9.65
  -0.31	  -0.19	  -9.65
   0.31	  -0.34	  -9.80
  -0.00	  -0.34	  -9.65
  -0.15	  -0.19	  -9.65
  -0.00	  -0.19	  -9.65
  -0.00	  -0.34	  -9.65
  -0.00	  -0.50	  -9.49
  -0.00	  -0.34	  -9.65
  -0.00	  -0.34	  -9.65
  -0.00	  -0.35	  -9.65
  -0.31	  -0.19	  -9.65
  -0.31	  -0.19	  -9.50
  -0.61	  -0.19	  -9.50
  -0.77	  -0.19	  -9.50
  -0.92	  -0.04	  -9.65
  -0.77	  -0.19	  -9.65
  -0.92	   0.11	  -9.65
  -1.07	  -0.34	  -9.34
  -1.23	  -0.34	  -9.65
  -0.77	  -0.04	  -9.50
  -0.92	  -0.04	  -9.50
  -0.92	   0.11	  -9.50
  -1.07	  -0.04	  -9.65
  -1.07	  -0.04	  -9.65
  -0.77	  -0.04	  -9.50
  -1.23	   0.12	  -9.65
  -1.38	   0.11	  -9.65
  -1.07	  -0.04	  -9.19
  -1.07	   0.11	  -9.65
  -1.23	  -0.50	  -9.35
  -1.38	  -0.65	  -9.50
  -1.38	  -0.80	  -9.35
  -1.84	  -1.26	  -9.35
  -1.53	  -0.65	  -9.19
  -1.53	  -0.34	  -9.35
  -1.38	  -0.50	  -9.65
  -1.38	  -0.50	  -9.35
  -1.38	  -0.04	  -9.50
  -1.23	  -0.19	  -9.50
  -1.69	  -0.04	  -9.35
  -1.99	  -0.19	  -9.50
  -1.99	  -0.04	  -9.04
  -2.30	  -0.19	  -9.66
  -1.99	  -0.19	  -9.04
  -2.30	  -0.34	  -9.50
  -1.69	  -0.19	  -8.74
  -2.14	  -0.19	  -9.50
  -2.45	  -0.19	  -8.89
  -1.99	  -0.19	  -9.50
  -2.30	  -0.50	  -9.35
  -2.45	  -0.65	  -9.81
  -2.30	  -0.19	  -9.04
  -3.22	  -0.65	  -9.35
  -2.45	  -0.65	  -9.20
  -3.07	  -0.95	  -8.74
  -2.91	  -0.80	  -9.20
  -3.07	  -0.95	  -8.89
  -3.07	  -0.80	  -9.20
  -3.07	  -0.95	  -8.89
  -3.22	  -0.80	  -8.74
  -3.37	  -0.80	  -9.20
  -3.22	  -0.95	  -9.20
  -3.37	  -1.11	  -9.20
  -3.22	  -1.41	  -8.74
  -2.92	  -1.57	  -8.74
  -3.22	  -1.57	  -9.05
  -2.76	  -1.72	  -8.89
  -2.61	  -1.26	  -8.89
  -2.76	  -1.26	  -9.20
  -2.61	  -1.11	  -9.04
  -2.30	  -1.26	  -9.04
  -2.92	  -1.57	  -9.20
  -1.84	  -0.80	  -9.20
  -2.30	  -0.50	  -9.66
  -2.30	  -0.04	  -9.20
  -3.37	   0.42	  -9.05
  -2.60	   0.58	  -9.04
  -2.14	   0.27	  -9.65
  -2.14	   0.12	  -9.50
  -2.45	   0.42	  -9.20
  -2.60	   0.27	  -9.04
  -2.91	  -0.04	  -9.66
  -2.76	   0.27	  -9.50
  -2.75	   0.73	  -9.35
  -2.60	   0.73	  -9.20
  -2.60	   0.58	  -9.20
  -2.60	   0.27	  -9.20
  -2.76	   0.12	  -9.20
  -2.45	   0.12	  -8.89
  -2.60	  -0.04	  -9.96
  -2.14	   0.42	  -9.04
  -1.99	   1.49	  -9.35
  -2.14	   1.34	  -9.35
  -2.45	   1.03	  -9.35
  -2.29	   1.03	  -9.50
  -2.29	   0.88	  -9.50
  -2.14	   0.88	  -9.35
  -2.14	   1.03	  -9.35
  -2.29	   1.19	  -9.35
  -2.14	   1.34	  -9.35
  -1.99	   1.19	  -9.35
  -2.14	   1.19	  -9.50
  -1.98	   1.80	  -9.04
  -2.44	   1.80	  -8.89
  -2.29	   1.80	  -8.43
  -1.68	   2.11	  -9.50
  -1.68	   1.65	  -9.81
  -1.53	   1.49	  -9.35
  -1.37	   1.65	  -9.50
  -1.53	   1.65	  -9.35
  -1.53	   1.65	  -9.65
  -1.53	   1.65	  -9.50
  -1.22	   1.49	  -9.35
  -1.53	   1.49	  -9.65
  -1.53	   1.65	  -9.35
  -1.68	   1.80	  -9.35
  -1.68	   1.80	  -9.35
  -1.83	   1.65	  -9.35
  -1.68	   1.65	  -9.50
  -1.53	   1.65	  -9.50
  -1.53	   1.65	  -9.35
  -1.68	   1.65	  -9.19
  -1.68	   1.65	  -9.35
  -1.53	   1.65	  -9.35
  -1.53	   1.49	  -9.35
  -1.22	   1.34	  -8.58
  -1.53	   1.65	  -9.65
  -1.53	   1.65	  -9.19
  -1.68	   1.65	  -9.35
  -1.68	   1.65	  -9.35
  -1.68	   1.65	  -9.50
  -1.68	   1.80	  -9.19
  -1.37	   1.80	  -9.50
  -1.53	   1.65	  -9.35
  -1.68	   1.65	  -9.50
  -1.68	   0.88	  -9.35
  -1.68	   1.34	  -9.19
  -1.52	   1.80	  -9.35
  -1.06	   2.11	  -9.50
  -1.22	   1.65	  -9.50
  -1.68	   1.49	  -9.50
  -1.52	   1.95	  -9.50
  -2.14	   1.49	  -9.35
  -1.99	   1.49	  -9.35
  -0.61	   0.57	  -9.50
  -1.38	   0.42	  -9.65
  -0.92	   0.27	  -9.80
  -1.38	   0.57	  -9.65
  -1.53	   0.73	  -9.50
  -1.22	   1.19	  -9.35
  -1.22	   1.34	  -9.35
  -1.68	   1.49	  -9.50
  -1.53	   0.27	  -9.50
  -1.83	   0.73	  -9.96
  -0.30	   0.88	  -9.50
  -1.98	   3.65	  -7.36
  -3.36	   2.43	  -4.91
  -3.04	   7.78	  -6.60
  -1.97	   5.94	  -8.43
  -3.80	   7.03	  -4.30
  -3.79	   8.86	  -4.91
  -1.50	   8.25	  -3.99
  -3.95	   7.48	  -4.92
  -3.95	   7.79	  -4.61
  -2.57	   8.25	  -5.22
  -3.65	   7.33	  -5.53
  -3.80	   7.17	  -5.53
  -3.65	   7.48	  -5.53
  -3.19	   7.48	  -5.37
  -1.35	   7.48	  -5.52
  -1.51	   6.40	  -7.20
  -1.82	   5.64	  -7.36
  -1.05	   6.09	  -7.66
   0.17	   4.57	  -7.35
  -0.45	   3.33	  -9.50
  -0.44	   4.25	  -9.04
   0.62	   2.57	  -9.64
   0.32	   3.33	 -10.26
   2.45	   1.04	  -8.10
   2.91	   1.04	  -8.72
   1.53	  -0.19	  -9.64
   1.84	  -0.03	  -9.03
   0.93	   1.65	  -8.72
   1.99	   0.27	  -9.64
   0.92	   0.42	  -9.95
   1.99	  -0.19	  -9.03
   1.07	  -1.42	 -10.10
  -1.69	  -0.96	  -9.96
   0.30	  -1.42	  -9.34
  -1.07	   0.88	  -9.04
   0.00	   1.34	  -9.65
   0.00	   1.19	  -9.65
   0.62	   1.65	  -9.65
   0.01	   1.65	  -9.65
   0.00	   1.34	  -9.65
  -0.30	   1.19	  -9.34
  -0.30	   1.19	  -9.49
   0.00	   0.73	  -9.65
  -0.30	   1.34	  -9.80
  -1.67	   4.10	  -8.58
  -1.22	   2.11	  -9.96
  -1.37	   1.03	  -9.50
  -1.37	   1.03	  -9.50
  -1.37	   1.19	  -9.35
  -1.22	   1.03	  -9.19
  -0.60	   2.26	  -9.34
  -0.15	   0.73	 -10.11
   0.92	   1.34	  -9.95
  -0.16	  -1.11	  -9.80
  -0.15	  -0.19	  -9.80
  -0.15	   1.19	  -9.49
  -0.30	   1.03	  -9.65
  -0.15	   1.03	  -9.65
  -0.30	   1.19	  -9.49
  -0.15	   0.88	  -9.65
  -0.46	   0.88	  -9.65
  -0.91	   2.41	 -10.26
  -1.37	   1.34	  -9.65
  -1.07	   1.03	  -9.65
  -1.83	   1.49	  -9.35
  -1.22	   0.88	  -9.65
  -0.62	  -0.65	  -9.50
  -0.31	   0.27	  -9.80
  -0.00	  -0.34	  -9.49
   0.31	   0.11	  -9.65
  -0.00	  -0.04	  -9.34
  -0.15	  -0.19	  -9.49
  -0.00	  -0.19	  -9.34
  -0.00	  -0.04	  -9.65
  -1.07	   0.12	  -8.58
   0.15	   0.42	  -9.95
  -2.30	   0.73	  -8.89
  -1.53	   0.57	  -9.65
  -1.68	   0.42	  -9.50
  -1.38	   0.73	  -9.50
  -1.83	   0.88	  -9.35
  -2.75	   1.49	 -10.27
  -1.67	   4.87	  -9.81
  -3.67	  -0.95	  -9.35
  -2.14	   1.19	  -9.50
  -1.22	   1.03	  -9.35
  -1.22	   1.03	  -9.50
  -1.22	   1.03	  -9.35
  -1.22	   1.03	  -9.50
  -1.37	   1.03	  -9.50
  -1.22	   1.03	  -9.50
  -1.37	   1.03	  -9.50
  -1.37	   1.03	  -9.50
  -1.22	   1.03	  -9.35
  -1.22	   1.03	  -9.50
  -1.22	   1.03	  -9.50
  -1.37	   1.03	  -9.50
  -1.22	   1.03	  -9.50
  -1.22	   1.19	  -9.50
  -1.22	   1.03	  -9.50
  -1.22	   1.03	  -9.50
  -1.07	   0.88	  -9.50
  -1.07	   1.19	  -9.50
  -0.61	   1.03	 -10.11
   0.15	  -0.04	  -9.34
   0.16	   0.72	 -10.57
   0.00	   0.42	  -9.95
   0.62	   1.19	  -9.49
   0.31	   0.88	  -9.80
   0.31	   0.57	 -10.26
   0.61	   0.73	  -9.80
   0.77	   1.03	  -9.64
   1.23	   0.73	  -9.49
   0.62	   0.88	  -9.80
   0.77	   0.88	  -9.80
   0.92	   1.03	  -9.64
   0.77	   0.88	  -9.80
   0.92	   0.88	  -9.64
   0.92	   0.88	  -9.64
   0.92	   1.03	  -9.64
   0.92	   0.88	  -9.64
   0.92	   0.88	  -9.64
   0.46	   0.73	  -9.80
   0.77	   0.88	  -9.80
   0.62	   0.88	  -9.80
   0.62	   0.88	  -9.64
   0.62	   0.88	  -9.64
   0.62	   0.88	  -9.64
   0.62	   0.88	  -9.64
   0.46	   1.03	  -9.65
   0.77	   0.57	  -9.80
   0.77	   0.88	  -9.64
   0.62	   1.03	  -9.64
   0.77	   0.88	  -9.64
   0.62	   1.03	  -9.64
   0.77	   1.03	  -9.64
   0.62	   0.88	  -9.64
   0.62	   0.88	  -9.64
   0.46	   1.03	  -9.49
   0.46	   1.03	  -9.49
   0.46	   0.88	  -9.49
   0.31	   1.03	  -9.80
   0.31	   0.88	  -9.65
   0.00	   0.73	  -9.65
   0.00	   1.03	  -9.49
   0.00	   0.88	  -9.49
  -0.15	   0.73	  -9.65
  -0.15	   0.88	  -9.49
  -0.15	   0.73	  -9.34
  -0.15	   0.88	  -9.49
  -0.15	   0.88	  -9.65
  -0.15	   0.88	  -9.65
   0.00	   0.73	  -9.65
  -0.15	   0.73	  -9.49
  -0.15	   0.88	  -9.65
  -0.30	   0.88	  -9.65
  -0.15	   0.73	  -9.49
   0.00	   0.88	  -9.65
   0.16	   1.03	  -9.80
   0.00	   0.73	  -9.80
  -0.15	   0.88	  -9.80
   0.00	   1.03	  -9.80
   0.00	   0.88	  -9.95
   0.00	   0.88	  -9.65
   0.16	   0.57	  -9.65
   0.16	   1.04	  -9.19
   0.31	   1.19	  -9.65
   0.46	   0.88	  -9.95
   0.46	   1.19	  -9.49
   0.62	   1.19	  -9.64
   0.46	   1.03	  -9.80
   0.62	   1.03	  -9.64
   0.46	   0.88	  -9.80
   0.62	   0.88	  -9.80
   0.61	   0.73	  -9.64
   0.46	   0.88	  -9.95
   0.77	   1.03	  -9.64
   0.92	   0.88	  -9.80
   1.23	   1.03	  -9.49
   1.38	   1.03	  -9.49
   1.23	   1.03	  -9.80
   1.23	   1.03	  -9.64
   1.23	   1.03	  -9.64
   1.23	   1.04	  -9.03
   1.23	   1.19	  -9.49
   1.23	   1.03	  -9.64
   1.08	   1.19	  -9.49
   1.08	   1.19	  -9.49
   1.08	   1.19	  -9.34
   1.23	   1.34	  -9.64
   1.23	   1.19	  -9.49
   1.23	   1.34	  -9.80
   1.23	   1.34	  -9.18
   1.23	   1.34	  -9.64
   1.08	   1.19	  -9.49
   1.23	   1.34	  -9.49
   1.23	   1.34	  -9.34
   1.23	   1.49	  -9.80
   1.23	   1.19	  -9.64
   1.08	   1.19	  -9.64
   1.23	   1.34	  -9.34
   1.08	   1.03	  -9.80
   1.08	   1.19	  -9.80
   1.23	   1.34	  -9.34
   1.23	   1.34	  -9.64
   0.92	   1.19	  -9.64
   1.08	   1.19	  -9.64
   1.23	   1.34	  -9.64
   1.23	   1.19	  -9.64
   0.92	   1.19	  -9.34
   0.92	   1.19	  -9.49
   1.08	   1.03	  -9.95
   0.77	   1.03	  -9.80
   0.77	   1.04	  -9.18
   0.92	   1.03	  -9.80
   0.77	   1.03	  -9.34
   0.62	   1.19	  -9.64
   0.92	   1.19	  -9.95
   0.77	   1.19	  -9.64
   0.77	   1.03	  -9.64
   0.77	   1.19	  -9.64
   0.62	   1.19	  -9.49
   0.46	   1.19	  -9.65
   0.77	   1.03	  -9.64
   0.46	   0.88	  -9.64
   0.62	   1.19	  -9.49
   0.77	   1.19	  -9.49
   0.46	   1.19	  -9.80
   0.62	   1.34	  -9.64
   0.77	   1.03	  -9.64
   0.62	   1.19	  -9.64
   0.62	   1.19	  -9.80
   0.77	   1.03	  -9.49
   0.62	   1.19	  -9.64
   0.62	   1.19	  -9.95
   0.77	   1.03	  -9.49
   0.62	   1.03	  -9.65
   0.77	   1.04	  -9.34
   0.77	   1.03	  -9.64
   0.77	   1.19	  -9.18
   0.77	   1.03	  -9.80
   0.77	   1.34	  -9.80
   0.92	   1.03	  -9.64
   0.77	   1.03	  -9.64
   0.77	   1.03	  -9.49
   0.77	   1.04	  -9.34
   0.46	   1.19	  -9.80
   0.31	   0.88	  -9.65
   0.46	   1.03	  -9.65
   0.46	   1.19	  -9.65
   0.31	   1.03	  -9.49
   0.16	   0.88	  -9.80
   0.16	   1.03	  -9.80
   0.00	   1.04	  -9.34
   0.16	   0.57	  -9.95
   0.16	   1.19	  -9.34
   0.00	   0.88	  -9.95
   0.00	   1.04	  -9.34
   0.00	   0.88	  -9.95
   0.00	   0.88	  -9.34
   0.00	   0.88	  -9.80
   0.00	   1.04	  -9.34
   0.16	   1.03	  -9.95
   0.00	   0.88	  -9.49
   0.16	   1.03	  -9.80
  -0.15	   1.03	  -9.49
   0.00	   0.88	  -9.80
   0.00	   1.19	  -9.49
   0.00	   1.03	  -9.65
   0.00	   0.73	  -9.95
   0.00	   1.03	  -9.49
   0.00	   0.88	  -9.49
   0.00	   1.19	  -9.34
  -0.15	   0.73	  -9.80
  -0.15	   1.03	  -9.65
   0.61	   0.27	  -9.19
   0.16	   0.88	  -9.49
   0.31	   0.88	  -9.80
   0.16	   0.88	  -9.80
   0.31	   0.88	  -9.65
   0.16	   0.88	  -9.65
   0.31	   0.88	  -9.80
   0.31	   0.88	  -9.80
   0.16	   0.88	  -9.80
   0.31	   0.73	  -9.65
   0.16	   0.73	  -9.80
   0.16	   0.88	  -9.80
   0.31	   0.73	  -9.65
   0.16	   0.88	  -9.65
   0.31	   0.88	  -9.65
   0.16	   0.88	  -9.95
   0.16	   0.88	  -9.65
   0.31	   0.88	  -9.80
   0.16	   0.73	  -9.49
   0.00	   0.88	  -9.80
   0.16	   0.73	  -9.65
   0.31	   0.57	  -9.65
   0.31	   0.88	  -9.49
   0.31	   0.88	  -9.65
   0.16	   0.88	  -9.65
   0.31	   0.73	  -9.65
   0.16	   0.73	  -9.80
   0.16	   0.88	  -9.65
   0.16	   0.73	  -9.65
   0.31	   0.73	  -9.80
   0.16	   0.73	  -9.65
   0.16	   0.73	  -9.65
   0.31	   0.73	  -9.80
   0.31	   0.73	  -9.65
   0.31	   0.73	  -9.80
   0.31	   0.88	  -9.80
   0.31	   0.73	  -9.80
   0.16	   0.88	  -9.65
   0.31	   0.88	  -9.65
   0.31	   0.73	  -9.65
   0.31	   0.88	  -9.65
   0.46	   1.03	  -9.65
   0.31	   1.03	  -9.80
   0.31	   0.88	  -9.80
   0.31	   0.88	  -9.65
   0.31	   0.73	  -9.80
   0.31	   0.88	  -9.65
   0.46	   0.88	  -9.65
   0.31	   0.88	  -9.80
   0.16	   0.88	  -9.65
   0.16	   0.73	  -9.80
   0.16	   0.88	  -9.65
   1.38	   1.03	  -9.34
   2.15	   1.19	  -9.33
   1.69	   1.19	  -9.64
   1.53	   1.03	  -9.49
   1.69	   1.03	  -9.49
   1.69	   0.88	  -9.64
   1.69	   1.03	  -9.49
   1.53	   0.88	  -9.64
   1.69	   1.03	  -9.49
   1.69	   1.03	  -9.64
   1.69	   0.88	  -9.49
   1.69	   0.88	  -9.49
   1.69	   0.88	  -9.64
   1.69	   0.88	  -9.64
   1.69	   0.73	  -9.49
   1.69	   1.03	  -9.49
   1.69	   0.73	  -9.64
   1.69	   0.88	  -9.49
   1.84	   0.88	  -9.49
   1.69	   0.88	  -9.49
   1.69	   0.88	  -9.49
   1.69	   0.88	  -9.49
   1.69	   0.88	  -9.49
   1.69	   0.88	  -9.64
   1.84	   0.88	  -9.33
   1.69	   0.88	  -9.64
   1.84	   0.88	  -9.49
   1.69	   0.88	  -9.49
   1.69	   0.88	  -9.49
   1.69	   0.88	  -9.49
   1.84	   0.88	  -9.49
   1.84	   0.88	  -9.49
   1.69	   0.88	  -9.49
   1.69	   0.88	  -9.49
   1.69	   0.88	  -9.64
   1.69	   0.88	  -9.64
   1.84	   0.88	  -9.49
   1.69	   0.88	  -9.49
   1.69	   0.88	  -9.49
   1.84	   0.88	  -9.49
   1.69	   0.88	  -9.49
   1.69	   0.88	  -9.49
   1.69	   0.88	  -9.49
   1.69	   0.88	  -9.33
   1.69	   0.88	  -9.49
   1.69	   0.88	  -9.64
   1.69	   0.88	  -9.64
   1.69	   0.88	  -9.33
   1.84	   0.88	  -9.49
   1.53	   0.73	  -9.64
   1.84	   0.73	  -9.33
   1.69	   0.88	  -9.79
   1.84	   0.73	  -9.49
   1.99	   1.04	  -8.87
   1.69	   0.88	  -9.49
   1.84	   0.88	  -9.33
   1.84	   0.88	  -9.49
   1.84	   0.88	  -9.64
   1.99	   0.73	  -9.33
   1.84	   0.88	  -9.49
   1.99	   1.03	  -9.64
   1.84	   0.88	  -9.49
   1.99	   0.88	  -9.49
   1.99	   0.88	  -9.49
   1.99	   1.03	  -9.49
   1.99	   0.88	  -9.49
   1.99	   0.88	  -9.49
   1.99	   0.88	  -9.49
   1.84	   0.88	  -9.49
   1.84	   0.88	  -9.49
   1.84	   0.88	  -9.49
   1.99	   0.88	  -9.49
   1.84	   0.88	  -9.49
   1.84	   0.88	  -9.49
   1.99	   1.03	  -9.33
   1.84	   0.88	  -9.49
   1.84	   0.73	  -9.49
   1.84	   0.88	  -9.49
   1.99	   0.88	  -9.49
   1.99	   0.88	  -9.49
   1.99	   0.88	  -9.49
   1.84	   0.88	  -9.49
   1.99	   0.88	  -9.49
   1.99	   0.88	  -9.33
   1.99	   0.88	  -9.33
   1.84	   0.88	  -9.49
   1.99	   0.88	  -9.49
   1.99	   0.88	  -9.49
   1.99	   0.88	  -9.33
   1.99	   0.88	  -9.49
   1.99	   0.88	  -9.49
   1.84	   0.88	  -9.49
   1.99	   0.88	  -9.49
   1.84	   0.88	  -9.49
   2.15	   0.73	  -9.49
   2.92	   1.80	  -9.02
   3.37	   1.04	  -9.17
   2.76	   1.19	  -9.48
   3.07	   1.34	  -9.18
   3.07	   1.19	  -9.33
   3.22	   1.34	  -9.02
   3.07	   1.34	  -9.02
   3.07	   1.19	  -9.18
   3.07	   1.19	  -9.18
   3.22	   1.34	  -9.02
   3.07	   1.34	  -9.18
   3.22	   1.34	  -9.17
   3.07	   1.19	  -9.17
   3.22	   1.34	  -9.17
   3.22	   1.34	  -9.17
   3.22	   1.34	  -9.02
   3.22	   1.19	  -9.17
   3.22	   1.34	  -9.17
   3.22	   1.34	  -9.02
   3.22	   1.34	  -9.17
   3.22	   1.34	  -9.17
   3.22	   1.50	  -8.87
   3.37	   1.34	  -9.63
   3.07	   1.34	  -9.02
   3.07	   1.50	  -9.18
   3.22	   1.50	  -9.17
   3.07	   1.34	  -9.18
   3.07	   1.34	  -9.02
   3.07	   1.34	  -9.02
   3.22	   1.50	  -9.02
   3.22	   1.50	  -9.18
   3.07	   1.34	  -9.18
   3.07	   1.34	  -9.02
   3.07	   1.34	  -9.18
   3.07	   1.34	  -9.18
   3.22	   1.50	  -9.17
   3.07	   1.50	  -9.02
   3.07	   1.34	  -9.18
   3.07	   1.34	  -9.02
   3.07	   1.34	  -9.18
   3.07	   1.19	  -9.02
   3.07	   1.50	  -9.18
   2.91	   1.34	  -9.33
   2.91	   1.19	  -9.18
   3.07	   1.34	  -9.18
   2.76	   1.49	  -9.33
   2.91	   1.50	  -9.33
   2.91	   1.50	  -9.18
   2.91	   1.50	  -9.18
   2.91	   1.50	  -8.87
   2.91	   1.34	  -9.33
   2.76	   1.49	  -9.18
   2.91	   1.34	  -9.18
   2.76	   1.34	  -9.33
   2.92	   1.65	  -9.02
   2.76	   1.34	  -9.18
   2.76	   1.34	  -9.02
   2.76	   1.34	  -9.18
   2.76	   1.34	  -9.02
   2.76	   1.50	  -9.18
   2.76	   1.34	  -9.33
   2.61	   1.04	  -9.02
   0.00	   0.89	  -7.50
  -0.60	   2.57	  -9.04
  -3.36	   2.39	 -13.64
  -2.29	   2.26	  -8.28
  -1.23	   0.58	  -8.27
  -1.98	   2.26	  -8.89
  -3.05	   2.41	 -10.73
  -1.22	   1.65	  -9.19
  -1.68	   2.11	  -9.35
  -1.52	   1.96	  -9.04
  -1.83	   1.95	  -9.35
  -1.83	   2.11	  -9.04
  -1.83	   1.95	  -9.35
  -1.83	   1.95	  -9.19
  -1.98	   1.95	  -8.89
  -1.98	   1.95	  -9.35
  -1.83	   2.11	  -9.35
  -1.98	   2.11	  -9.19
  -2.14	   2.11	  -8.89
  -1.98	   1.95	  -9.20
  -1.98	   2.11	  -9.04
  -2.14	   1.95	  -9.20
  -2.14	   1.95	  -9.35
  -1.98	   1.96	  -8.89
  -2.14	   1.80	  -9.20
  -1.98	   2.11	  -9.04
  -1.98	   1.96	  -8.89
  -2.14	   1.80	  -9.20
  -1.98	   1.96	  -8.89
  -2.14	   1.95	  -9.35
  -1.98	   2.11	  -8.89
  -1.83	   1.80	  -9.19
  -1.98	   2.11	  -9.04
  -1.68	   1.95	  -9.35
  -1.83	   1.95	  -9.35
  -1.83	   1.95	  -9.19
  -1.83	   2.26	  -9.50
  -1.83	   1.95	  -9.65
  -1.68	   1.95	  -9.50
  -1.83	   2.11	  -9.50
  -1.68	   1.96	  -9.04
  -1.68	   1.96	  -9.19
  -1.83	   2.11	  -9.50
  -1.83	   2.11	  -9.50
  -1.68	   1.95	  -8.89
  -1.68	   1.80	  -9.50
  -1.68	   1.95	  -9.19
  -1.68	   1.80	  -9.35
  -1.83	   1.95	  -9.35
  -1.83	   1.80	  -9.35
  -1.83	   1.95	  -9.35
  -1.83	   1.80	  -9.50
  -1.83	   1.80	  -9.50
  -1.98	   2.11	  -9.20
  -1.52	   1.80	  -9.50
  -1.37	   1.80	  -9.35
  -1.68	   1.80	  -9.04
  -1.68	   1.80	  -9.19
  -1.68	   2.26	  -9.19
  -1.52	   1.80	  -9.04
  -1.37	   1.80	  -9.35
  -1.52	   1.96	  -8.89
  -1.68	   1.95	  -9.65
  -1.52	   1.95	  -9.35
  -1.52	   1.95	  -9.19
  -1.68	   1.80	  -9.50
  -1.68	   1.96	  -8.89
  -1.68	   1.95	  -9.35
  -1.52	   1.80	  -9.35
  -1.37	   1.95	  -9.35
  -1.37	   1.80	  -8.89
  -1.68	   1.80	  -9.35
  -1.52	   1.96	  -9.04
  -1.52	   1.80	  -8.73
  -1.37	   1.65	  -9.35
  -1.68	   1.95	  -9.04
  -1.83	   1.65	  -9.35
  -1.83	   1.95	  -9.04
  -1.83	   1.95	  -9.04
  -1.68	   1.95	  -9.04
  -1.68	   1.80	  -9.19
  -1.83	   1.95	  -9.35
  -1.68	   1.96	  -8.89
  -1.83	   1.80	  -9.19
  -1.83	   1.80	  -8.89
  -1.83	   1.80	  -8.89
  -1.83	   1.95	  -9.35
  -1.83	   1.65	  -9.50
  -1.68	   1.96	  -8.89
  -1.52	   1.80	  -9.04
  -1.37	   2.11	  -9.35
  -1.68	   1.95	  -8.89
  -1.98	   1.95	  -9.50
  -1.83	   2.11	  -9.50
  -1.52	   1.80	  -9.35
  -1.52	   2.10	  -9.81
  -1.37	   1.95	  -8.89
  -1.52	   1.80	  -9.35
  -1.37	   1.95	  -9.04
  -1.53	   1.65	  -9.35
  -1.52	   1.95	  -9.19
  -1.37	   1.80	  -9.35
  -1.22	   1.65	  -9.35
  -1.37	   1.80	  -9.50
  -1.37	   1.95	  -9.19
  -1.37	   1.95	  -9.19
