 -36.15	   2.70	   3.45
 -39.15	  -0.15	  -1.95
 -40.05	  -1.35	  -4.35
 -40.80	   0.30	  -5.10
 -41.25	  -1.65	 -10.35
 -43.20	  -1.65	 -11.10
 -24.75	   3.45	 -10.35
 -25.50	   4.50	 -10.05
 -24.75	   9.30	 -11.10
 -22.95	  -0.15	 -24.75
 -20.40	  -4.50	 -33.30
 -25.80	  -4.20	 -36.60
 -26.10	  -2.85	 -38.55
 -25.65	  -2.10	 -40.35
 -24.90	  -2.10	 -41.85
 -24.15	  -2.10	 -42.60
 -26.25	  -3.00	 -42.75
 -24.15	  -3.30	 -45.60
 -26.10	  -2.85	 -47.40
 -25.35	  -0.60	 -49.20
 -24.45	  -7.05	 -46.80
 -31.80	  -6.00	 -29.55
 -38.55	 -10.65	 -13.50
 -38.25	 -10.20	  -8.40
 -39.90	 -10.80	  -8.55
 -40.20	 -11.55	  -9.30
 -39.90	 -12.60	  -9.30
 -40.95	 -11.10	  -8.25
 -41.10	 -10.95	  -9.45
 -40.20	 -12.30	  -8.55
 -40.05	 -13.50	 -10.65
 -40.35	 -12.45	 -10.95
 -42.60	 -12.75	 -11.70
 -42.00	 -12.60	 -12.30
 -46.35	 -14.25	  -0.60
 -48.30	 -14.40	  -2.25
 -49.05	 -14.10	  -2.25
 -52.35	 -15.90	  -1.95
 -53.40	 -16.65	   3.45
 -58.95	 -17.70	   8.25
 -61.95	 -17.40	  13.05
 -63.60	 -20.10	  14.70
 -65.25	 -21.15	  16.35
 -66.60	 -21.30	  18.00
 -67.50	 -22.50	  19.65
 -67.80	 -22.20	  18.45
 -67.50	 -22.95	  19.95
 -69.30	 -23.70	  19.20
 -69.30	 -22.95	  18.15
 -71.70	 -22.35	  17.55
 -69.15	 -22.05	  13.95
 -64.20	 -20.70	   6.00
 -59.70	 -18.45	  -3.45
 -54.75	 -16.50	  -9.90
 -50.85	 -14.40	 -21.15
 -48.00	 -14.10	 -25.80
 -46.65	 -12.75	 -28.65
 -47.25	 -13.35	 -28.05
 -46.65	 -12.75	 -30.15
 -47.55	 -13.65	 -31.80
 -47.70	 -12.00	 -30.45
 -48.15	 -11.70	 -31.20
 -48.30	 -11.55	 -29.85
 -49.05	 -12.60	 -30.60
 -48.90	 -14.25	 -30.45
 -49.95	 -12.75	 -30.15
 -53.10	 -13.05	 -24.45
 -52.20	 -12.75	 -25.65
 -54.45	 -13.95	 -25.65
 -55.65	 -14.10	 -27.00
 -55.35	 -13.35	 -27.75
 -54.60	 -11.85	 -28.50
 -55.80	 -10.95	 -29.40
 -55.65	  -9.75	 -28.80
 -53.85	 -11.55	 -30.30
 -50.40	 -10.20	 -35.25
 -49.35	 -10.05	 -39.90
 -50.70	  -9.45	 -37.80
 -49.35	  -9.75	 -39.15
 -48.30	  -9.30	 -37.95
 -49.20	 -10.20	 -36.30
 -51.30	 -10.35	 -35.10
 -51.75	 -10.65	 -32.25
 -50.40	 -10.20	 -32.70
 -50.70	  -9.45	 -31.95
 -50.10	 -10.80	 -30.60
 -47.55	 -10.35	 -29.25
 -48.90	 -11.40	 -27.45
 -50.85	  -9.75	 -24.00
 -48.90	  -9.15	 -22.35
 -47.40	 -11.40	 -21.60
 -45.30	  -9.00	 -22.20
 -48.15	 -11.40	 -16.50
 -45.75	 -10.05	 -13.35
 -43.05	 -10.20	 -13.95
 -41.10	  -9.90	 -11.40
 -38.55	 -10.95	 -12.45
 -37.05	  -9.45	 -11.70
 -35.55	  -9.90	 -12.00
 -31.35	  -9.30	 -12.30
 -28.80	  -6.75	 -14.10
 -27.45	  -8.40	 -13.50
 -26.85	  -9.15	 -10.95
 -26.85	  -8.40	  -9.45
 -25.65	  -8.40	  -7.35
 -25.20	  -7.80	  -6.00
 -22.05	  -8.40	  -3.30
 -20.70	  -6.75	  -1.65
 -20.55	  -7.95	  -1.35
 -17.25	  -8.40	   1.35
 -17.40	  -7.50	   1.95
 -16.05	  -5.85	   2.55
 -14.25	  -8.70	   5.10
 -12.30	  -9.00	   5.70
 -13.05	  -7.50	  11.10
 -13.65	  -8.55	  16.35
  -9.30	  -8.55	  11.10
  -7.35	  -7.65	  11.70
  -6.30	  -6.75	  11.55
  -3.00	  -6.30	  13.65
  -1.20	  -7.50	  13.05
   0.45	  -6.30	  15.15
   1.65	  -6.30	  17.40
   4.20	  -4.95	  20.40
   3.75	  -5.70	  24.75
   3.30	  -5.85	  28.65
   2.85	  -6.15	  30.90
   3.30	  -5.40	  33.45
   4.50	  -4.50	  33.90
   7.65	  -5.40	  34.20
   7.35	  -5.40	  32.70
   9.15	  -3.90	  36.30
   8.70	  -5.40	  37.50
   9.90	  -5.85	  41.10
   9.45	  -5.85	  38.55
  10.65	  -5.85	  40.80
  10.80	  -4.50	  41.25
   9.45	  -3.90	  41.10
  11.55	  -4.50	  42.75
   9.30	  -4.95	  42.45
   7.80	  -4.95	  44.25
   6.75	  -4.95	  43.95
   6.75	  -5.25	  44.70
   6.75	  -4.95	  45.00
   7.50	  -3.75	  45.30
   6.90	  -2.85	  44.40
   7.95	  -4.35	  44.85
   8.55	  -2.25	  43.20
  10.05	  -3.45	  41.25
  11.55	  -2.70	  37.95
  10.80	  -1.95	  36.90
  14.40	  -0.45	  29.25
  14.85	   0.45	  27.00
  14.25	  -1.05	  23.85
  15.15	  -0.45	  19.65
  16.65	   1.95	  16.65
  12.75	   1.05	  12.75
  10.80	   0.45	  11.85
   8.40	  -0.30	   8.40
   6.60	  -0.30	   8.70
  -2.25	  -2.25	   4.20
 -10.80	  -4.95	   3.45
 -19.80	  -6.90	  -1.80
 -31.95	  -7.65	  -4.65
 -39.15	 -10.35	  -7.50
 -44.40	 -12.75	  -6.90
 -47.55	 -11.85	  -7.80
 -47.70	 -11.70	  -9.15
 -49.20	 -13.20	 -11.70
 -50.70	 -12.75	 -12.75
 -48.75	 -14.40	 -17.40
 -50.10	 -13.35	 -19.20
 -50.10	 -14.40	 -22.95
 -51.75	 -12.75	 -24.60
 -53.85	 -13.05	 -24.00
 -62.55	 -17.25	 -27.45
 -64.20	 -15.60	 -29.55
 -65.85	 -16.05	 -29.70
 -67.65	 -16.50	 -29.40
 -67.50	 -15.15	 -31.35
 -67.05	 -15.60	 -34.65
 -67.95	 -15.75	 -36.00
 -82.65	 -19.05	 -39.60
 -87.30	 -20.40	 -43.50
 -89.55	 -21.15	 -46.50
 -90.30	 -20.40	 -50.55
 -89.10	 -22.20	 -55.35
 -90.15	 -20.55	 -59.85
 -91.20	 -19.05	 -61.80
 -92.70	 -20.10	 -63.15
 -91.95	 -20.55	 -66.60
 -92.85	 -19.95	 -67.80
 -93.90	 -20.40	 -69.60
 -94.80	 -20.55	 -71.25
 -93.90	 -20.70	 -76.35
 -94.50	 -20.85	 -76.50
 -92.85	 -20.70	 -76.65
 -93.60	 -19.65	 -76.35
 -95.25	 -20.10	 -84.90
 -95.55	 -19.80	 -84.60
 -96.30	 -20.55	 -85.65
 -95.10	 -21.15	 -78.90
 -93.90	 -20.40	 -76.65
 -93.90	 -19.20	 -76.95
 -93.60	 -19.20	 -75.15
 -92.40	 -18.15	 -74.85
 -92.25	 -17.25	 -75.30
 -88.65	 -17.55	 -73.95
 -89.70	 -18.30	 -72.00
 -89.40	 -17.25	 -72.45
 -90.60	 -18.45	 -72.60
 -89.40	 -18.75	 -70.95
 -66.75	 -14.85	 -71.55
 -66.30	 -13.35	 -71.85
 -62.85	 -13.50	 -70.20
 -60.75	 -12.30	 -67.80
 -62.55	 -13.95	 -65.40
 -62.85	 -14.70	 -65.10
 -62.10	 -14.25	 -64.35
 -60.30	 -14.25	 -61.05
 -57.15	 -12.30	 -49.80
 -51.45	 -11.70	 -43.05
 -44.70	 -11.55	 -31.35
 -54.45	 -13.95	 -23.85
 -51.75	 -15.45	 -19.80
 -48.75	 -14.85	 -15.15
 -46.50	 -14.85	 -12.60
 -44.70	 -15.90	 -10.80
 -46.05	 -14.85	 -12.60
 -30.90	 -11.70	 -13.20
 -13.50	  -9.90	  -9.90
  -7.35	  -5.85	  -8.70
  -9.00	  -5.70	  -9.30
 -10.20	  -6.60	 -10.20
 -18.00	  -7.35	 -10.65
 -22.20	  -9.00	  -9.75
 -37.20	 -12.60	 -11.10
 -36.00	 -12.45	 -11.40
 -59.40	 -15.60	 -16.35
 -62.10	 -16.50	 -20.85
 -65.85	 -16.80	 -30.90
 -68.70	 -17.25	 -31.95
 -72.90	 -19.65	 -29.25
 -72.90	 -18.90	 -21.45
 -78.60	 -19.05	 -20.85
 -87.30	 -22.20	 -22.50
 -91.80	 -24.00	 -21.75
 -92.25	 -23.85	 -13.20
 -95.10	 -25.20	  -5.70
 -94.65	 -25.50	   1.95
 -92.10	 -27.00	  13.05
 -87.45	 -24.90	  19.05
 -84.90	 -25.65	  26.85
 -83.70	 -25.20	  33.30
 -84.75	 -25.80	  32.10
 -86.70	 -26.10	  27.90
 -90.75	 -25.35	  22.05
 -96.15	 -27.75	  16.35
 -95.85	 -28.50	  17.10
 -92.25	 -26.40	  19.80
 -88.80	 -26.55	  20.70
 -80.40	 -24.75	  22.50
 -67.20	 -22.35	  23.85
 -46.35	 -19.05	  28.65
 -20.85	 -12.75	  32.70
  -3.90	  -9.45	  35.25
   9.90	  -6.60	  39.00
  18.00	  -5.10	  41.10
  21.45	  -3.00	  43.50
  22.80	  -3.90	  40.05
  17.70	  -4.95	  36.90
  17.25	  -3.90	  36.00
  13.65	  -4.95	  35.40
  10.80	  -6.00	  33.60
   8.40	  -5.10	  31.50
  -5.85	  -8.70	  27.45
 -22.20	 -12.30	  19.95
 -48.75	 -18.15	  15.90
 -49.80	 -17.70	  14.40
 -45.15	 -16.80	  15.75
 -45.90	 -18.00	  17.55
 -45.00	 -17.40	  21.15
 -48.00	 -18.45	  15.15
 -55.35	 -19.65	  15.90
 -64.20	 -21.45	  13.35
 -73.95	 -22.80	   8.70
 -80.85	 -24.15	   7.95
 -80.10	 -23.10	   3.30
 -79.65	 -22.50	  -3.45
 -80.85	 -21.60	  -8.40
 -84.15	 -22.35	 -12.00
 -82.95	 -21.75	 -12.30
 -69.90	 -19.50	 -12.45
 -69.15	 -19.50	 -12.00
 -70.20	 -19.50	 -10.95
 -69.30	 -19.65	 -12.30
 -66.15	 -18.30	 -11.40
 -64.65	 -16.80	 -10.95
 -63.45	 -18.45	 -11.55
 -61.95	 -17.10	 -10.80
 -60.75	 -18.90	 -10.80
 -63.90	 -16.05	 -10.20
 -63.90	  -5.10	 -12.45
  -5.70	 -20.70	 -14.85
 -67.20	 -32.70	 -15.75
 -64.65	 -16.05	  -6.60
 -42.75	  -6.00	  -3.45
 -55.35	 -18.15	 -10.05
 -52.35	 -14.10	 -10.35
 -37.50	   2.10	  -2.85
 -29.25	 -43.95	 -32.10
 -70.20	 -16.05	 -29.70
 -61.20	 -11.10	 -23.25
 -51.30	  -9.00	 -20.40
 -48.00	 -12.30	 -24.00
 -49.80	 -11.85	 -23.70
 -45.90	 -16.05	 -25.35
 -57.90	 -15.90	 -32.55
 -54.15	  -9.75	 -27.30
 -47.55	 -14.85	 -29.25
 -57.15	 -21.15	 -30.60
 -60.75	 -10.05	 -32.85
 -53.25	 -10.20	 -32.25
 -54.45	 -11.40	 -33.75
 -52.35	 -11.85	 -33.30
 -52.20	 -13.50	 -33.45
 -51.60	  -9.00	 -35.40
 -52.80	 -10.35	 -35.85
 -52.05	  -9.75	 -36.60
 -50.55	  -8.25	 -35.10
 -49.95	 -11.40	 -36.00
 -53.10	 -13.05	 -38.40
 -55.05	  -7.35	 -38.55
 -51.60	  -0.15	 -36.60
 -42.60	   3.90	 -34.50
 -34.50	   3.30	 -33.00
 -28.65	  -2.85	 -33.00
 -27.75	  -7.80	 -32.10
 -27.90	  -6.90	 -31.20
 -29.55	  -8.55	 -30.30
 -29.40	  -9.45	 -31.95
 -27.45	 -10.95	 -30.15
 -27.75	 -10.05	 -27.75
 -27.90	 -10.20	 -28.95
 -29.40	 -12.45	 -26.40
 -29.55	 -11.55	 -25.80
 -29.70	 -12.00	 -26.85
 -30.60	 -11.55	 -28.05
 -31.95	 -10.20	 -26.10
 -31.05	 -10.05	 -29.25
 -30.90	  -9.90	 -28.95
 -34.35	 -10.80	 -28.50
 -33.75	 -10.65	 -27.45
 -33.45	 -11.70	 -25.35
 -32.25	 -10.95	 -22.35
 -29.85	 -11.85	 -22.20
 -27.90	 -12.75	 -23.10
 -30.30	 -13.05	 -23.25
 -27.90	 -12.75	 -23.10
 -30.15	 -13.20	 -22.05
 -28.20	 -12.45	 -22.35
 -27.75	 -11.55	 -24.45
 -28.05	 -11.55	 -23.25
 -26.40	 -11.70	 -23.55
 -26.25	 -11.85	 -22.20
 -24.15	 -12.00	 -22.80
 -24.60	 -12.45	 -20.85
 -23.85	 -11.70	 -21.30
 -25.50	 -13.05	 -21.75
 -27.30	 -12.60	 -22.20
 -27.00	 -13.05	 -22.20
 -25.50	 -13.35	 -23.70
 -28.05	 -12.30	 -24.75
 -29.25	 -11.55	 -25.20
 -29.85	 -10.80	 -27.00
 -27.75	 -10.05	 -25.50
 -27.15	  -9.45	 -27.15
 -27.45	 -10.20	 -25.35
 -27.75	 -10.80	 -24.45
 -27.90	  -9.45	 -24.15
 -29.40	 -10.95	 -23.85
 -30.60	 -11.55	 -22.95
 -29.25	 -11.55	 -23.25
 -29.55	  -9.75	 -24.45
 -28.80	  -9.30	 -22.20
 -30.90	  -8.70	 -21.60
 -29.55	  -8.55	 -22.50
 -30.45	  -9.45	 -22.05
 -31.05	 -10.05	 -20.70
 -29.55	 -10.80	 -20.70
 -29.85	  -9.30	 -20.70
 -32.25	 -10.20	 -20.55
 -29.70	  -9.15	 -19.05
 -31.05	  -9.30	 -17.40
 -29.70	 -10.95	 -16.50
 -28.05	 -10.05	 -16.65
 -29.25	 -10.80	 -17.40
 -30.15	 -10.65	 -16.05
 -30.30	 -11.55	 -14.85
 -31.95	 -11.40	 -15.00
 -28.95	  -9.15	 -15.00
 -29.55	 -11.10	 -16.35
 -30.90	  -9.45	 -16.05
 -29.85	 -10.05	 -16.35
 -31.50	 -10.95	 -17.25
 -29.55	  -9.00	 -17.70
 -30.45	  -9.45	 -17.25
 -28.20	 -10.20	 -16.80
 -29.40	 -10.20	 -16.80
 -30.30	  -9.75	 -17.40
 -30.60	 -10.80	 -19.20
 -31.20	  -8.40	 -17.25
 -31.35	  -9.75	 -18.90
 -31.95	  -8.40	 -18.75
 -32.55	  -9.75	 -19.65
 -32.70	  -7.95	 -18.75
 -31.50	  -8.70	 -18.30
 -31.05	  -9.30	 -18.45
 -30.15	  -9.15	 -18.30
 -31.20	 -10.20	 -18.00
 -29.85	  -8.25	 -17.10
 -31.50	  -9.45	 -16.80
 -30.90	  -9.90	 -18.30
 -31.50	  -8.70	 -18.75
 -31.35	  -9.75	 -18.15
 -31.80	  -9.00	 -18.15
 -31.50	 -10.65	 -19.50
 -28.05	  -8.25	 -18.90
 -31.95	 -10.20	 -19.80
 -31.20	 -10.20	 -18.75
 -31.05	 -10.80	 -18.90
 -30.45	 -11.40	 -18.75
 -30.60	 -10.80	 -18.45
 -30.60	 -11.10	 -17.40
 -31.20	 -11.70	 -21.30
 -30.15	 -10.65	 -18.75
 -31.95	 -12.00	 -19.50
 -30.45	 -11.40	 -17.25
 -30.45	 -10.95	 -18.75
 -30.45	 -13.95	 -18.30
 -31.05	 -11.85	 -18.45
 -29.40	 -12.45	 -18.30
 -31.80	 -11.85	 -18.45
 -31.50	 -12.75	 -19.80
 -31.95	 -12.45	 -19.80
 -28.20	 -10.95	 -23.55
 -28.50	 -10.35	 -25.80
 -27.30	 -11.10	 -28.50
 -28.05	 -12.60	 -29.85
 -29.70	 -12.45	 -31.95
 -30.15	 -10.65	 -32.25
 -29.55	 -11.10	 -32.55
 -29.85	 -10.05	 -36.15
 -31.05	 -11.10	 -38.40
 -30.90	 -10.20	 -41.10
 -31.20	 -11.40	 -41.10
 -32.70	  -9.15	 -42.60
 -31.80	  -9.00	 -44.70
 -31.80	  -8.25	 -46.50
 -31.35	  -7.80	 -47.25
 -30.45	  -7.35	 -50.70
 -30.45	  -6.15	 -51.75
 -28.80	  -6.30	 -53.40
 -28.80	  -7.05	 -55.65
 -28.50	  -7.50	 -57.90
 -25.65	  -7.35	 -58.80
 -27.90	  -3.90	 -60.60
 -27.45	  -5.40	 -62.85
 -23.85	  -6.90	 -63.15
 -22.35	 -12.75	 -63.90
 -20.85	 -18.75	 -65.40
 -26.25	 -31.35	 -61.20
 -39.90	 -28.80	 -54.60
 -44.25	 -11.85	 -55.65
 -33.00	   2.85	 -52.95
 -22.95	  -2.25	 -58.20
 -24.90	 -16.80	 -62.55
 -42.00	 -19.20	 -69.60
 -46.80	  -4.50	 -72.30
 -39.60	   1.05	 -76.80
 -41.25	   2.25	 -79.65
 -39.45	   4.95	 -77.40
 -33.30	   5.70	 -79.95
 -30.15	   5.40	 -80.55
 -29.85	   6.30	 -78.90
 -23.55	   9.90	 -79.35
 -25.80	  -4.20	 -84.75
 -29.55	   4.50	 -89.55
 -24.00	   5.70	 -86.25
 -17.40	  -2.25	 -83.25
 -38.55	  -1.35	 -90.75
 -34.35	  -0.45	 -95.85
 -40.95	  -0.45	 -99.45
 -43.20	   8.55	 -97.65
  -5.10	  -8.70	 -87.15
 -39.30	 -20.10	 -75.30
 -51.30	 -19.65	 -61.20
 -59.55	 -15.45	 -55.05
 -58.50	  -2.85	 -52.20
 -52.80	  -9.30	 -52.05
 -51.60	  -2.70	 -50.10
 -43.20	  -9.00	 -46.80
 -70.95	 -12.75	 -50.40
 -71.85	   1.95	 -27.75
 -61.95	  -7.50	  -9.30
 -62.10	 -10.95	  10.65
 -62.25	 -12.60	  28.80
 -63.75	 -13.65	  38.70
 -64.80	 -14.85	  40.20
 -63.60	 -12.75	  39.60
 -66.00	 -15.15	  37.95
 -63.15	 -12.75	  33.75
 -66.00	 -13.65	  31.05
 -64.20	 -13.65	  27.30
 -66.15	 -12.45	  23.85
 -64.50	 -14.10	  18.45
 -62.55	 -13.95	  15.45
 -64.20	 -16.65	  28.50
 -62.85	 -15.75	  28.20
 -65.10	 -16.05	  25.35
 -67.65	 -17.55	  45.60
 -67.05	 -18.45	  52.05
 -69.60	 -19.65	  50.55
 -68.85	 -18.15	  44.70
 -69.45	 -20.10	  45.60
 -69.90	 -19.80	  45.60
 -67.20	 -18.75	  46.65
 -66.30	 -18.45	  35.40
 -69.15	 -17.55	  33.75
 -67.20	 -20.10	  27.90
 -67.05	 -21.15	  22.20
 -67.20	 -19.80	  24.15
 -64.20	 -17.10	   3.75
 -65.85	 -18.00	   3.90
 -65.55	 -17.10	   1.95
 -64.65	 -21.30	   4.35
 -63.90	 -18.00	   7.35
 -62.55	 -18.00	   7.35
 -62.10	 -16.50	   9.15
 -60.30	 -19.50	  10.95
 -60.60	 -18.75	  12.00
 -60.75	 -18.15	  10.80
 -60.15	 -19.20	  12.60
 -58.95	 -17.40	  10.80
 -57.45	 -18.90	  10.80
 -58.80	 -18.75	  14.25
 -56.55	 -18.75	  13.50
 -56.10	 -20.40	  15.90
 -52.80	 -20.70	  17.70
 -51.75	 -20.55	  18.30
 -52.80	 -20.70	  19.20
 -52.80	 -19.95	  17.70
 -51.75	 -18.00	  16.50
 -53.40	 -19.20	  16.65
 -53.70	 -19.80	  16.80
 -53.25	 -18.75	  16.05
 -52.95	 -18.30	  17.25
 -51.75	 -18.75	  18.75
 -53.40	 -18.45	  18.90
 -51.45	 -19.50	  19.80
 -51.45	 -17.55	  19.80
 -51.30	 -17.10	  21.45
 -51.00	 -17.25	  15.75
 -50.55	 -15.90	  -3.00
 -49.80	 -14.40	 -17.70
 -49.65	 -13.50	 -21.60
 -48.30	 -16.65	 -23.70
 -48.30	 -13.35	 -40.95
 -48.00	 -12.30	 -46.50
 -47.70	 -12.45	 -50.70
 -44.70	 -11.85	 -67.80
 -41.85	 -10.65	 -84.15
 -40.95	  -9.00	-100.50
 -41.10	  -7.95	-103.65
 -41.10	  -6.90	-111.75
 -37.80	  -6.90	-119.55
 -37.50	  -5.10	-125.70
 -35.25	  -3.90	-131.25
 -35.85	  -3.75	-137.40
 -33.60	  -3.00	-141.45
 -33.45	  -2.55	-145.20
 -34.20	  -2.55	-146.70
 -34.65	  -2.25	-149.10
 -33.60	  -1.65	-150.60
 -36.00	  -2.85	-149.70
 -35.40	  -1.95	-150.60
 -35.25	  -1.35	-150.75
 -35.85	  -1.95	-151.35
 -34.50	  -1.35	-151.50
 -35.10	  -1.95	-152.40
 -38.70	  -1.20	-156.15
 -41.25	  -2.70	-159.45
 -41.55	  -2.10	-160.35
 -42.00	  -1.65	-158.70
 -43.50	  -1.20	-159.75
 -43.95	  -0.90	-161.70
 -42.60	   0.60	-159.60
 -42.60	   1.05	-158.55
 -44.10	   0.00	-158.55
 -46.65	  -3.90	-139.80
 -48.30	  -0.90	-133.35
 -45.60	   0.00	-146.70
 -46.35	  -1.05	-147.15
 -47.70	  -2.10	-148.95
 -46.65	  -1.35	-142.65
 -45.90	  -2.85	-140.85
 -45.00	  -2.70	-136.65
 -44.25	  -2.70	-132.60
 -46.35	  -2.85	-129.75
 -44.85	  -2.10	-126.90
 -42.75	  -4.20	-126.00
 -44.10	  -4.65	-123.60
 -43.35	  -2.85	-119.10
 -43.35	  -3.90	-118.05
 -48.45	  -7.35	 -91.50
 -50.85	 -10.05	 -61.95
 -52.05	 -13.35	 -37.95
 -51.75	 -12.75	 -36.30
 -51.60	 -13.05	 -36.15
 -51.75	 -12.00	 -36.00
 -50.70	 -12.45	 -34.50
 -51.60	 -11.85	 -32.10
 -54.00	 -12.75	 -28.20
 -54.90	 -14.40	 -18.45
 -59.10	 -14.70	  -7.35
 -61.35	 -16.80	   1.35
 -63.45	 -18.15	   8.55
 -64.50	 -20.40	  13.05
 -69.15	 -22.05	  10.20
 -69.60	 -19.95	  10.35
 -72.60	 -20.40	  10.35
 -71.70	 -20.10	   9.90
 -72.45	 -20.55	  14.70
 -72.00	 -20.10	  18.00
 -70.95	 -20.10	  24.90
 -70.65	 -22.05	  24.60
 -68.40	 -21.30	  26.10
 -68.25	 -28.50	  28.80
 -67.50	 -22.20	  40.65
 -64.20	 -16.35	  48.75
 -61.80	  -7.35	  43.05
 -63.45	 -13.35	  45.75
 -63.60	 -23.10	  49.95
 -65.25	  -7.80	  40.95
 -61.95	   4.20	  30.30
 -60.30	  -3.30	  36.00
 -63.45	 -16.35	  42.45
 -57.90	   2.25	  38.40
 -43.65	  17.25	  43.65
 -13.35	  28.80	  38.40
  10.65	  27.45	  28.95
   4.95	  22.20	  27.30
  13.05	  19.20	  31.05
  18.90	  13.05	  19.95
  25.35	  11.40	  26.10
  23.70	   3.75	  32.10
  22.50	   5.70	  21.15
  18.15	  -3.00	  24.45
  22.20	 -10.05	  30.60
  19.65	 -11.85	  32.55
  12.45	   3.60	  36.30
   3.75	  17.10	  29.85
 -22.20	  24.45	  28.80
 -47.10	  24.90	  30.90
 -53.70	  19.80	  29.40
 -70.80	  16.65	  31.05
 -81.45	   3.45	  26.55
 -83.10	   5.10	  10.65
 -85.65	  -0.60	   2.85
 -85.05	 -18.45	   2.70
 -82.95	 -21.15	   0.45
 -77.70	 -29.55	  -7.50
 -71.70	 -43.65	 -10.95
 -45.00	 -68.85	  -3.75
 -13.35	 -71.55	  -3.45
   6.75	 -66.00	  -6.75
  15.00	 -67.95	 -22.35
  24.45	 -78.15	 -33.90
  29.70	 -83.40	 -27.90
  29.25	 -86.25	 -22.95
  43.50	 -92.40	 -18.90
  40.65	 -98.40	 -10.05
  44.70	 -91.80	  -0.90
  57.75	 -61.80	   8.70
  61.50	 -14.10	  10.35
  51.45	  19.80	  -0.60
  39.15	  15.90	   1.65
  41.25	  16.35	   4.20
  39.15	  15.60	   2.25
  36.00	  15.45	   2.55
  18.00	  10.65	   4.65
  11.40	  13.20	   3.30
  16.05	   9.45	  -6.90
   2.85	   6.90	 -11.40
   8.70	   4.35	 -10.20
   3.00	   4.95	 -10.80
   5.40	   6.90	 -10.65
   6.30	   7.50	 -10.05
   4.65	   5.40	 -10.65
   3.75	   7.05	  -9.75
   4.95	   6.00	  -9.30
   4.35	   7.65	 -10.65
   2.85	   8.40	 -12.45
   3.30	   7.65	 -10.65
   4.50	   8.25	 -10.80
   4.95	   7.05	 -10.80
   5.40	   7.65	 -10.65
   7.80	   7.05	 -10.35
  10.65	   7.35	 -10.65
   6.30	   7.50	 -12.30
   3.75	   6.75	  -9.75
   4.20	   5.70	 -10.35
   3.45	   5.25	 -10.05
   4.95	   7.80	 -11.85
   3.90	   6.60	 -10.65
   4.20	   6.00	  -9.75
   2.10	   4.65	  -6.90
   2.25	   4.50	  -7.05
   1.80	   5.10	  -9.15
   2.70	   6.00	  -7.50
   1.05	   4.65	  -7.65
   0.15	   6.30	  -8.55
   1.65	   3.75	  -8.25
  -0.30	   4.35	  -6.90
   0.45	   6.00	  -7.80
   0.00	   3.90	  -7.35
  -0.45	   4.20	  -6.00
  -1.35	   3.90	  -4.35
  -0.45	   3.45	  -4.95
  -3.30	   2.55	  -4.35
  -3.75	   3.00	  -6.00
  -5.70	   3.00	  -5.25
  -9.45	   2.85	  -5.85
 -12.45	   0.30	  -6.15
 -14.70	   2.10	  -5.85
 -16.80	   0.30	  -6.15
 -16.35	   2.70	  -6.75
 -16.35	   3.00	  -4.20
 -17.10	   0.90	  -3.75
 -13.50	   0.60	  -4.65
 -14.70	   2.85	  -5.40
 -13.95	   3.60	  -4.65
 -15.15	   3.00	  -3.45
 -13.95	   2.10	  -4.35
 -12.75	   1.80	  -4.65
 -12.45	   2.55	  -7.95
 -11.85	   3.45	  -6.75
 -11.70	   3.90	  -6.15
 -11.40	   4.35	  -7.35
 -13.20	   5.10	  -5.40
 -10.80	   3.75	  -5.25
  -7.95	   6.60	  -4.35
  -1.65	   7.80	  -5.25
   0.30	   7.35	  -3.30
   2.55	   6.90	  -3.60
   3.60	   7.65	  -3.90
   6.30	   9.30	  -4.50
   8.25	   9.00	   0.15
   9.00	  11.55	   0.15
  13.05	  10.05	  -1.20
  16.65	  12.60	  -0.45
  22.05	  12.75	  -1.35
  25.80	  13.35	   1.20
  29.40	  16.05	   0.30
  33.75	  14.70	   0.60
  39.00	  15.45	   1.35
  41.10	  13.95	   4.35
  44.70	  13.35	   4.50
  46.35	  11.40	   6.60
  47.55	  12.60	   6.00
  49.35	  12.30	   4.95
  49.65	  12.00	   6.90
  51.75	  11.40	   8.70
  53.85	  12.30	   8.25
  54.15	  11.85	   9.00
  57.00	  12.00	   8.70
  57.90	  13.65	   8.55
  61.50	  13.35	   9.75
  63.00	  13.65	  10.80
  63.60	  12.45	  11.40
  66.90	  13.95	  12.45
  70.80	  13.65	  13.05
  72.60	  14.40	  14.10
  76.35	  14.85	  13.35
  73.95	  15.00	  13.50
  75.15	  16.35	  14.40
  74.25	  15.00	  15.45
  74.85	  16.35	  13.05
  72.60	  14.40	  14.40
  73.65	  15.15	  14.40
  71.55	  16.65	  14.10
  74.85	  17.10	  13.05
  73.35	  18.15	  12.30
  71.85	  15.15	  10.35
  73.35	  17.40	  11.10
  71.70	  18.00	  12.45
  71.85	  15.90	  13.05
  65.85	  16.50	  15.75
  50.55	  19.20	 -10.80
  42.00	  18.90	 -17.40
  26.85	  21.30	 -26.85
  18.15	  18.90	 -33.30
  16.80	  19.05	 -29.40
  22.05	  18.00	 -25.65
  41.25	   6.30	 -13.65
  47.25	  14.40	  18.90
  48.00	  25.80	  26.55
  45.90	  25.65	  27.45
  46.35	  23.85	  27.15
  49.20	  25.35	  27.15
  55.05	   1.05	  26.85
  55.35	   0.90	  30.30
  53.10	   4.95	  28.80
  43.65	  31.20	  23.10
  43.50	  28.80	  25.20
  43.65	  29.70	  27.45
  43.20	  29.25	  27.00
  40.95	  29.55	  27.00
  38.70	  29.55	  28.80
  39.60	  27.90	  30.90
  35.40	  25.20	  33.30
  34.35	  26.55	  34.65
  34.35	  25.80	  35.10
  35.40	  27.30	  34.65
  34.50	  24.90	  37.80
  34.20	  25.35	  36.30
  34.50	  23.55	  38.25
  34.65	  26.25	  37.95
  32.25	  26.10	  39.00
  34.95	  25.35	  37.80
  36.15	  24.45	  40.20
  35.10	  24.45	  39.90
  35.10	  24.00	  40.65
  36.30	  23.55	  41.10
  33.60	  23.70	  41.70
  33.60	  25.20	  42.00
  29.40	  23.55	  46.35
  23.10	  23.10	  49.20
  19.05	  21.30	  54.75
  11.40	  18.30	  59.10
 -12.00	  14.25	  75.30
 -23.55	  10.95	  80.85
 -25.35	   9.15	  86.70
 -32.70	   7.65	  90.15
 -44.85	   4.65	 100.35
 -54.75	   3.90	 104.85
 -58.80	   3.30	 109.20
 -63.15	   2.10	 114.75
 -68.85	   1.65	 115.35
 -71.85	   0.90	 119.40
 -73.65	  -1.20	 121.50
 -70.80	   0.45	 114.60
 -65.85	   2.85	 105.90
 -62.55	   3.60	 105.15
 -62.10	   4.65	 102.90
 -61.50	   5.25	 102.45
 -58.65	   4.50	 100.50
 -58.20	   5.70	 100.95
 -54.45	   5.40	  98.85
 -50.10	   9.30	  96.90
 -48.00	   7.05	  98.40
 -47.55	   6.30	  97.65
 -47.70	   7.35	  97.50
 -46.05	   6.30	  97.95
 -40.35	   9.45	  93.45
 -39.30	   9.15	  94.20
 -39.00	   9.15	  94.50
 -38.40	   9.00	  94.35
 -39.30	   9.90	  95.25
 -38.25	  10.65	  93.00
 -37.95	   9.00	  92.10
 -38.70	   9.30	  93.60
 -39.00	   9.45	  91.95
 -39.00	   8.40	  92.70
 -39.60	   9.15	  92.70
 -45.75	   7.80	  95.85
 -51.75	   6.60	 100.05
 -60.75	   5.25	 105.00
 -70.80	   1.95	 110.10
 -74.55	   2.10	 114.00
 -75.15	   1.20	 117.15
 -77.55	   0.00	 119.10
 -83.10	  -1.05	 122.85
 -85.65	  -3.60	 126.15
 -88.65	  -2.85	 128.40
 -89.85	  -3.00	 131.85
 -91.20	  -3.60	 131.70
 -91.95	  -2.10	 132.45
 -91.05	  -2.70	 131.10
 -89.85	  -3.75	 130.35
 -89.10	  -3.75	 128.85
 -89.10	  -2.25	 127.80
 -88.80	  -3.00	 126.30
 -88.80	  -3.75	 127.50
 -90.15	  -2.10	 127.20
 -89.85	  -1.65	 126.75
 -90.30	  -1.95	 125.25
 -87.15	  -2.10	 124.65
 -86.25	  -0.90	 123.00
 -85.50	  -2.70	 123.00
 -81.75	   0.45	 122.25
 -79.95	  -0.90	 122.25
 -77.55	  -0.30	 121.05
 -76.95	   0.15	 120.75
 -74.25	   0.30	 118.05
 -70.35	  -0.15	 118.65
 -70.35	   0.90	 118.95
 -63.60	   3.30	 109.20
 -55.35	   3.75	 102.75
 -51.00	   6.90	  97.50
 -47.25	   9.30	  92.40
 -43.20	   9.75	  88.35
 -37.20	  10.35	  85.80
 -32.10	  10.80	  80.40
 -30.45	  11.40	  78.60
 -29.70	  11.40	  75.75
 -27.90	  13.50	  75.00
 -11.10	  15.90	  59.40
 -12.45	  15.75	  57.75
 -10.95	  16.80	  54.75
  -7.05	  19.65	  51.30
   1.80	  21.60	  43.35
  10.35	  24.00	  32.55
  16.80	  24.60	  27.90
  22.20	  25.80	  21.75
  27.30	  27.30	  17.10
  29.85	  28.50	  14.40
  33.75	  28.95	   9.45
  38.40	  28.80	   6.75
  40.05	  31.20	   4.35
  43.20	  32.55	   1.95
  45.15	  32.70	   0.00
  45.90	  33.00	   0.60
  47.25	  32.85	   1.20
  48.45	  33.75	   1.35
  48.45	  32.25	   0.00
  46.65	  33.75	   0.30
  47.10	  31.50	  -0.30
  46.35	  32.70	   1.05
  45.15	  33.45	   0.00
  46.80	  31.80	   1.20
  44.70	  31.05	   1.95
  44.70	  31.80	   3.45
  45.00	  31.35	   4.50
  43.65	  31.20	   5.40
  42.60	  31.95	   6.90
  45.15	  31.20	   6.90
  45.15	  31.50	   7.35
  41.55	  30.90	  10.20
  40.95	  29.85	  10.80
  41.85	  29.40	  11.40
  38.55	  28.95	  16.50
  34.65	  27.75	  19.20
  34.65	  26.55	  18.15
  34.50	  27.90	  19.80
  33.90	  28.50	  19.65
  32.55	  28.05	  19.20
  32.10	  26.55	  19.95
  29.85	  27.00	  19.20
  30.60	  27.00	  20.40
  29.85	  26.55	  21.15
  30.15	  27.15	  21.60
  27.15	  26.40	  24.90
  24.75	  26.25	  25.50
  25.50	  25.50	  25.20
  26.85	  26.85	  25.35
  25.20	  23.70	  24.45
  23.70	  26.25	  26.55
  23.70	  24.45	  25.50
  22.80	  24.60	  24.60
  23.10	  24.15	  26.40
  21.30	  24.15	  26.10
  21.75	  22.95	  27.30
  20.55	  23.55	  28.65
  19.50	  24.60	  31.95
  18.90	  23.25	  31.35
  18.15	  23.25	  31.35
  17.10	  21.75	  35.40
  16.35	  22.50	  34.35
  15.90	  23.70	  36.15
  15.90	  22.20	  36.90
  14.85	  22.50	  39.45
  12.60	  23.25	  41.25
  11.85	  21.45	  39.90
  11.70	  23.85	  42.30
  11.70	  20.85	  43.35
   9.45	  22.05	  45.60
   9.00	  20.70	  46.50
   6.15	  21.60	  48.45
   7.35	  20.55	  47.40
   4.50	  20.70	  48.30
   4.20	  20.70	  51.30
   4.65	  19.80	  51.45
   4.50	  20.40	  50.10
   3.90	  19.05	  51.75
   4.20	  18.90	  49.80
   3.30	  18.00	  52.20
   1.20	  19.20	  50.10
   0.30	  20.10	  51.00
   0.60	  17.25	  52.50
  -2.70	  17.70	  53.85
  -1.80	  16.05	  53.70
  -1.65	  17.70	  54.90
  -4.65	  17.55	  51.75
  -3.30	  17.55	  52.20
  -2.85	  16.80	  52.20
  -1.05	  19.05	  52.20
  -1.20	  17.70	  53.10
  -0.30	  18.75	  52.50
  -0.90	  18.45	  51.60
  -2.55	  18.00	  54.00
  -1.95	  17.40	  51.60
  -2.70	  17.10	  52.35
  -2.10	  19.05	  51.75
  -3.30	  17.55	  55.05
  -1.80	  16.80	  52.95
  -1.20	  16.35	  53.85
  -0.60	  16.05	  54.75
  -1.05	  16.80	  52.95
  -2.10	  17.25	  52.50
  -2.55	  16.80	  52.50
  -2.70	  18.90	  53.10
  -0.90	  15.90	  52.35
  -4.20	  16.35	  51.30
  -3.60	  18.00	  52.50
  -3.45	  18.15	  52.80
  -3.90	  18.30	  51.75
  -0.15	  16.65	  53.40
  -1.20	  17.10	  52.05
  -1.20	  16.65	  52.35
  -0.60	  17.25	  52.50
   0.30	  16.50	  50.40
   1.95	  16.65	  52.35
   2.70	  15.90	  52.05
   2.10	  15.45	  51.45
   7.50	  16.65	  53.10
   8.40	  17.55	  51.00
  10.20	  18.30	  49.20
   8.25	  18.90	  48.75
   9.15	  17.25	  48.45
  11.10	  19.65	  44.70
  11.10	  18.90	  45.00
  13.05	  19.95	  44.25
  15.75	  18.75	  43.35
  17.25	  18.00	  42.60
  18.45	  19.95	  42.00
  20.85	  19.50	  40.05
  21.15	  20.70	  39.15
  23.10	  20.85	  38.25
  23.85	  22.05	  39.00
  24.90	  20.85	  37.05
  25.20	  19.65	  37.20
  29.40	  22.80	  35.25
  27.90	  22.05	  34.50
  28.95	  22.80	  32.70
  30.90	  22.05	  31.20
  34.65	  22.95	  30.60
  34.35	  23.70	  29.85
  36.90	  22.95	  29.55
  40.65	  22.50	  30.30
  42.75	  22.95	  27.00
  45.15	  23.85	  26.10
  49.05	  26.25	  27.00
  52.20	  24.15	  24.90
  55.50	  25.35	  22.80
  56.10	  25.80	  22.95
  60.15	  27.75	  21.45
  58.65	  27.00	  20.70
  59.55	  27.45	  19.80
  60.75	  27.30	  19.65
  61.35	  28.20	  18.75
  63.75	  28.80	  18.90
  63.00	  28.50	  17.40
  63.90	  29.40	  15.75
  62.70	  27.75	  16.65
  65.85	  29.70	  16.50
  66.75	  30.60	  14.85
  66.00	  30.60	  15.15
  67.95	  30.45	  15.00
  68.40	  30.15	  16.50
  70.35	  31.80	  13.35
  70.95	  31.50	  12.75
  71.70	  32.70	  11.40
  70.95	  32.70	  11.40
  72.00	  31.50	  12.00
  71.70	  32.70	  10.20
  71.55	  32.85	   9.75
  72.75	  34.50	   9.15
  75.00	  34.50	   7.95
  75.60	  35.40	   9.30
  75.60	  34.65	   7.05
  78.15	  35.10	   4.95
  78.00	  35.55	   6.90
  78.90	  34.35	   5.25
  80.40	  33.90	   4.20
  80.40	  35.10	   4.95
  80.40	  34.35	   4.95
  80.85	  35.25	   3.90
  80.55	  36.00	   3.30
  80.40	  35.85	   2.70
  79.05	  35.55	   5.10
  81.30	  36.30	   3.90
  79.05	  34.95	   3.30
  78.45	  33.90	   6.75
  77.25	  32.70	   6.15
  77.70	  33.90	   5.25
  76.95	  34.65	   7.50
  75.75	  35.25	   7.35
  75.75	  34.20	   7.35
  77.55	  34.95	   7.65
  76.65	  35.10	   9.30
  73.65	  33.90	  11.55
  72.90	  33.30	  10.80
  71.70	  32.70	  13.20
  68.55	  33.90	  15.90
  67.95	  31.50	  16.80
  63.90	  30.15	  20.10
  60.75	  31.35	  21.15
  58.80	  30.15	  22.05
  55.05	  28.95	  23.55
  51.60	  28.05	  26.25
  49.35	  27.75	  29.85
  41.85	  25.65	  34.50
  33.00	  23.55	  40.35
  23.85	  22.80	  46.65
  15.90	  19.95	  52.35
  11.55	  19.65	  57.90
  11.55	  18.45	  58.65
  10.05	  18.15	  61.95
   6.90	  15.75	  62.85
   6.60	  16.05	  66.15
   4.50	  15.15	  67.80
   1.20	  14.85	  69.30
  -0.30	  15.45	  72.45
  -3.60	  15.75	  73.50
  -4.20	  13.65	  74.85
 -13.50	  12.75	  81.30
 -16.05	  12.45	  84.15
 -19.20	  11.85	  84.75
 -20.55	  12.75	  85.65
 -20.10	  11.70	  86.70
 -22.35	  10.20	  90.15
 -28.80	   8.55	  95.40
 -38.25	   5.40	 102.90
 -40.35	   6.15	 105.60
 -43.35	   5.40	 104.85
 -47.10	   5.10	 108.90
 -49.20	   4.35	 112.50
 -52.80	   3.75	 115.95
 -55.65	   3.75	 119.70
 -57.90	   0.90	 123.45
 -61.20	   0.90	 125.55
 -63.00	   2.25	 129.30
 -66.15	   0.60	 128.40
 -75.60	  -0.15	 136.20
 -80.10	  -1.35	 137.55
 -81.00	  -1.20	 138.15
 -80.40	  -3.45	 135.90
 -79.65	  -0.15	 134.40
 -72.60	   0.15	 127.50
 -69.60	   2.25	 126.30
 -68.25	  -0.90	 125.25
 -67.05	   1.65	 123.75
 -66.30	   1.20	 120.75
 -65.85	   3.30	 120.60
 -65.40	   1.80	 119.55
 -64.80	   4.20	 118.95
 -64.20	   3.75	 117.45
 -63.75	   3.45	 115.95
 -62.55	   2.85	 115.05
 -64.50	   3.45	 117.45
 -64.80	   3.45	 115.35
 -59.10	   4.65	 108.45
 -45.15	   7.65	 101.10
 -43.95	   7.05	  96.90
 -40.95	   7.80	  95.10
 -39.15	  10.80	  93.15
 -37.95	  10.35	  91.80
 -34.95	  13.20	  84.60
 -24.75	  13.65	  76.65
 -17.25	  16.05	  66.60
  -6.30	  18.45	  57.45
   6.30	  20.70	  48.75
  10.05	  21.15	  47.55
  -2.70	  19.20	  56.40
  -2.70	  18.15	  56.10
  -4.95	  17.10	  58.65
  -6.60	  17.55	  58.05
  -6.30	  17.40	  58.20
  -7.95	  18.75	  57.30
  -6.00	  16.65	  61.20
   5.85	  20.55	  47.70
  25.35	  23.85	  30.90
  32.10	  25.80	  29.25
  34.20	  26.85	  28.20
  34.65	  27.75	  29.25
  32.10	  26.55	  31.80
   5.70	  20.70	  50.85
  -1.20	  19.95	  53.85
 -17.10	  17.40	  63.45
  -7.80	  19.20	  51.30
  -3.90	  19.50	  48.45
  -2.25	  18.90	  48.00
  -5.10	  20.55	  50.70
  -4.35	  21.30	  48.90
  -0.15	  21.45	  45.75
   4.65	  20.10	  41.85
   7.50	  21.75	  37.20
  13.20	  24.60	  34.50
  14.70	  24.15	  33.00
  10.95	  24.60	  36.30
  10.35	  23.25	  34.65
  11.70	  24.60	  35.25
   8.40	  23.55	  39.00
   8.55	  22.20	  41.70
   9.75	  22.95	  38.40
   9.30	  20.70	  41.25
   9.30	  22.95	  41.70
   7.50	  23.25	  41.25
   7.80	  21.15	  42.00
   5.85	  22.80	  44.10
   6.90	  21.60	  42.60
   7.65	  22.35	  43.65
  10.80	  22.20	  41.25
  14.40	  22.50	  39.45
  39.60	  28.65	  19.50
  57.45	  31.35	  11.10
  62.55	  32.25	   6.15
  63.90	  33.45	   5.85
  67.95	  34.20	   6.90
  67.50	  34.35	   6.75
  64.35	  33.00	   9.90
  58.80	  31.50	  12.00
  58.50	  31.20	  12.75
  53.85	  31.05	  16.35
  45.75	  28.80	  21.75
  40.35	  27.45	  28.95
  24.00	  25.20	  39.15
   6.15	  22.35	  50.40
   6.30	  19.20	  48.00
   6.15	  19.80	  48.90
   3.60	  20.55	  48.90
   2.70	  19.65	  50.55
   2.70	  21.75	  50.85
   0.90	  19.65	  52.35
   0.60	  20.10	  52.50
  -0.90	  19.65	  54.15
  -1.65	  18.90	  56.10
  -3.75	  18.45	  55.35
  -1.20	  18.15	  55.65
  -0.45	  17.40	  54.15
  -1.20	  17.70	  53.85
  -1.20	  18.45	  53.85
  -3.75	  18.15	  53.40
  -4.50	  17.10	  55.35
  -0.45	  19.65	  54.15
  -2.70	  19.20	  53.40
  -3.30	  18.75	  54.75
  -1.95	  19.65	  52.80
  -2.70	  16.65	  55.65
  -5.40	  18.30	  54.75
  -4.65	  17.25	  55.80
  -5.40	  18.30	  54.45
  -4.50	  17.40	  54.15
  -4.50	  16.65	  53.40
  -4.65	  18.00	  55.50
  -6.60	  17.25	  55.50
  -5.70	  17.40	  56.40
  -7.05	  17.70	  55.35
  -6.90	  17.55	  56.55
  -4.50	  17.40	  54.90
  -5.40	  17.55	  55.50
  -6.15	  18.00	  55.50
  -7.80	  18.15	  54.15
  -8.25	  16.65	  54.90
  -8.70	  17.55	  55.80
  -9.15	  16.05	  55.50
 -11.10	  15.90	  56.85
 -10.35	  15.60	  58.65
 -11.40	  15.45	  58.50
 -11.85	  14.85	  61.95
 -15.45	  17.55	  63.15
 -15.90	  15.90	  64.50
 -17.25	  14.70	  62.85
 -16.50	  15.00	  63.15
 -15.75	  13.95	  64.35
 -13.50	  15.75	  62.10
 -14.40	  15.15	  62.25
 -11.85	  16.35	  61.20
 -13.05	  15.15	  60.15
 -10.65	  15.75	  59.55
 -10.95	  16.05	  58.50
  -9.15	  14.25	  59.85
  -9.30	  17.10	  58.65
  -9.15	  15.45	  58.50
  -6.30	  15.15	  57.15
  -4.95	  16.65	  55.65
  -4.20	  16.35	  54.90
  -5.10	  14.70	  55.05
  -6.90	  16.50	  54.75
  -6.00	  14.85	  53.10
  -6.15	  15.75	  54.00
  -3.45	  16.35	  54.15
  -4.95	  13.65	  55.35
  -6.60	  16.80	  55.80
  -5.70	  15.90	  54.60
  -4.65	  15.45	  55.05
  -2.25	  15.15	  55.35
  -3.30	  16.50	  55.05
  -5.10	  14.70	  52.95
  -5.10	  17.55	  52.50
  -5.70	  16.35	  52.80
  -4.65	  17.25	  52.20
  -4.65	  19.50	  51.75
  -6.15	  17.55	  51.00
  -5.70	  17.70	  50.85
  -5.25	  18.15	  51.30
  -5.10	  19.05	  50.70
  -5.25	  18.45	  51.60
  -3.30	  19.05	  51.00
  -2.55	  17.25	  52.20
  -3.45	  18.15	  51.60
  -3.60	  18.30	  50.40
  -2.25	  18.45	  49.05
  -1.95	  18.45	  50.10
  -1.05	  18.75	  49.95
  -3.00	  20.40	  52.35
  -0.15	  18.90	  51.30
   1.05	  18.30	  49.65
  -2.55	  17.25	  50.70
  -2.70	  18.15	  51.60
  -1.05	  18.75	  51.45
  -1.95	  18.15	  51.30
  -0.90	  17.70	  50.10
  -0.90	  16.65	  50.85
  -0.15	  15.90	  50.85
   0.60	  18.75	  50.70
   0.60	  16.05	  49.95
   0.90	  16.65	  48.75
   1.05	  16.50	  50.40
   0.15	  16.35	  50.85
   2.85	  17.25	  49.95
   2.55	  17.25	  49.20
   0.60	  18.75	  50.70
   1.05	  19.05	  49.95
   1.35	  18.75	  49.95
   0.00	  19.05	  51.00
  -0.15	  18.90	  49.80
  -1.05	  17.55	  50.70
  -0.60	  18.00	  51.00
   0.15	  18.15	  50.85
   0.00	  17.55	  51.75
   0.90	  16.35	  53.40
  -0.30	  18.30	  53.70
  -1.05	  18.00	  52.95
  -0.30	  17.25	  53.25
  -0.60	  18.30	  54.45
  -1.80	  18.00	  54.45
  -1.65	  18.90	  54.60
  -2.10	  18.00	  54.45
  -2.70	  19.65	  52.80
  -2.10	  19.80	  53.70
  -1.05	  19.50	  51.75
   0.60	  19.05	  54.00
  -0.15	  19.95	  52.05
   0.15	  19.20	  53.40
   0.60	  19.50	  54.45
   0.45	  21.15	  54.15
   0.60	  19.80	  54.75
  -1.20	  19.65	  55.35
   0.90	  19.65	  54.60
   1.20	  18.90	  54.60
   0.45	  19.65	  54.60
  -1.65	  20.70	  54.90
   0.00	  20.55	  54.45
  -0.30	  21.30	  52.95
   0.15	  20.70	  53.40
   0.15	  20.70	  51.60
  -1.35	  20.55	  53.70
   0.60	  20.55	  54.45
   0.00	  20.55	  55.05
  -0.45	  21.45	  52.80
  -1.95	  20.70	  52.35
  -3.30	  22.05	  53.25
  -2.55	  20.85	  55.05
  -2.10	  21.30	  51.00
  -3.75	  22.50	  52.80
  -2.85	  20.85	  52.20
  -1.80	  20.10	  53.25
  -3.00	  20.70	  53.40
  -2.70	  20.70	  53.40
  -1.95	  21.15	  53.40
  -1.20	  19.95	  51.60
  -1.35	  21.30	  51.45
  -0.90	  19.65	  53.10
   0.30	  20.55	  52.95
  -0.90	  21.45	  52.35
   1.05	  19.80	  52.95
  -0.30	  19.80	  52.50
  -1.05	  19.80	  53.25
   0.00	  20.85	  54.00
  -1.65	  20.70	  53.85
  -0.60	  19.80	  54.75
  -0.90	  21.45	  53.85
  -1.05	  20.85	  55.50
   0.30	  18.75	  57.00
  -1.65	  19.95	  55.35
  -1.35	  18.30	  55.05
  -1.95	  19.20	  57.45
  -1.05	  19.50	  58.50
  -3.30	  19.80	  58.05
  -3.00	  18.15	  59.40
  -6.15	  18.75	  62.10
  -7.05	  18.45	  61.20
  -8.55	  19.20	  62.70
  -9.00	  18.45	  63.75
 -10.05	  17.70	  65.25
 -10.05	  17.40	  66.00
 -14.40	  16.35	  67.80
 -12.45	  15.45	  68.40
 -13.35	  14.40	  70.35
 -16.05	  12.45	  72.00
 -15.00	  13.20	  72.45
 -16.80	  11.70	  76.50
 -18.15	  11.85	  75.60
 -19.80	  12.45	  77.25
 -22.50	  11.55	  79.20
 -22.05	  12.75	  80.55
 -23.85	   9.90	  81.30
 -24.75	  10.35	  83.70
 -22.95	   7.80	  83.70
 -21.75	   7.50	  85.05
 -24.00	   7.50	  86.55
 -20.85	   5.40	  86.70
 -20.85	   7.35	  87.90
 -19.05	   5.40	  88.95
 -18.75	   4.35	  90.15
 -19.20	   7.05	  91.05
 -18.15	   6.75	  91.80
 -16.80	   6.60	  93.75
 -17.55	   5.85	  96.00
 -16.80	   7.35	  97.05
 -17.10	   7.80	  97.20
 -15.60	   7.80	  99.15
 -16.35	   9.30	  99.15
 -18.45	   6.00	 103.50
 -17.40	   6.75	 104.25
 -17.70	   6.75	 105.30
 -18.90	   5.25	 108.30
 -20.40	   6.30	 108.30
 -21.45	   4.95	 107.85
 -22.95	   5.70	 108.30
 -20.40	   4.20	 108.30
 -22.35	   4.65	 109.20
 -20.40	   5.70	 110.10
 -18.75	   4.65	 111.00
 -17.40	   3.45	 110.85
 -18.15	   1.95	 110.10
 -21.30	   2.85	 109.95
 -20.10	   5.85	 111.75
 -20.55	   6.15	 111.75
 -18.75	   5.85	 111.45
 -17.25	   6.15	 108.15
 -16.50	   6.90	 108.90
 -15.15	   7.80	 109.35
 -12.30	   8.55	 102.75
  -4.65	  12.00	  93.00
   3.45	  13.05	  84.30
   9.15	  15.45	  75.00
  11.40	  15.75	  71.70
  16.65	  15.90	  69.30
  18.90	  16.35	  67.80
  19.65	  16.65	  68.55
  21.45	  17.40	  66.75
  22.50	  17.70	  70.80
  19.80	  18.30	  69.90
  21.30	  17.55	  70.65
  18.00	  17.55	  72.45
  16.50	  16.50	  72.00
  17.25	  18.00	  72.00
  18.30	  18.30	  69.90
  24.15	  19.50	  61.80
  31.35	  21.45	  54.60
  35.55	  22.35	  49.65
  36.15	  23.70	  50.55
  34.35	  22.50	  51.60
  31.95	  23.85	  54.00
  30.30	  22.50	  53.40
  29.70	  21.30	  55.05
  31.50	  22.80	  55.50
  32.85	  24.00	  56.85
  31.80	  23.25	  57.15
  28.05	  22.95	  58.65
  26.25	  22.95	  58.95
  25.65	  22.35	  60.30
  26.10	  23.10	  56.25
  28.50	  24.75	  55.65
  29.55	  25.20	  54.90
  20.40	  20.70	  66.75
  19.95	  21.45	  67.50
  25.65	  21.30	  60.60
  27.15	  22.35	  60.30
  25.80	  22.95	  58.20
  22.35	  22.05	  63.60
  24.45	  22.50	  56.10
  27.30	  22.50	  55.35
  27.30	  25.20	  55.65
  26.10	  23.55	  54.00
  27.00	  22.20	  55.35
  24.90	  25.65	  54.45
  26.10	  23.55	  52.20
  25.20	  22.50	  52.05
  22.50	  24.00	  53.85
  23.70	  23.70	  53.85
  23.85	  24.60	  52.20
  20.10	  22.80	  49.95
  20.85	  24.15	  49.20
  19.95	  25.20	  48.00
  20.55	  24.90	  47.70
  15.60	  24.45	  52.80
  11.55	  22.20	  54.15
  11.55	  23.25	  50.10
  13.20	  21.60	  50.40
  13.50	  22.35	  49.65
   8.70	  22.05	  53.25
  -7.35	  19.05	  62.10
 -12.60	  17.40	  59.70
 -11.85	  18.45	  59.40
 -20.70	  17.40	  63.75
 -21.45	  15.90	  63.00
 -19.80	  17.25	  61.05
 -19.65	  16.35	  61.95
 -21.60	  15.45	  65.40
 -29.40	  13.95	  72.75
 -33.60	  14.10	  74.85
 -41.25	  10.35	  83.25
 -49.05	   9.30	  88.05
 -54.45	   7.65	  95.55
 -63.15	   5.85	  98.85
 -65.25	   6.30	 100.20
 -66.15	   5.40	 102.15
 -68.40	   4.35	 102.15
 -69.90	   3.60	 104.10
 -70.65	   3.30	 104.85
 -71.85	   3.45	 106.80
 -70.95	   3.30	 106.65
 -72.60	   2.70	 106.80
 -71.55	   2.70	 106.05
 -72.30	   1.20	 105.30
 -71.25	   1.80	 109.65
 -74.25	   2.85	 111.75
 -73.65	   2.25	 113.85
 -74.40	   1.95	 115.35
 -72.75	   1.05	 113.25
 -75.00	  -0.30	 114.30
 -73.50	   2.55	 110.25
 -66.15	   3.30	 104.10
 -65.40	   2.85	 105.15
 -66.60	   3.60	 103.65
 -66.00	   4.50	 106.50
 -65.85	   3.30	 106.20
 -64.80	   3.45	 103.95
 -50.85	   7.05	  88.80
 -50.70	   6.90	  87.45
 -54.90	   5.25	  95.10
 -57.90	   6.00	  97.95
 -60.15	   5.25	 102.00
 -60.75	   4.50	 100.95
 -59.10	   4.65	  98.85
 -57.90	   7.50	  97.65
 -58.95	   7.05	  98.40
 -58.20	   5.25	 100.50
 -58.65	   5.70	  98.70
 -57.15	   6.00	  96.45
 -62.10	   4.65	 103.35
 -61.95	   4.95	 105.75
 -49.35	   7.50	  84.00
 -37.65	  12.30	  74.85
 -22.95	  14.40	  63.45
 -19.65	  15.15	  59.40
 -15.75	  18.75	  53.25
  -7.65	  18.00	  47.40
  -1.65	  19.20	  44.25
   0.00	  21.30	  42.60
   2.70	  21.15	  40.95
   6.00	  21.15	  36.15
   7.80	  23.70	  33.90
  11.55	  24.00	  33.60
  15.60	  23.25	  32.10
  16.65	  22.95	  29.85
  17.70	  23.70	  28.80
  19.05	  24.15	  28.20
  19.50	  24.15	  28.20
  20.10	  24.60	  27.90
  22.05	  24.15	  26.10
  24.75	  26.25	  25.20
  23.85	  25.35	  22.80
  26.10	  26.10	  22.80
  28.20	  26.10	  20.10
  29.85	  27.00	  17.40
  28.05	  26.25	  20.40
  29.70	  27.45	  16.80
  30.30	  28.05	  17.70
  28.20	  27.45	  19.50
  25.20	  27.00	  22.95
  21.30	  24.90	  24.15
  22.20	  25.50	  23.70
  20.55	  24.15	  24.15
  22.35	  26.85	  23.85
  22.50	  26.55	  23.25
  21.45	  25.50	  25.20
  21.15	  24.00	  24.75
  21.30	  25.65	  23.85
  21.30	  23.85	  23.55
  22.35	  24.90	  22.35
  22.95	  26.25	  21.45
  26.25	  25.50	  19.65
  29.40	  27.45	  16.50
  30.90	  27.90	  16.05
  31.20	  27.15	  16.50
  30.15	  24.90	  17.55
  29.70	  24.90	  19.50
  29.40	  27.15	  20.55
  27.15	  25.65	  22.05
  27.75	  26.55	  21.75
  28.20	  26.10	  22.35
  28.95	  24.90	  23.10
  28.65	  24.90	  22.35
  24.60	  24.60	  25.35
  24.00	  24.75	  26.25
  24.15	  24.90	  26.10
  22.05	  24.60	  28.65
  21.15	  25.20	  27.75
  20.70	  25.80	  28.80
  18.45	  24.45	  30.60
  19.80	  24.90	  30.15
  18.45	  25.80	  30.60
  18.00	  24.90	  31.50
  17.70	  26.25	  32.55
  16.05	  26.10	  33.00
  17.70	  23.70	  35.10
  14.70	  24.15	  36.00
  12.60	  25.50	  37.65
  12.45	  25.35	  36.75
  12.00	  25.35	  39.30
  11.55	  25.80	  39.15
   8.70	  24.90	  38.25
   7.65	  24.90	  41.55
   7.05	  24.45	  42.00
   4.95	  24.45	  43.20
   6.75	  25.20	  42.75
   1.95	  23.25	  46.05
   3.00	  24.00	  46.05
   1.80	  22.80	  49.20
   1.35	  22.80	  51.45
   1.65	  22.50	  50.10
   0.30	  22.35	  52.20
  -1.35	  22.80	  52.20
  -0.60	  22.05	  53.70
  -2.25	  22.20	  54.90
  -1.35	  23.10	  53.70
  -4.35	  22.05	  52.95
  -3.90	  19.80	  54.45
  -2.25	  21.15	  54.15
  -3.45	  21.45	  53.10
  -3.00	  20.40	  54.60
  -4.65	  21.30	  53.25
  -4.20	  21.15	  54.60
  -3.60	  21.60	  55.05
  -3.90	  20.10	  55.50
  -4.50	  21.45	  54.90
  -4.95	  20.40	  54.60
  -3.45	  19.65	  56.10
  -4.65	  18.30	  55.80
  -4.20	  18.15	  56.40
  -3.30	  18.00	  56.55
  -3.30	  18.75	  54.75
  -1.35	  16.80	  55.05
  -2.10	  19.05	  55.80
  -3.60	  19.50	  55.05
  -2.85	  19.05	  52.50
  -3.75	  17.40	  55.35
  -2.85	  17.55	  54.00
  -3.75	  19.20	  54.60
  -3.30	  18.30	  55.05
  -1.80	  16.50	  56.25
  -4.50	  17.70	  55.65
  -2.70	  18.15	  54.90
  -2.55	  18.30	  54.45
  -1.95	  18.15	  54.60
  -1.05	  16.05	  54.75
   0.45	  17.10	  54.90
  -0.30	  18.30	  52.50
   2.10	  17.55	  53.25
   3.60	  17.55	  53.25
   4.20	  16.65	  52.80
   5.85	  19.80	  52.95
   6.60	  18.75	  52.50
   7.50	  19.20	  53.85
   7.50	  18.90	  51.30
   9.00	  18.45	  52.35
   8.55	  18.90	  51.60
   6.30	  18.45	  53.10
   6.60	  19.05	  51.45
   2.85	  19.80	  52.50
   2.55	  19.50	  52.95
   2.55	  20.10	  52.20
   1.95	  20.40	  52.05
   1.20	  19.20	  50.55
   1.20	  20.40	  50.55
   0.15	  20.40	  52.80
   2.55	  20.55	  51.00
   0.15	  19.65	  50.55
  -1.05	  21.30	  50.40
  -1.65	  21.15	  49.35
  -1.35	  20.55	  49.95
   0.30	  20.85	  48.15
  -1.05	  20.10	  47.70
  -4.35	  20.85	  48.15
  -5.25	  21.45	  49.35
  -3.90	  20.10	  47.70
  -7.50	  19.65	  49.80
  -4.35	  19.50	  49.95
  -1.20	  21.15	  47.25
   0.30	  20.85	  48.15
   1.35	  20.55	  45.90
   2.85	  22.80	  42.60
   2.70	  21.75	  43.20
   6.00	  21.75	  42.45
   8.40	  22.05	  40.80
  10.95	  22.35	  38.25
  13.35	  23.70	  37.20
  14.70	  24.15	  35.55
  16.50	  24.15	  36.30
  17.40	  25.20	  35.10
  19.50	  24.60	  33.45
  21.45	  24.00	  32.10
  24.00	  24.00	  33.30
  26.25	  23.25	  33.90
  29.40	  25.65	  30.90
  31.20	  25.65	  30.45
  31.95	  24.60	  31.20
  33.00	  25.35	  31.50
  36.15	  25.50	  28.05
  39.30	  27.15	  27.15
  39.90	  27.75	  27.30
  39.60	  26.85	  25.35
  42.45	  25.80	  25.50
  42.75	  25.80	  24.45
  44.25	  26.55	  23.70
  47.55	  26.25	  22.95
  49.80	  26.25	  21.45
  51.45	  28.20	  19.50
  49.65	  26.85	  19.80
  52.05	  28.50	  18.90
  53.40	  27.75	  16.65
  55.65	  29.55	  15.60
  55.80	  30.15	  14.70
  54.45	  27.45	  14.70
  54.15	  28.05	  15.15
  52.80	  29.25	  16.35
  52.80	  28.50	  15.60
  51.60	  29.55	  16.35
  54.45	  30.15	  15.75
  52.95	  30.90	  15.45
  49.05	  29.55	  17.10
  48.90	  28.65	  19.05
  48.15	  28.20	  18.75
  48.90	  27.45	  21.60
  47.40	  27.90	  24.15
  48.45	  27.90	  24.90
  47.10	  27.45	  29.40
  44.85	  27.90	  30.15
  42.75	  25.20	  31.80
  40.35	  26.40	  31.50
  40.80	  24.15	  34.95
  37.65	  24.45	  35.85
  36.30	  24.60	  39.30
  37.20	  23.70	  40.65
  36.75	  22.80	  43.05
  35.55	  20.85	  44.40
  32.25	  22.35	  46.35
  33.45	  21.60	  48.15
  31.80	  20.70	  51.60
  31.35	  19.95	  51.30
  31.50	  20.85	  54.45
  29.85	  21.45	  53.85
  32.55	  21.75	  52.80
  36.30	  23.10	  52.50
  38.70	  22.95	  53.85
  42.00	  22.95	  53.40
  43.35	  26.85	  52.50
  44.40	  27.15	  50.70
  44.70	  26.55	  53.40
  44.40	  27.15	  55.05
  43.35	  26.40	  54.45
  41.70	  26.25	  55.65
  39.15	  27.00	  60.15
  39.00	  25.65	  60.60
  35.10	  25.50	  61.95
  32.70	  25.35	  63.90
  34.50	  25.35	  67.20
  31.80	  22.95	  69.60
  30.15	  22.35	  70.65
  25.80	  23.70	  75.60
  25.35	  22.35	  78.00
  23.70	  21.15	  77.70
  20.85	  20.55	  80.55
  11.10	  19.65	  86.55
   5.25	  14.40	  90.30
  -6.30	  14.40	  97.95
 -18.30	  12.45	  98.10
 -26.55	  10.80	  98.40
 -58.05	   4.35	 116.55
 -65.40	   3.90	 120.60
 -77.25	   2.10	 122.85
 -86.55	  -1.95	 132.60
 -97.05	  -4.65	 135.00
-103.20	  -4.95	 141.75
-108.90	  -5.10	 144.90
-113.70	  -6.90	 147.45
-118.35	 -10.65	 150.75
-117.30	  -8.70	 153.00
-118.05	  -9.90	 151.95
-117.30	  -9.15	 149.70
-116.55	  -7.95	 150.00
-117.45	 -11.85	 149.55
-117.15	 -10.05	 150.30
-116.70	  -9.75	 148.05
-114.90	  -9.75	 145.05
-114.30	  -8.40	 144.60
-111.30	  -8.55	 141.75
-108.90	  -7.95	 141.60
-105.30	  -7.05	 137.40
-102.45	  -6.75	 136.65
 -99.90	  -6.30	 131.10
 -80.40	   0.45	 112.35
 -74.10	   1.20	 108.30
 -64.20	   4.50	  95.40
 -55.80	   6.15	  91.20
 -55.50	   5.85	  90.75
 -51.75	   7.65	  88.20
 -50.70	   6.90	  88.65
 -52.50	   5.40	  90.45
 -56.85	   6.75	  95.10
 -46.50	   8.25	  82.50
 -43.50	   7.80	  82.20
 -44.10	   6.60	  80.10
 -40.20	   9.00	  75.15
 -30.90	  12.45	  68.40
 -24.00	  13.65	  61.20
 -15.00	  16.80	  52.95
  -8.40	  18.00	  45.15
  -1.35	  20.55	  41.10
   3.30	  20.10	  37.05
   6.75	  21.75	  34.35
   9.15	  22.35	  32.25
   8.40	  20.85	  33.45
  12.30	  22.20	  29.55
  12.45	  20.55	  27.45
  16.50	  21.60	  25.65
  20.10	  23.85	  23.55
  21.60	  24.60	  23.85
  24.00	  25.50	  20.70
  26.25	  27.00	  18.45
  29.55	  25.80	  14.40
  32.55	  28.50	  15.90
  32.25	  26.40	  13.95
  32.70	  27.90	  15.00
  35.55	  27.15	  13.20
  33.45	  28.20	  13.50
  32.10	  26.55	  14.40
  34.20	  28.20	  13.20
  35.10	  29.55	  13.05
  36.15	  27.75	  13.05
  36.75	  28.20	  12.75
  35.25	  28.20	  13.95
  35.40	  28.05	  14.10
  34.95	  28.95	  15.45
  32.25	  27.90	  16.80
  30.60	  28.50	  17.70
  29.70	  26.85	  18.00
  29.70	  26.85	  19.50
  28.95	  28.65	  17.25
  28.95	  27.45	  18.30
  29.25	  28.05	  19.95
  26.85	  27.45	  22.35
  28.05	  25.80	  22.50
  28.20	  27.45	  22.35
  25.50	  26.55	  23.25
  24.45	  27.30	  25.80
  21.30	  26.40	  28.20
  22.20	  24.75	  29.85
  20.55	  25.65	  27.90
  20.70	  25.20	  29.25
  20.85	  24.15	  30.15
  19.65	  24.45	  31.05
  18.30	  24.60	  29.40
  18.30	  23.85	  31.20
  19.65	  23.70	  31.80
  20.85	  26.40	  29.70
  18.45	  24.45	  32.55
  17.55	  23.85	  32.25
  16.50	  22.35	  35.25
  15.00	  24.15	  33.75
  13.35	  24.00	  36.90
  10.65	  22.80	  36.75
  10.65	  21.60	  37.80
   8.40	  22.80	  37.80
   8.55	  22.20	  38.70
   6.75	  21.45	  39.45
   6.30	  20.40	  41.25
   6.30	  21.45	  42.45
   5.40	  20.55	  43.05
   4.65	  20.10	  44.10
   3.75	  20.40	  45.30
   4.35	  20.55	  41.85
   4.95	  19.20	  43.50
   2.55	  20.55	  43.65
   1.80	  19.80	  45.60
   1.65	  20.40	  44.70
   2.10	  18.00	  46.35
   0.60	  18.75	  47.70
  -0.45	  17.40	  48.00
  -0.90	  17.70	  47.55
  -1.80	  18.00	  47.10
  -2.70	  18.45	  49.35
  -4.35	  18.30	  49.95
  -3.90	  17.55	  51.45
  -6.90	  17.55	  51.45
  -6.90	  16.50	  53.25
  -4.20	  15.15	  51.60
  -2.55	  16.80	  52.50
  -1.35	  16.50	  52.20
  -1.20	  16.65	  52.35
  -2.70	  18.15	  51.30
  -1.35	  16.05	  55.05
  -0.45	  16.65	  54.60
  -1.20	  17.40	  54.90
  -0.45	  13.65	  54.15
   0.00	  16.05	  54.00
  -2.25	  14.40	  55.35
   0.00	  15.00	  54.75
   0.45	  15.60	  57.45
   0.30	  16.05	  58.80
  -0.15	  15.90	  57.45
  -1.20	  15.60	  57.45
  -1.65	  16.35	  58.20
  -1.80	  16.50	  56.25
  -0.45	  17.40	  57.45
  -1.80	  17.25	  57.30
  -1.80	  16.80	  55.05
  -1.80	  18.30	  56.25
  -1.95	  18.15	  55.65
  -1.65	  18.45	  54.90
  -2.25	  18.15	  53.40
  -3.30	  18.30	  53.70
  -2.55	  18.30	  54.75
  -4.35	  18.00	  54.75
  -6.75	  18.90	  52.05
  -4.50	  18.90	  53.10
  -6.00	  19.20	  53.10
  -5.10	  19.80	  52.95
  -2.70	  18.90	  54.60
  -4.20	  18.90	  54.60
  -5.70	  19.65	  54.90
  -4.65	  20.10	  53.25
  -4.20	  18.45	  53.40
  -6.00	  19.65	  53.10
  -5.40	  19.05	  53.25
  -5.70	  19.20	  52.35
  -5.70	  18.90	  52.05
  -7.05	  19.95	  51.60
  -6.15	  19.80	  49.95
  -7.80	  20.70	  50.55
  -7.35	  20.55	  49.65
  -7.35	  20.85	  49.20
  -7.95	  19.50	  49.20
  -8.40	  19.80	  49.95
  -6.75	  19.65	  49.35
  -7.35	  19.80	  49.95
  -8.40	  21.60	  49.65
  -6.75	  20.40	  49.35
  -5.25	  20.40	  49.80
  -7.50	  21.75	  49.35
  -6.60	  20.10	  49.95
  -6.15	  19.50	  49.65
  -5.85	  20.55	  52.20
  -6.75	  19.20	  50.55
  -5.85	  19.80	  49.65
  -4.95	  21.45	  49.05
  -2.70	  20.70	  49.05
  -2.25	  19.95	  48.00
  -0.15	  20.70	  46.80
  -0.90	  19.65	  46.80
   1.20	  19.95	  45.00
   0.90	  19.95	  46.80
   2.85	  20.10	  45.15
   4.20	  20.40	  44.25
   4.50	  21.75	  45.00
   6.90	  20.55	  43.65
   7.05	  18.15	  44.25
   8.70	  19.05	  42.60
   9.90	  18.30	  42.60
  13.05	  20.70	  42.45
  11.85	  19.65	  41.25
  13.05	  21.15	  43.50
  14.25	  21.30	  41.55
  18.45	  22.50	  40.95
  19.50	  20.10	  40.05
  23.25	  21.75	  38.70
  25.35	  20.10	  38.55
  25.65	  21.60	  36.00
  28.80	  21.45	  32.85
  33.60	  21.75	  33.90
  36.00	  22.05	  31.20
  34.20	  22.05	  30.45
  39.15	  21.75	  28.80
  42.45	  24.00	  26.55
  44.40	  23.55	  25.65
  47.70	  24.90	  23.85
  51.45	  26.40	  21.30
  52.05	  24.00	  21.15
  55.50	  26.10	  18.00
  58.05	  27.45	  17.55
  62.85	  29.40	  12.75
  63.75	  30.60	  12.60
  66.90	  30.15	   9.45
  67.80	  30.60	   9.00
  71.10	  31.80	   7.80
  71.55	  32.55	   4.95
  75.30	  33.45	   3.90
  72.90	  33.90	   4.20
  73.50	  34.95	   2.85
  72.30	  35.85	   1.95
  74.40	  36.15	   0.45
  74.40	  35.40	   1.20
  73.35	  36.60	   0.15
  73.95	  35.55	   0.00
  72.90	  34.65	   4.95
  70.80	  33.90	   6.75
  71.70	  33.75	   6.90
  72.00	  34.95	   5.40
  71.25	  34.20	   7.35
  70.05	  33.30	  11.10
  67.95	  32.25	  12.75
  64.20	  32.55	  13.35
  64.20	  33.30	  16.35
  62.85	  31.20	  17.55
  59.85	  32.70	  19.80
  60.15	  32.85	  19.95
  58.50	  31.20	  22.80
  58.80	  29.70	  24.15
  55.65	  31.05	  26.55
  53.25	  30.45	  27.90
  53.25	  28.95	  30.45
  47.40	  27.45	  34.95
  37.65	  25.20	  41.25
  31.35	  24.45	  49.80
  23.70	  21.15	  53.40
  17.25	  20.10	  57.00
  13.35	  19.95	  58.95
  11.40	  20.10	  59.10
   9.45	  19.50	  60.60
   8.40	  20.10	  61.80
   7.80	  17.70	  63.45
   6.60	  18.75	  65.85
   5.70	  19.65	  66.00
   4.50	  17.70	  68.85
   6.30	  17.70	  68.85
  -1.95	  14.85	  76.65
  -4.65	  14.25	  79.05
  -7.65	  15.00	  79.35
  -9.00	  13.65	  83.25
 -22.35	  11.40	  89.40
 -25.20	  12.30	  91.05
 -27.45	  10.95	  91.95
 -29.40	  12.45	  94.80
 -31.35	   9.75	  96.15
 -31.80	   9.30	  97.65
 -33.60	  10.35	  99.15
 -35.55	   9.15	 102.60
 -35.40	   7.50	 103.20
 -37.50	   9.15	 103.35
 -37.05	   7.95	 104.85
 -36.00	   7.95	 102.15
 -35.85	   9.30	 100.50
 -34.20	   9.15	  99.30
 -34.20	   9.90	 100.80
 -34.20	   9.90	  97.80
 -34.95	   9.90	  97.50
 -35.40	   9.30	  98.70
 -36.15	   7.80	  96.15
 -36.30	  10.20	  98.10
 -37.05	  11.70	  98.55
 -38.70	   9.30	  97.95
 -36.00	  12.00	  99.30
 -36.75	  10.65	  97.80
 -35.10	  11.10	  96.45
 -33.30	  11.10	  94.65
 -32.25	  11.70	  93.75
 -31.05	  10.05	  92.10
 -28.50	  12.30	  89.85
 -24.15	  13.20	  86.10
 -24.15	  13.95	  85.35
 -22.95	  13.35	  79.20
 -15.00	  14.70	  72.75
  -3.45	  17.70	  61.20
  19.05	  22.80	  44.85
  25.80	  23.25	  39.90
  27.75	  21.45	  37.95
  27.15	  23.85	  40.80
  26.55	  24.00	  37.95
  26.85	  23.55	  39.60
  27.45	  23.85	  38.25
  29.85	  24.75	  37.20
  30.90	  23.85	  36.00
  31.50	  22.35	  37.05
  33.00	  23.85	  35.25
  36.60	  23.70	  33.30
  40.65	  25.20	  24.45
  40.35	  25.65	  26.10
  40.20	  27.00	  24.75
  36.30	  27.45	  29.70
  27.45	  23.10	  35.55
  27.15	  24.15	  36.30
  24.45	  24.00	  36.60
  35.40	  26.25	  25.80
  35.10	  27.30	  26.25
  29.55	  24.75	  32.10
  28.65	  24.60	  31.95
  25.35	  22.80	  32.25
  34.65	  25.80	  26.25
  26.85	  23.55	  32.70
  33.60	  23.25	  27.00
  42.45	  25.20	  21.75
  44.40	  25.35	  18.75
  41.70	  25.80	  21.75
  39.15	  24.45	  24.45
  30.60	  24.75	  31.35
  22.20	  21.45	  38.70
  16.80	  19.05	  41.85
  13.65	  19.65	  43.50
  10.95	  18.30	  43.65
   9.30	  17.70	  48.75
   7.95	  18.75	  48.90
   6.15	  18.75	  50.40
   5.10	  17.25	  51.45
   4.95	  17.10	  51.30
   4.95	  16.65	  49.80
   5.25	  15.90	  50.85
   4.35	  16.50	  50.40
   3.75	  16.35	  53.40
   3.45	  16.35	  53.85
   3.00	  16.35	  53.40
   3.45	  17.40	  51.60
   5.85	  18.30	  48.90
  12.75	  20.10	  45.15
  22.35	  22.35	  37.80
  28.50	  23.25	  32.85
  44.25	  27.30	  21.45
  57.45	  29.85	  14.40
  65.40	  33.00	   7.95
  72.45	  35.55	   1.80
  76.50	  36.00	  -1.05
  77.40	  37.65	  -0.45
  75.60	  36.90	   0.15
  73.65	  36.60	   0.45
  69.45	  34.50	   2.85
  66.90	  35.25	   2.85
  67.80	  33.90	   5.70
  49.20	  28.95	  19.50
  40.05	  27.45	  26.85
  19.95	  24.75	  39.15
  13.20	  22.05	  41.85
   7.50	  21.15	  48.00
   7.95	  20.10	  45.15
   9.75	  21.15	  44.70
  10.95	  21.30	  44.10
   8.55	  21.45	  46.80
   1.65	  19.65	  51.60
  -3.45	  18.45	  52.80
  -6.90	  16.05	  57.00
  -8.55	  16.65	  57.15
 -11.10	  17.10	  58.65
 -13.35	  16.35	  61.20
 -16.65	  14.40	  63.00
 -18.90	  14.40	  63.00
 -19.65	  14.40	  65.25
 -23.55	  12.75	  67.20
 -26.25	  13.65	  68.85
 -27.45	  13.20	  69.15
 -21.75	  11.55	  65.25
 -17.70	  14.10	  63.00
 -18.30	  12.75	  65.10
 -18.90	  15.15	  64.80
 -17.70	  14.10	  62.25
 -17.25	  14.25	  62.55
 -16.65	  14.85	  63.00
 -17.70	  13.65	  63.00
 -19.20	  15.15	  64.50
 -20.40	  15.60	  66.30
 -19.05	  15.45	  65.85
 -23.85	  14.25	  67.65
 -25.20	  13.35	  69.30
 -25.65	  13.95	  69.90
 -24.60	  14.25	  68.70
 -24.45	  13.05	  70.35
 -24.45	  12.30	  69.60
 -26.40	  12.45	  68.40
 -23.25	  11.55	  70.05
 -24.75	  12.30	  69.30
 -23.85	  11.70	  69.90
 -21.45	  10.35	  68.25
 -20.55	  11.70	  65.10
 -18.15	  13.65	  63.45
 -15.90	  12.60	  61.95
 -13.95	  14.70	  59.55
 -11.70	  15.00	  60.30
 -11.10	  15.15	  60.45
 -11.40	  15.00	  59.85
 -10.35	  15.90	  58.20
 -10.35	  14.40	  58.95
 -10.35	  15.15	  57.45
  -9.00	  14.10	  57.90
 -10.20	  15.00	  56.25
  -9.15	  15.00	  57.00
  -8.40	  14.25	  54.75
 -11.10	  15.15	  56.10
 -10.80	  14.85	  56.10
  -9.45	  14.70	  55.05
  -9.45	  15.75	  54.75
  -8.55	  15.90	  53.85
  -7.95	  15.45	  54.75
  -8.40	  15.00	  54.00
  -8.25	  14.85	  54.60
  -7.35	  13.20	  54.45
  -7.65	  14.25	  57.75
  -9.30	  15.60	  57.45
  -8.25	  13.35	  56.10
  -6.30	  14.10	  58.20
  -6.60	  15.00	  55.50
  -6.60	  14.25	  57.75
  -5.40	  14.25	  56.55
  -5.40	  13.95	  55.80
  -6.00	  14.10	  54.90
  -5.70	  15.90	  54.15
  -5.70	  15.60	  55.35
  -6.30	  15.15	  57.45
  -4.95	  13.65	  56.85
  -4.35	  14.25	  57.75
  -4.35	  15.45	  57.00
  -3.90	  14.70	  57.30
  -4.35	  14.70	  57.75
  -3.45	  14.40	  57.45
  -1.20	  14.10	  58.65
  -3.60	  13.95	  56.55
  -3.90	  15.00	  57.00
  -3.45	  14.10	  57.90
  -1.80	  12.75	  58.50
  -2.25	  14.85	  59.70
  -3.30	  13.95	  57.30
  -3.00	  14.10	  56.85
  -2.85	  13.95	  55.80
  -2.55	  14.25	  57.30
  -3.75	  13.65	  58.65
  -2.25	  14.40	  57.90
  -1.35	  16.50	  56.25
  -2.10	  15.45	  56.25
  -2.10	  14.70	  56.55
  -2.55	  16.50	  56.55
  -0.15	  14.40	  56.40
  -0.60	  16.05	  54.75
  -1.95	  15.15	  54.90
  -0.90	  14.85	  54.90
  -2.10	  15.00	  54.00
  -0.30	  15.75	  54.00
  -1.80	  15.75	  54.45
  -1.05	  15.00	  54.45
  -1.95	  15.90	  53.10
  -0.90	  15.15	  56.10
  -1.20	  14.85	  53.10
  -1.80	  16.50	  52.50
  -2.55	  16.50	  54.00
  -2.25	  15.90	  54.90
  -3.30	  15.00	  54.75
  -0.60	  16.80	  54.45
  -3.30	  15.75	  55.05
  -3.90	  15.75	  54.75
  -2.25	  16.65	  54.60
  -3.45	  15.15	  53.10
  -3.60	  15.75	  55.50
  -3.45	  15.90	  54.60
  -4.35	  17.25	  55.05
  -3.60	  15.45	  54.00
  -3.60	  14.70	  54.45
  -3.45	  16.65	  53.40
  -4.35	  16.50	  53.70
  -2.85	  15.75	  54.45
  -4.35	  16.80	  53.70
  -3.00	  16.35	  53.85
  -5.10	  16.05	  54.45
  -5.70	  17.10	  52.35
  -6.00	  17.70	  52.35
  -6.00	  17.70	  52.80
  -5.85	  16.05	  52.95
  -6.15	  18.00	  51.00
  -6.75	  17.10	  51.30
  -6.00	  16.35	  51.30
  -6.90	  16.05	  52.20
  -6.15	  17.55	  51.00
  -6.15	  17.55	  52.50
  -6.90	  18.30	  51.00
  -6.60	  18.30	  52.20
  -6.75	  17.40	  52.80
  -6.60	  17.25	  52.20
  -5.85	  17.25	  50.70
  -5.70	  17.10	  51.30
  -9.30	  17.10	  52.05
  -7.95	  18.30	  51.45
  -7.65	  18.00	  51.75
  -8.25	  17.40	  52.35
  -9.45	  15.75	  53.25
 -10.80	  16.35	  53.10
 -11.55	  15.60	  54.15
 -12.45	  15.45	  55.80
 -13.65	  15.60	  55.35
 -13.95	  13.95	  57.00
 -15.60	  13.05	  56.85
 -15.60	  14.40	  59.70
 -15.60	  14.40	  59.70
 -15.45	  12.75	  61.80
 -17.10	  13.05	  63.00
 -17.25	  13.50	  65.40
 -18.75	  12.75	  65.40
 -20.10	  13.95	  67.65
 -21.60	  12.45	  66.90
 -23.55	  13.50	  66.90
 -24.45	  14.10	  67.05
 -25.20	  11.85	  68.25
 -24.90	  11.70	  70.95
 -26.85	  12.00	  72.45
 -28.20	  11.70	  73.20
 -27.75	   9.75	  72.60
 -31.05	  12.30	  75.15
 -31.95	  10.65	  74.55
 -32.25	   9.90	  78.00
 -33.45	   8.40	  80.55
 -34.50	   8.70	  82.35
 -33.30	  10.05	  80.70
 -35.10	   8.55	  82.20
 -35.25	   9.90	  84.60
 -36.75	   9.15	  87.15
 -37.20	   7.80	  89.10
 -37.65	   6.30	  91.05
 -39.45	   7.05	  93.15
 -39.90	   6.00	  94.35
 -44.10	   6.15	  97.05
 -44.85	   5.85	  98.10
 -45.75	   5.25	  99.15
 -46.80	   5.25	 101.70
 -48.45	   3.60	 104.10
 -48.45	   3.60	 106.20
 -49.95	   3.60	 105.90
 -49.35	   2.70	 104.55
 -49.20	   5.10	 106.95
 -51.30	   3.00	 106.05
 -49.95	   1.80	 107.70
 -51.30	   3.00	 106.80
 -50.85	   3.45	 106.50
 -49.95	   2.10	 105.90
 -49.05	   3.00	 103.20
 -49.20	   4.35	 104.10
 -49.05	   3.00	 103.95
 -47.25	   3.75	 103.50
 -47.55	   4.20	 102.45
 -48.15	   4.35	 104.40
 -46.35	   2.55	 102.15
 -40.95	   6.00	  94.65
 -34.35	   9.00	  88.80
 -25.80	   8.25	  78.15
 -15.60	  10.35	  69.60
  -6.60	  13.20	  62.85
  -3.30	  13.95	  59.85
  -0.30	  13.50	  58.80
   0.30	  15.00	  57.30
   0.30	  15.00	  57.30
   4.50	  15.60	  56.85
   3.60	  15.45	  56.25
   3.90	  16.50	  56.25
   6.30	  17.70	  54.90
   8.25	  18.15	  54.90
   9.15	  19.50	  54.45
  16.50	  19.80	  47.10
  18.45	  20.70	  45.30
  29.55	  24.45	  32.10
  33.60	  24.00	  31.35
  35.10	  25.80	  32.10
  37.05	  25.65	  29.40
  37.05	  25.65	  28.95
  37.20	  24.45	  29.55
  39.15	  26.55	  29.55
  41.10	  26.10	  28.65
  39.60	  24.15	  30.90
  38.40	  26.25	  31.35
  40.20	  25.80	  32.85
  41.55	  22.80	  34.95
  37.65	  19.95	  36.60
  36.00	  21.60	  36.30
  36.30	  22.35	  37.80
  37.80	  23.85	  37.80
  36.30	  23.55	  38.55
  30.30	  21.45	  50.85
  28.05	  19.95	  51.30
  25.50	  22.50	  53.40
  26.40	  22.80	  54.45
  28.50	  22.50	  54.60
  27.45	  23.85	  56.25
  27.45	  22.05	  54.75
  30.45	  23.10	  51.75
  32.85	  22.20	  51.60
  31.35	  22.95	  53.40
  31.05	  22.20	  55.35
  32.10	  22.20	  56.10
  33.60	  22.20	  56.10
  34.65	  23.25	  56.10
  34.50	  22.35	  58.05
  32.85	  22.50	  58.20
  31.80	  21.75	  58.95
  31.20	  22.80	  57.30
  31.80	  22.50	  60.15
  29.70	  21.60	  59.85
  31.20	  21.60	  61.35
  33.75	  22.05	  60.30
  34.65	  20.40	  63.45
  34.35	  22.95	  62.70
  31.50	  21.60	  63.60
  29.85	  23.25	  64.20
  24.75	  20.70	  70.80
  23.70	  21.45	  71.10
  27.75	  21.45	  72.30
  28.65	  21.60	  71.70
  25.65	  23.85	  72.45
  25.80	  22.50	  72.30
  25.65	  23.10	  70.20
  23.10	  22.80	  74.55
  13.65	  23.25	  83.70
   8.25	  19.65	  91.05
   5.10	  20.85	  94.50
   5.40	  18.30	  96.00
   4.35	  18.00	  93.45
   4.65	  18.30	  93.75
   2.70	  19.20	  92.85
   3.30	  18.30	  91.20
   2.85	  17.55	  93.00
   3.90	  18.00	  90.45
   6.60	  16.50	  90.75
   6.75	  18.45	  89.10
   7.05	  17.40	  87.75
   5.40	  17.55	  88.20
   5.85	  17.25	  87.45
   5.70	  17.40	  85.80
   5.70	  17.40	  85.05
   5.85	  17.25	  85.65
   5.40	  17.25	  86.10
   7.35	  18.00	  81.60
   7.50	  19.20	  81.45
   9.00	  18.45	  79.20
   9.75	  17.40	  79.20
   9.75	  19.65	  77.70
   9.30	  19.95	  77.70
   9.30	  20.40	  76.35
  10.95	  20.85	  74.25
  11.85	  19.95	  75.15
  14.70	  19.80	  69.15
  -6.30	  16.35	  80.40
 -13.20	  14.70	  79.35
 -13.20	  13.50	  79.35
 -29.25	  11.85	  84.00
 -32.25	  11.70	  86.70
 -31.20	   8.40	  84.90
 -31.05	  11.10	  84.30
 -30.60	  10.80	  83.25
 -30.45	  11.40	  84.15
 -31.35	  12.60	  82.20
 -34.65	  10.05	  85.05
 -39.45	  10.05	  87.30
 -43.35	   8.70	  89.70
 -47.25	   7.50	  88.35
 -37.95	  10.05	  76.65
 -31.95	  10.95	  69.15
 -25.80	  12.30	  65.55
 -27.30	  12.30	  67.50
 -28.65	  12.75	  67.65
 -28.05	  11.10	  68.25
 -29.70	  12.00	  69.45
 -29.25	  11.55	  69.60
 -27.90	  12.45	  68.40
 -23.25	  13.65	  64.80
 -19.95	  13.35	  60.45
 -17.25	  15.75	  58.80
 -13.65	  15.90	  57.15
 -13.05	  14.10	  55.65
 -14.25	  13.95	  58.05
 -13.50	  14.25	  59.85
 -14.85	  14.10	  59.40
 -13.65	  12.60	  60.45
 -12.60	  13.35	  58.65
 -13.65	  13.65	  59.40
 -10.35	  14.85	  58.95
 -10.20	  13.95	  56.55
 -11.55	  14.10	  56.40
  -9.45	  15.00	  57.75
 -11.70	  13.50	  55.80
 -11.40	  13.95	  58.50
 -13.50	  12.00	  59.55
 -13.35	  13.35	  59.40
 -13.20	  13.20	  57.75
 -10.95	  11.70	  59.55
 -12.00	  12.45	  59.10
 -14.70	  13.20	  59.55
 -13.95	  12.75	  61.05
 -16.05	  11.40	  65.40
 -17.25	  11.40	  64.35
 -16.65	  11.10	  64.80
 -16.80	  12.00	  64.65
 -15.60	  13.35	  63.00
 -14.10	  13.65	  59.70
 -13.05	  13.35	  60.15
 -13.65	  15.60	  58.95
