Info:TIM: 6663
Info: Gravity RAW data:
x	y	z	
GDB->counter = 0
Info:ACC: 5.650073	-3.953735	7.065283	
Info:ACC: 5.650073	-4.106262	7.218408	
Info:ACC: 5.649475	-4.106262	7.065283	
Info:ACC: 5.649475	-4.259985	7.065283	
Info:ACC: 5.648877	-4.259985	7.065283	
Info:ACC: 5.648877	-4.413110	7.065283	
Info:ACC: 5.495154	-4.413110	7.217810	
Info:ACC: 5.495752	-4.259387	7.217810	
Info:ACC: 5.648877	-4.259387	7.065283	
Info:ACC: 5.801404	-4.413110	7.065881	
Info:ACC: 5.801404	-4.413110	7.218408	
Info:ACC: 5.494555	-4.718762	7.217810	
Info:ACC: 5.493958	-4.718762	7.218408	
Info:ACC: 5.799609	-4.872485	7.067078	
Info:ACC: 6.105261	-5.026208	6.760828	
Info:ACC: 6.257788	-5.332458	6.914551	
Info:ACC: 5.949744	-5.791833	6.759631	
Info:ACC: 5.949145	-5.793628	6.454577	
Info:ACC: 5.949744	-5.793628	6.454577	
Info:ACC: 6.101672	-6.099878	6.608301	
Info:ACC: 5.946753	-6.558655	6.606506	
Info:ACC: 5.946753	-6.251208	6.760828	
Info:ACC: 6.254199	-6.099280	6.455176	
Info:ACC: 6.101672	-5.947351	6.148328	
Info:ACC: 5.948547	-5.947949	6.300855	
Info:ACC: 6.101672	-5.946753	6.607703	
Info:ACC: 6.254797	-6.098083	6.915149	
GDB->counter = 1
Info:ACC: 6.866699	-6.098083	6.917542	
Info:ACC: 7.173547	-5.639307	6.765015	
Info:ACC: 7.175342	-5.333056	6.764417	
Info:ACC: 7.023413	-5.179334	6.917542	
Info:ACC: 7.024011	-4.873084	6.765015	
Info:ACC: 7.331458	-4.568030	6.459961	
Info:ACC: 7.485181	-4.568628	6.614282	
Info:ACC: 7.944556	-4.414905	6.768603	
Info:ACC: 7.946350	-3.494958	7.071863	
Info:ACC: 7.183716	-3.493762	6.613086	
Info:ACC: 7.795020	-3.498547	5.389880	
Info:ACC: 7.950537	-2.735913	5.237952	
Info:ACC: 8.564832	-2.428467	5.852844	
Info:ACC: 9.026001	-1.967297	6.312818	
Info:ACC: 8.568420	-1.353003	6.614881	
Info:ACC: 7.345813	-0.740503	6.151917	
Info:ACC: 7.041955	-0.284119	5.233765	
Info:ACC: 7.350000	0.172266	4.776782	
Info:ACC: 7.503723	0.171667	4.623059	
Info:ACC: 7.350598	0.169275	3.703113	
Info:ACC: 7.503723	0.320605	3.554175	
Info:ACC: 8.731714	1.543811	3.098389	
Info:ACC: 9.349597	2.768213	3.251514	
Info:ACC: 9.046936	3.534436	3.097192	
Info:ACC: 8.743078	3.992615	2.789746	
Info:ACC: 8.591150	4.145740	3.249121	
Info:TIM: 6664
Info: Gravity RAW data:
x	y	z	
GDB->counter = 0
Info:ACC: 8.743677	3.842480	4.167871	
Info:ACC: 8.283704	3.692346	4.471728	
Info:ACC: 7.823730	3.845471	4.470532	
Info:ACC: 7.518677	4.151123	4.316211	
Info:ACC: 7.366748	4.151123	4.163684	
Info:ACC: 7.671802	3.842480	3.399255	
Info:ACC: 7.823730	3.533838	2.785559	
Info:ACC: 7.363757	3.685169	2.631836	
Info:ACC: 7.516284	3.073267	2.939880	
Info:ACC: 7.972070	1.695740	2.942273	
Info:ACC: 8.885437	0.775195	1.873389	
Info:ACC: 9.495544	0.310437	0.342737	
Info:ACC: 9.034375	-0.001196	-0.578406	
Info:ACC: 8.880054	-0.461768	-0.577209	
Info:ACC: 9.644483	-0.309839	-1.032996	
Info:ACC: 10.257581	-0.463562	-1.185522	
Info:ACC: 10.103259	-0.769214	-0.574817	
Info:ACC: 9.336438	-1.073071	-0.118433	
Info:ACC: 8.876465	-0.919348	-0.119031	
Info:ACC: 9.030787	-0.308044	-0.730334	
Info:ACC: 9.187500	0.609509	-0.576611	
Info:ACC: 9.037366	1.528857	-0.117834	
Info:ACC: 9.195874	2.758643	1.262085	
Info:ACC: 9.962097	1.382312	0.651978	
Info:ACC: 9.649267	0.154919	0.494666	
Info:ACC: 8.576197	0.768018	0.952246	
Info:ACC: 8.580383	1.688562	1.259692	
GDB->counter = 1
Info:ACC: 9.193481	1.383508	1.260291	
Info:ACC: 9.039759	1.382910	1.106567	
Info:ACC: 8.886035	1.228589	1.105969	
Info:ACC: 8.733508	1.382312	1.105371	
Info:ACC: 8.580383	1.382312	0.952246	
Info:ACC: 8.732910	1.228589	0.799719	
Info:ACC: 8.732910	1.379919	0.340942	
Info:ACC: 9.039759	1.379321	0.341541	
Info:ACC: 8.886633	1.379919	0.646594	
Info:ACC: 8.580383	1.380518	0.492273	
Info:ACC: 8.580981	1.533044	0.340344	
Info:ACC: 8.887830	1.684973	0.189014	
Info:ACC: 9.500330	1.685571	0.650183	
Info:ACC: 9.500928	1.687366	0.955237	
Info:ACC: 9.194079	1.687964	0.954639	
Info:ACC: 9.194079	1.687366	0.802112	
Info:ACC: 9.347803	1.841089	1.109558	
Info:ACC: 9.807178	1.842285	1.263281	
Info:ACC: 9.807178	1.689160	1.262683	
Info:ACC: 9.500330	1.689160	1.262085	
Info:ACC: 9.500330	1.689160	1.262085	
Info:ACC: 9.347204	1.536035	1.261487	
Info:ACC: 9.346606	1.535437	1.108362	
Info:ACC: 9.347204	1.841089	0.955835	
Info:ACC: 9.654053	1.994214	0.957031	
Info:ACC: 9.961499	2.147339	1.110754	
Info:TIM: 6665
Info: Gravity RAW data:
x	y	z	
GDB->counter = 0
Info:ACC: 9.654651	1.841089	0.955237	
Info:ACC: 9.194079	1.687964	0.954639	
Info:ACC: 9.347204	1.687366	0.802710	
Info:ACC: 9.500330	1.841089	0.956433	
Info:ACC: 9.654651	1.994214	0.955835	
Info:ACC: 9.347803	1.841089	0.955237	
Info:ACC: 9.347803	1.840491	0.649585	
Info:ACC: 9.654053	1.839893	0.650183	
Info:ACC: 9.807775	1.993616	0.957031	
Info:ACC: 9.807775	1.994214	0.957031	
Info:ACC: 9.807775	2.146741	0.650183	
Info:ACC: 9.501526	1.839893	0.649585	
Info:ACC: 9.347803	1.687366	0.955237	
Info:ACC: 9.194079	1.687964	1.107166	
Info:ACC: 9.040357	1.535437	1.106567	
Info:ACC: 8.887232	1.535437	1.106567	
Info:ACC: 9.040357	1.536035	1.260291	
Info:ACC: 9.040955	1.689758	1.412817	
Info:ACC: 8.734106	1.383508	1.258496	
Info:ACC: 8.274134	1.229785	1.256702	
Info:ACC: 8.121008	1.383508	1.716675	
Info:ACC: 8.580981	1.538428	1.871594	
Info:ACC: 8.887232	1.385901	2.025317	
Info:ACC: 8.733508	1.232178	2.024121	
Info:ACC: 8.580383	1.539026	2.177844	
Info:ACC: 9.040955	1.693347	2.486487	
Info:ACC: 9.346606	1.388294	2.639612	
GDB->counter = 1
Info:ACC: 9.346008	1.388892	2.946460	
Info:ACC: 9.652857	1.695740	3.101978	
Info:ACC: 10.419678	1.849463	3.104370	
Info:ACC: 10.572803	1.850061	3.256299	
Info:ACC: 10.265955	1.543213	3.102576	
Info:ACC: 10.264758	1.390088	3.101978	
Info:ACC: 10.264758	1.389490	2.795727	
Info:ACC: 10.111633	1.388294	2.488879	
Info:ACC: 9.805384	1.387695	2.335156	
Info:ACC: 9.652258	1.386499	2.181433	
Info:ACC: 9.499133	1.386499	2.180237	
Info:ACC: 9.345410	1.233374	2.179639	
Info:ACC: 9.192286	1.233374	2.179639	
Info:ACC: 9.192286	1.233972	2.332764	
Info:ACC: 9.039160	1.233972	2.331567	
Info:ACC: 8.732312	0.928320	2.484094	
Info:ACC: 8.884839	0.928320	2.332165	
Info:ACC: 9.191089	0.927722	2.333362	
Info:ACC: 9.344213	0.773999	2.180237	
Info:ACC: 9.343616	0.773999	2.180237	
Info:ACC: 9.344213	0.927124	2.180835	
Info:ACC: 9.497937	1.080847	2.333960	
Info:ACC: 9.344812	1.081445	2.486487	
Info:ACC: 9.191687	1.082043	2.486487	
Info:ACC: 9.344812	1.234570	2.333960	
Info:ACC: 9.498535	1.233972	2.180835	
Info:TIM: 6666
Info: Gravity RAW data:
x	y	z	
GDB->counter = 0
Info:ACC: 9.498535	1.233374	2.333362	
Info:ACC: 9.192286	1.233972	2.332764	
Info:ACC: 9.039160	1.080847	2.179040	
Info:ACC: 9.038562	1.080249	2.179639	
Info:ACC: 9.345410	1.232776	2.027710	
Info:ACC: 9.498535	1.385901	2.027710	
Info:ACC: 9.499133	1.232776	2.027710	
Info:ACC: 9.345410	1.232776	2.026514	
Info:ACC: 9.192286	1.233374	2.180237	
Info:ACC: 9.499133	1.386499	2.181433	
Info:ACC: 9.652258	1.233374	2.180835	
Info:ACC: 9.498535	1.233374	2.333362	
Info:ACC: 9.345410	1.233972	2.180237	
Info:ACC: 9.345410	1.233374	2.180835	
Info:ACC: 9.499133	1.386499	2.333960	
Info:ACC: 9.499133	1.387097	2.333362	
Info:ACC: 9.345410	1.233374	2.179639	
Info:ACC: 9.192286	1.233374	2.179639	
Info:ACC: 9.192286	1.233374	2.027112	
Info:ACC: 9.345410	1.232776	2.027112	
Info:ACC: 9.498535	1.232776	2.027710	
Info:ACC: 9.498535	1.232776	2.027112	
Info:ACC: 9.192286	1.232776	2.026514	
Info:ACC: 9.345410	1.232776	2.027710	
Info:ACC: 9.498535	1.232178	1.874585	
Info:ACC: 9.498535	1.232178	1.873987	
Info:ACC: 9.345410	1.232178	1.873389	
GDB->counter = 1
Info:ACC: 9.192883	1.232178	1.873987	
Info:ACC: 9.346008	1.385303	1.873987	
Info:ACC: 9.346008	1.385303	1.873987	
Info:ACC: 9.346008	1.385303	1.720862	
Info:ACC: 9.499133	1.385303	1.874585	
Info:ACC: 9.499133	1.385303	1.874585	
Info:ACC: 9.499133	1.385303	1.873987	
Info:ACC: 9.346008	1.385303	1.874585	
Info:ACC: 9.499133	1.385303	1.874585	
Info:ACC: 9.499133	1.385303	1.874585	
Info:ACC: 9.499133	1.385303	1.874585	
Info:ACC: 9.499133	1.385303	1.874585	
Info:ACC: 9.346008	1.385303	1.873987	
Info:ACC: 9.346008	1.385901	2.027112	
Info:ACC: 9.346008	1.232776	2.026514	
Info:ACC: 9.192286	1.232776	2.026514	
Info:ACC: 9.192286	1.232776	2.179639	
Info:ACC: 9.192286	1.233374	2.179639	
Info:ACC: 9.192286	1.233374	2.179639	
Info:ACC: 9.345410	1.233374	2.027112	
Info:ACC: 9.498535	1.233374	2.180835	
Info:ACC: 9.498535	1.233374	2.180835	
Info:ACC: 9.344812	1.233374	2.027112	
Info:ACC: 9.498535	1.233374	2.180835	
Info:ACC: 9.498535	1.080249	2.180835	
Info:ACC: 9.497937	1.079651	2.028308	
Info:TIM: 6667
Info: Gravity RAW data:
x	y	z	
GDB->counter = 0
Info:ACC: 9.651660	1.233972	2.487085	
Info:ACC: 9.191687	1.082043	2.791541	
Info:ACC: 8.885437	0.930115	2.944067	
Info:ACC: 9.037964	0.929517	2.639014	
Info:ACC: 9.344812	1.082043	2.486487	
Info:ACC: 9.191687	1.082043	2.791541	
Info:ACC: 8.884839	0.930115	2.944067	
Info:ACC: 8.884241	0.929517	2.639014	
Info:ACC: 9.344213	0.928918	2.333960	
Info:ACC: 9.497339	0.927124	2.180835	
Info:ACC: 9.497339	0.927722	2.486487	
Info:ACC: 9.191089	0.928918	2.792139	
Info:ACC: 9.190491	0.776392	2.792737	
Info:ACC: 9.496740	0.776392	2.640210	
Info:ACC: 9.496740	0.775793	2.640210	
Info:ACC: 9.497339	0.928918	2.639612	
Info:ACC: 9.344213	0.775793	2.639612	
Info:ACC: 9.343616	0.622668	2.639612	
Info:ACC: 9.343018	0.622070	2.486487	
Info:ACC: 9.343616	0.775195	2.486487	
Info:ACC: 9.343616	0.775195	2.486487	
Info:ACC: 9.343616	0.774597	2.333362	
Info:ACC: 9.343616	0.773999	2.180237	
Info:ACC: 9.344213	0.927124	2.486487	
Info:ACC: 9.344213	0.775793	2.639612	
Info:ACC: 9.190491	0.775793	2.639014	
Info:ACC: 9.190491	0.776392	2.639014	
GDB->counter = 1
Info:ACC: 9.190491	0.775793	2.486487	
Info:ACC: 9.496740	0.928320	2.333960	
Info:ACC: 9.496740	0.775195	2.487085	
Info:ACC: 9.496740	0.775195	2.487085	
Info:ACC: 9.496740	0.775195	2.486487	
Info:ACC: 9.343616	0.775195	2.333362	
Info:ACC: 9.496740	0.927722	2.333960	
Info:ACC: 9.344213	0.927124	2.180237	
Info:ACC: 9.343616	0.774597	2.333362	
Info:ACC: 9.343616	0.774597	2.485889	
Info:ACC: 9.343616	0.928320	2.486487	
Info:ACC: 9.344213	0.927722	2.333960	
Info:ACC: 9.497339	0.927722	2.333960	
Info:ACC: 9.497339	0.927124	2.180835	
Info:ACC: 9.497339	0.927124	2.180835	
Info:ACC: 9.496740	0.773999	2.180835	
Info:ACC: 9.496740	0.773999	2.180237	
Info:ACC: 9.343616	0.773999	2.180835	
Info:ACC: 9.496740	0.773999	2.180835	
Info:ACC: 9.496740	0.773401	2.027710	
Info:ACC: 9.649866	0.772803	1.875183	
Info:ACC: 9.649866	0.772803	1.875183	
Info:ACC: 9.649866	0.773401	2.027710	
Info:ACC: 9.649866	0.773999	2.028906	
Info:ACC: 9.956116	0.773401	2.030102	
Info:ACC: 10.262964	0.926526	2.031299	
info: :set_lcd_on:6675440:294: set lcd?
info: :set_lcd_on:6675440:297: set lcd on
info: :ILI9163C_CommInit:6675595:820: ILI9163C_CommInit ok
info: :tp_exit_sleep:6675625:185: tp_exit_sleep
info: :get_service_queue:6675625:133: get sema for service queue
info: :show_step:6675737:351: show_step 410.
Info:TIM: 6668
Info: Gravity RAW data:
x	y	z	
GDB->counter = 0
Info:ACC: 10.415491	0.773999	2.337549	
Info:ACC: 10.415491	0.775195	2.948853	
Info:ACC: 9.649267	0.472534	3.864014	
Info:ACC: 8.576795	0.322400	4.471728	
Info:ACC: 7.503723	0.019141	5.233765	
Info:ACC: 6.737500	-0.130994	6.150122	
Info:ACC: 6.277527	0.025122	6.912158	
Info:ACC: 4.900598	0.334961	7.826721	
Info:ACC: 3.829919	0.491675	8.740686	
Info:ACC: 2.758044	0.494666	9.197668	
Info:ACC: 2.605518	0.648389	9.045141	
Info:ACC: 2.759241	0.954041	9.198267	
Info:ACC: 2.607312	1.260889	9.503321	
Info:ACC: 2.149133	1.568933	9.807775	
Info:ACC: 2.149731	1.417004	9.809570	
Info:ACC: 2.914160	1.110156	9.507507	
Info:ACC: 3.985437	1.107764	8.746069	
Info:ACC: 5.211035	1.256702	7.678381	
Info:ACC: 5.977258	1.406238	6.914551	
Info:ACC: 6.283508	1.249524	5.691943	
Info:ACC: 7.354187	1.091614	4.471130	
Info:ACC: 8.271741	0.627454	3.249719	
Info:ACC: 9.341822	0.163293	2.335156	
Info:ACC: 10.107447	0.467749	2.336353	
Info:ACC: 10.108045	0.315222	2.336353	
Info:ACC: 10.106848	0.160901	1.723853	
Info:ACC: 10.106848	0.311035	0.804504	
GDB->counter = 1
Info:ACC: 10.413696	0.611902	-0.570630	
Info:ACC: 10.721741	1.069482	-0.570630	
Info:ACC: 10.569214	1.070081	-0.418701	
Info:ACC: 10.263562	1.070081	-0.573022	
Info:ACC: 9.803589	0.915759	-0.728540	
Info:ACC: 9.343616	0.915759	-0.729736	
Info:ACC: 9.190491	1.069482	-0.424084	
Info:ACC: 9.038562	1.224402	0.035291	
Info:ACC: 9.038562	1.072473	0.342139	
Info:ACC: 9.191687	1.073071	0.189612	
Info:ACC: 9.497937	1.071875	-0.116040	
Info:ACC: 9.498535	1.377527	-0.116040	
Info:ACC: 9.499133	1.378125	0.037085	
Info:ACC: 9.499133	1.378723	0.190210	
Info:ACC: 9.651660	1.226196	0.343933	
Info:ACC: 9.651660	1.226196	0.191406	
Info:ACC: 9.804785	1.225598	0.191406	
Info:ACC: 9.804785	1.225598	0.191406	
Info:ACC: 9.804785	1.378723	0.191406	
Info:ACC: 9.805384	1.379321	0.497058	
Info:ACC: 9.651660	1.226794	0.343933	
Info:ACC: 9.498535	1.225598	0.037085	
Info:ACC: 9.651660	1.225000	0.037683	
Info:ACC: 9.804785	1.378125	0.191406	
Info:ACC: 9.805384	1.378723	0.191406	
Info:ACC: 9.652258	1.379321	0.343335	
Info:TIM: 6669
Info: Gravity RAW data:
x	y	z	
GDB->counter = 0
Info:ACC: 9.344812	1.073071	0.189612	
Info:ACC: 9.497937	1.225598	0.190210	
Info:ACC: 9.498535	1.225598	0.190210	
Info:ACC: 9.498535	1.226196	0.343335	
Info:ACC: 9.345410	1.226794	0.495862	
Info:ACC: 9.345410	1.226196	0.342737	
Info:ACC: 9.498535	1.226196	0.343335	
Info:ACC: 9.498535	1.379321	0.497058	
Info:ACC: 9.651660	1.226794	0.343933	
Info:ACC: 9.498535	1.226794	0.496460	
Info:ACC: 9.498535	1.226794	0.496460	
Info:ACC: 9.498535	1.226794	0.496460	
Info:ACC: 9.498535	1.226794	0.497058	
Info:ACC: 9.651660	1.226794	0.497058	
Info:ACC: 9.651660	1.227393	0.497058	
Info:ACC: 9.498535	1.226794	0.497058	
Info:ACC: 9.651660	1.226794	0.497058	
Info:ACC: 9.498535	1.226794	0.496460	
Info:ACC: 9.498535	1.227393	0.496460	
Info:ACC: 9.498535	1.226794	0.649585	
Info:ACC: 9.498535	1.380518	0.650183	
Info:ACC: 9.652258	1.227393	0.650183	
Info:ACC: 9.651660	1.227393	0.649585	
Info:ACC: 9.498535	1.226794	0.496460	
Info:ACC: 9.498535	1.226794	0.496460	
Info:ACC: 9.651660	1.379919	0.650183	
Info:ACC: 9.651660	1.227393	0.650183	
GDB->counter = 1
Info:ACC: 9.498535	1.227393	0.649585	
Info:ACC: 9.498535	1.380518	0.496460	
Info:ACC: 9.499133	1.379919	0.496460	
Info:ACC: 9.499133	1.226794	0.650183	
Info:ACC: 9.651660	1.227393	0.497058	
Info:ACC: 9.498535	1.226794	0.496460	
Info:ACC: 9.498535	1.227393	0.496460	
Info:ACC: 9.498535	1.226794	0.496460	
Info:ACC: 9.651660	1.226794	0.497058	
Info:ACC: 9.651660	1.226794	0.496460	
Info:ACC: 9.498535	1.226794	0.496460	
Info:ACC: 9.498535	1.226794	0.496460	
Info:ACC: 9.651660	1.227393	0.650183	
Info:ACC: 9.651660	1.380518	0.650183	
Info:ACC: 9.652258	1.227393	0.649585	
Info:ACC: 9.498535	1.227393	0.497058	
Info:ACC: 9.652258	1.379919	0.650183	
Info:ACC: 9.652258	1.380518	0.650183	
Info:ACC: 9.499133	1.380518	0.649585	
Info:ACC: 9.499133	1.379919	0.497058	
Info:ACC: 9.652258	1.533643	0.650183	
Info:ACC: 9.652857	1.381116	0.803308	
Info:ACC: 9.652857	1.534241	0.650781	
Info:ACC: 9.806580	1.687366	0.803906	
Info:ACC: 9.654053	1.840491	0.803308	
Info:ACC: 9.501526	1.994214	0.955835	
Info:TIM: 6670
Info: Gravity RAW data:
x	y	z	
GDB->counter = 0
Info:ACC: 9.195276	1.841089	0.801514	
Info:ACC: 9.041553	1.840491	0.800916	
Info:ACC: 8.888428	1.840491	0.800916	
Info:ACC: 9.041553	1.840491	0.801514	
Info:ACC: 9.347204	1.687366	0.802112	
Info:ACC: 9.347204	1.687366	0.802710	
Info:ACC: 9.500330	1.687366	0.802710	
Info:ACC: 9.500330	1.687366	0.802710	
Info:ACC: 9.499731	1.534241	0.802112	
Info:ACC: 9.039759	1.381116	0.800317	
Info:ACC: 8.733508	1.381116	0.799121	
Info:ACC: 8.580383	1.227393	0.493469	
Info:ACC: 9.039160	1.073071	0.342139	
Info:ACC: 9.344812	0.919946	0.342737	
Info:ACC: 9.191089	0.920544	0.495264	
Info:ACC: 9.037366	0.767419	0.342139	
Info:ACC: 9.343018	0.613098	0.190808	
Info:ACC: 9.803589	1.073071	0.498254	
Info:ACC: 9.958508	1.380518	0.804504	
Info:ACC: 9.958508	1.381116	0.804504	
Info:ACC: 9.958508	1.074268	0.498254	
Info:ACC: 9.803589	0.613696	0.343933	
Info:ACC: 9.495544	0.460571	0.495862	
Info:ACC: 9.188696	0.308044	0.495264	
Info:ACC: 9.341822	0.460571	0.343335	
Info:ACC: 9.648669	0.613098	0.191406	
Info:ACC: 9.802991	0.919348	0.344531	
GDB->counter = 1
Info:ACC: 9.958508	1.533643	0.498853	
Info:ACC: 10.111035	0.766223	-0.114246	
Info:ACC: 9.802393	0.764429	-0.267969	
Info:ACC: 9.956116	1.070081	-0.420496	
Info:ACC: 9.803589	0.916956	-0.268567	
Info:ACC: 9.496740	0.764429	-0.269165	
Info:ACC: 9.495544	0.458179	-0.268567	
Info:ACC: 9.648669	0.611304	-0.268567	
Info:ACC: 9.649267	0.918152	0.037683	
Info:ACC: 9.650464	0.918750	0.190808	
Info:ACC: 9.649866	0.766223	0.190808	
Info:ACC: 9.649267	0.612500	0.037683	
Info:ACC: 9.802393	0.613098	0.191406	
Info:ACC: 9.802393	0.766223	0.344531	
Info:ACC: 9.802991	0.766821	0.344531	
Info:ACC: 9.802991	0.766223	0.190808	
Info:ACC: 9.649866	0.918750	0.037085	
Info:ACC: 9.497339	1.224402	-0.116040	
Info:ACC: 9.651062	1.224402	-0.115442	
Info:ACC: 9.651062	1.224402	0.037085	
Info:ACC: 9.344213	0.612500	0.189612	
Info:ACC: 9.342420	0.459973	0.189612	
Info:ACC: 9.341822	0.306250	0.037085	
Info:ACC: 9.648071	0.459375	-0.115442	
Info:ACC: 9.648669	0.459375	0.037683	
Info:ACC: 9.495544	0.459973	0.343335	
Info:TIM: 6671
Info: Gravity RAW data:
x	y	z	
GDB->counter = 0
Info:ACC: 9.188696	0.307446	0.342737	
Info:ACC: 9.341822	0.307446	0.343335	
Info:ACC: 9.648071	0.307446	0.343933	
Info:ACC: 9.648071	0.307446	0.343933	
Info:ACC: 9.647473	0.154321	0.497058	
Info:ACC: 9.647473	0.154919	0.497058	
Info:ACC: 9.647473	0.154919	0.497058	
Info:ACC: 9.647473	0.154919	0.497058	
Info:ACC: 9.648071	0.308044	0.650781	
Info:ACC: 9.801196	0.308643	0.650781	
Info:ACC: 9.648071	0.308643	0.803308	
Info:ACC: 9.648071	0.309241	0.803308	
Info:ACC: 9.648669	0.462366	0.803308	
Info:ACC: 9.648669	0.462366	0.803308	
Info:ACC: 9.648669	0.461768	0.650183	
Info:ACC: 9.495544	0.461768	0.649585	
Info:ACC: 9.495544	0.461768	0.649585	
Info:ACC: 9.494946	0.308643	0.649585	
Info:ACC: 9.494946	0.308643	0.649585	
Info:ACC: 9.494946	0.308044	0.496460	
Info:ACC: 9.494946	0.308044	0.343933	
Info:ACC: 9.648071	0.308044	0.497058	
Info:ACC: 9.648071	0.308044	0.650183	
Info:ACC: 9.648071	0.308643	0.650183	
Info:ACC: 9.648071	0.308643	0.650183	
Info:ACC: 9.648071	0.308044	0.497058	
Info:ACC: 9.648071	0.308643	0.650183	
GDB->counter = 1
Info:ACC: 9.648071	0.308643	0.803308	
Info:ACC: 9.648071	0.156116	0.803308	
Info:ACC: 9.647473	0.002991	0.650183	
Info:ACC: 9.647473	0.155518	0.649585	
Info:ACC: 9.494349	0.308643	0.649585	
Info:ACC: 9.494946	0.154919	0.496460	
Info:ACC: 9.647473	0.155518	0.650183	
Info:ACC: 9.647473	0.002991	0.803308	
Info:ACC: 9.646875	0.002991	0.803308	
Info:ACC: 9.646875	0.002991	0.649585	
Info:ACC: 9.493750	0.155518	0.649585	
Info:ACC: 9.494349	0.155518	0.650183	
Info:ACC: 9.646875	0.002393	0.650183	
Info:ACC: 9.646875	0.002991	0.803308	
Info:ACC: 9.494349	0.156116	0.802710	
Info:ACC: 9.341223	0.156714	0.802710	
Info:ACC: 9.494349	0.156116	0.802710	
Info:ACC: 9.494946	0.156116	0.802710	
Info:ACC: 9.494349	0.156116	0.649585	
Info:ACC: 9.494946	0.308643	0.649585	
Info:ACC: 9.648669	0.461768	0.803308	
Info:ACC: 9.648669	0.462964	0.956433	
Info:ACC: 9.648071	0.309839	0.956433	
Info:ACC: 9.648071	0.309839	0.802710	
Info:ACC: 9.494946	0.309241	0.803308	
Info:ACC: 9.648071	0.309241	0.803308	
Info:TIM: 6672
Info: Gravity RAW data:
x	y	z	
GDB->counter = 0
Info:ACC: 9.648071	0.309839	0.956433	
Info:ACC: 9.647473	0.156714	0.803308	
Info:ACC: 9.648071	0.156714	0.956433	
Info:ACC: 9.647473	0.156714	0.956433	
Info:ACC: 9.647473	0.156714	0.956433	
Info:ACC: 9.647473	0.156714	0.955835	
Info:ACC: 9.494349	0.156714	0.955835	
Info:ACC: 9.647473	0.309839	0.956433	
Info:ACC: 9.648071	0.156714	0.956433	
Info:ACC: 9.494349	0.157312	1.108960	
Info:ACC: 9.494349	0.156714	0.955835	
Info:ACC: 9.494349	0.156714	0.955835	
Info:ACC: 9.494349	0.156714	0.955835	
Info:ACC: 9.494349	0.156714	0.955835	
Info:ACC: 9.493750	0.003589	0.955835	
Info:ACC: 9.493750	0.003589	0.955835	
Info:ACC: 9.646875	0.002991	0.803308	
Info:ACC: 9.646875	0.002991	0.803906	
Info:ACC: 9.800598	0.003589	0.956433	
Info:ACC: 9.800000	0.003589	0.957031	
Info:ACC: 9.800000	0.003589	0.957031	
Info:ACC: 9.800598	0.157312	1.110156	
Info:ACC: 9.800598	0.157312	0.957031	
Info:ACC: 9.800598	0.156714	0.957031	
Info:ACC: 9.800598	0.004187	1.109558	
Info:ACC: 9.646875	0.003589	1.109558	
Info:ACC: 9.646875	0.004187	1.108960	
GDB->counter = 1
Info:ACC: 9.647473	0.157312	1.109558	
Info:ACC: 9.647473	0.004187	1.262085	
Info:ACC: 9.493750	0.004785	1.108960	
Info:ACC: 9.493750	0.004187	1.108960	
Info:ACC: 9.493750	0.004187	1.108960	
Info:ACC: 9.493750	0.004187	1.108960	
Info:ACC: 9.646875	0.157312	1.109558	
Info:ACC: 9.647473	0.157312	1.109558	
Info:ACC: 9.493750	0.004187	1.108960	
Info:ACC: 9.493750	0.004187	1.108960	
Info:ACC: 9.494349	0.157312	1.108960	
Info:ACC: 9.647473	0.157312	1.109558	
Info:ACC: 9.647473	0.157312	1.109558	
Info:ACC: 9.647473	0.157312	1.109558	
Info:ACC: 9.494349	0.157312	1.108960	
Info:ACC: 9.494349	0.157312	1.108960	
Info:ACC: 9.647473	0.157312	1.109558	
Info:ACC: 9.648071	0.311035	1.262683	
Info:ACC: 9.647473	0.157312	1.109558	
Info:ACC: 9.647473	0.157312	1.108960	
Info:ACC: 9.493750	0.004187	1.108960	
Info:ACC: 9.493750	0.004785	1.262085	
Info:ACC: 9.493750	0.004785	1.262085	
Info:ACC: 9.493750	0.004785	1.109558	
Info:ACC: 9.646875	0.004785	1.262683	
Info:ACC: 9.647473	0.157910	1.262683	
