5.650073	-3.953735	7.065283	
5.650073	-4.106262	7.218408	
5.649475	-4.106262	7.065283	
5.649475	-4.259985	7.065283	
5.648877	-4.259985	7.065283	
5.648877	-4.413110	7.065283	
5.495154	-4.413110	7.217810	
5.495752	-4.259387	7.217810	
5.648877	-4.259387	7.065283	
5.801404	-4.413110	7.065881	
5.801404	-4.413110	7.218408	
5.494555	-4.718762	7.217810	
5.493958	-4.718762	7.218408	
5.799609	-4.872485	7.067078	
6.105261	-5.026208	6.760828	
6.257788	-5.332458	6.914551	
5.949744	-5.791833	6.759631	
5.949145	-5.793628	6.454577	
5.949744	-5.793628	6.454577	
6.101672	-6.099878	6.608301	
5.946753	-6.558655	6.606506	
5.946753	-6.251208	6.760828	
6.254199	-6.099280	6.455176	
6.101672	-5.947351	6.148328	
5.948547	-5.947949	6.300855	
6.101672	-5.946753	6.607703	
6.254797	-6.098083	6.915149	
6.866699	-6.098083	6.917542	
7.173547	-5.639307	6.765015	
7.175342	-5.333056	6.764417	
7.023413	-5.179334	6.917542	
7.024011	-4.873084	6.765015	
7.331458	-4.568030	6.459961	
7.485181	-4.568628	6.614282	
7.944556	-4.414905	6.768603	
7.946350	-3.494958	7.071863	
7.183716	-3.493762	6.613086	
7.795020	-3.498547	5.389880	
7.950537	-2.735913	5.237952	
8.564832	-2.428467	5.852844	
9.026001	-1.967297	6.312818	
8.568420	-1.353003	6.614881	
7.345813	-0.740503	6.151917	
7.041955	-0.284119	5.233765	
7.350000	0.172266	4.776782	
7.503723	0.171667	4.623059	
7.350598	0.169275	3.703113	
7.503723	0.320605	3.554175	
8.731714	1.543811	3.098389	
9.349597	2.768213	3.251514	
9.046936	3.534436	3.097192	
8.743078	3.992615	2.789746	
8.591150	4.145740	3.249121	
8.743677	3.842480	4.167871	
8.283704	3.692346	4.471728	
7.823730	3.845471	4.470532	
7.518677	4.151123	4.316211	
7.366748	4.151123	4.163684	
7.671802	3.842480	3.399255	
7.823730	3.533838	2.785559	
7.363757	3.685169	2.631836	
7.516284	3.073267	2.939880	
7.972070	1.695740	2.942273	
8.885437	0.775195	1.873389	
9.495544	0.310437	0.342737	
9.034375	-0.001196	-0.578406	
8.880054	-0.461768	-0.577209	
9.644483	-0.309839	-1.032996	
10.257581	-0.463562	-1.185522	
10.103259	-0.769214	-0.574817	
9.336438	-1.073071	-0.118433	
8.876465	-0.919348	-0.119031	
9.030787	-0.308044	-0.730334	
9.187500	0.609509	-0.576611	
9.037366	1.528857	-0.117834	
9.195874	2.758643	1.262085	
9.962097	1.382312	0.651978	
9.649267	0.154919	0.494666	
8.576197	0.768018	0.952246	
8.580383	1.688562	1.259692	
9.193481	1.383508	1.260291	
9.039759	1.382910	1.106567	
8.886035	1.228589	1.105969	
8.733508	1.382312	1.105371	
8.580383	1.382312	0.952246	
8.732910	1.228589	0.799719	
8.732910	1.379919	0.340942	
9.039759	1.379321	0.341541	
8.886633	1.379919	0.646594	
8.580383	1.380518	0.492273	
8.580981	1.533044	0.340344	
8.887830	1.684973	0.189014	
9.500330	1.685571	0.650183	
9.500928	1.687366	0.955237	
9.194079	1.687964	0.954639	
9.194079	1.687366	0.802112	
9.347803	1.841089	1.109558	
9.807178	1.842285	1.263281	
9.807178	1.689160	1.262683	
9.500330	1.689160	1.262085	
9.500330	1.689160	1.262085	
9.347204	1.536035	1.261487	
9.346606	1.535437	1.108362	
9.347204	1.841089	0.955835	
9.654053	1.994214	0.957031	
9.961499	2.147339	1.110754	
9.654651	1.841089	0.955237	
9.194079	1.687964	0.954639	
9.347204	1.687366	0.802710	
9.500330	1.841089	0.956433	
9.654651	1.994214	0.955835	
9.347803	1.841089	0.955237	
9.347803	1.840491	0.649585	
9.654053	1.839893	0.650183	
9.807775	1.993616	0.957031	
9.807775	1.994214	0.957031	
9.807775	2.146741	0.650183	
9.501526	1.839893	0.649585	
9.347803	1.687366	0.955237	
9.194079	1.687964	1.107166	
9.040357	1.535437	1.106567	
8.887232	1.535437	1.106567	
9.040357	1.536035	1.260291	
9.040955	1.689758	1.412817	
8.734106	1.383508	1.258496	
8.274134	1.229785	1.256702	
8.121008	1.383508	1.716675	
8.580981	1.538428	1.871594	
8.887232	1.385901	2.025317	
8.733508	1.232178	2.024121	
8.580383	1.539026	2.177844	
9.040955	1.693347	2.486487	
9.346606	1.388294	2.639612	
9.346008	1.388892	2.946460	
9.652857	1.695740	3.101978	
10.419678	1.849463	3.104370	
10.572803	1.850061	3.256299	
10.265955	1.543213	3.102576	
10.264758	1.390088	3.101978	
10.264758	1.389490	2.795727	
10.111633	1.388294	2.488879	
9.805384	1.387695	2.335156	
9.652258	1.386499	2.181433	
9.499133	1.386499	2.180237	
9.345410	1.233374	2.179639	
9.192286	1.233374	2.179639	
9.192286	1.233972	2.332764	
9.039160	1.233972	2.331567	
8.732312	0.928320	2.484094	
8.884839	0.928320	2.332165	
9.191089	0.927722	2.333362	
9.344213	0.773999	2.180237	
9.343616	0.773999	2.180237	
9.344213	0.927124	2.180835	
9.497937	1.080847	2.333960	
9.344812	1.081445	2.486487	
9.191687	1.082043	2.486487	
9.344812	1.234570	2.333960	
9.498535	1.233972	2.180835	
9.498535	1.233374	2.333362	
9.192286	1.233972	2.332764	
9.039160	1.080847	2.179040	
9.038562	1.080249	2.179639	
9.345410	1.232776	2.027710	
9.498535	1.385901	2.027710	
9.499133	1.232776	2.027710	
9.345410	1.232776	2.026514	
9.192286	1.233374	2.180237	
9.499133	1.386499	2.181433	
9.652258	1.233374	2.180835	
9.498535	1.233374	2.333362	
9.345410	1.233972	2.180237	
9.345410	1.233374	2.180835	
9.499133	1.386499	2.333960	
9.499133	1.387097	2.333362	
9.345410	1.233374	2.179639	
9.192286	1.233374	2.179639	
9.192286	1.233374	2.027112	
9.345410	1.232776	2.027112	
9.498535	1.232776	2.027710	
9.498535	1.232776	2.027112	
9.192286	1.232776	2.026514	
9.345410	1.232776	2.027710	
9.498535	1.232178	1.874585	
9.498535	1.232178	1.873987	
9.345410	1.232178	1.873389	
9.192883	1.232178	1.873987	
9.346008	1.385303	1.873987	
9.346008	1.385303	1.873987	
9.346008	1.385303	1.720862	
9.499133	1.385303	1.874585	
9.499133	1.385303	1.874585	
9.499133	1.385303	1.873987	
9.346008	1.385303	1.874585	
9.499133	1.385303	1.874585	
9.499133	1.385303	1.874585	
9.499133	1.385303	1.874585	
9.499133	1.385303	1.874585	
9.346008	1.385303	1.873987	
9.346008	1.385901	2.027112	
9.346008	1.232776	2.026514	
9.192286	1.232776	2.026514	
9.192286	1.232776	2.179639	
9.192286	1.233374	2.179639	
9.192286	1.233374	2.179639	
9.345410	1.233374	2.027112	
9.498535	1.233374	2.180835	
9.498535	1.233374	2.180835	
9.344812	1.233374	2.027112	
9.498535	1.233374	2.180835	
9.498535	1.080249	2.180835	
9.497937	1.079651	2.028308	
9.651660	1.233972	2.487085	
9.191687	1.082043	2.791541	
8.885437	0.930115	2.944067	
9.037964	0.929517	2.639014	
9.344812	1.082043	2.486487	
9.191687	1.082043	2.791541	
8.884839	0.930115	2.944067	
8.884241	0.929517	2.639014	
9.344213	0.928918	2.333960	
9.497339	0.927124	2.180835	
9.497339	0.927722	2.486487	
9.191089	0.928918	2.792139	
9.190491	0.776392	2.792737	
9.496740	0.776392	2.640210	
9.496740	0.775793	2.640210	
9.497339	0.928918	2.639612	
9.344213	0.775793	2.639612	
9.343616	0.622668	2.639612	
9.343018	0.622070	2.486487	
9.343616	0.775195	2.486487	
9.343616	0.775195	2.486487	
9.343616	0.774597	2.333362	
9.343616	0.773999	2.180237	
9.344213	0.927124	2.486487	
9.344213	0.775793	2.639612	
9.190491	0.775793	2.639014	
9.190491	0.776392	2.639014	
9.190491	0.775793	2.486487	
9.496740	0.928320	2.333960	
9.496740	0.775195	2.487085	
9.496740	0.775195	2.487085	
9.496740	0.775195	2.486487	
9.343616	0.775195	2.333362	
9.496740	0.927722	2.333960	
9.344213	0.927124	2.180237	
9.343616	0.774597	2.333362	
9.343616	0.774597	2.485889	
9.343616	0.928320	2.486487	
9.344213	0.927722	2.333960	
9.497339	0.927722	2.333960	
9.497339	0.927124	2.180835	
9.497339	0.927124	2.180835	
9.496740	0.773999	2.180835	
9.496740	0.773999	2.180237	
9.343616	0.773999	2.180835	
9.496740	0.773999	2.180835	
9.496740	0.773401	2.027710	
9.649866	0.772803	1.875183	
9.649866	0.772803	1.875183	
9.649866	0.773401	2.027710	
9.649866	0.773999	2.028906	
9.956116	0.773401	2.030102	
10.262964	0.926526	2.031299	
10.415491	0.773999	2.337549	
10.415491	0.775195	2.948853	
9.649267	0.472534	3.864014	
8.576795	0.322400	4.471728	
7.503723	0.019141	5.233765	
6.737500	-0.130994	6.150122	
6.277527	0.025122	6.912158	
4.900598	0.334961	7.826721	
3.829919	0.491675	8.740686	
2.758044	0.494666	9.197668	
2.605518	0.648389	9.045141	
2.759241	0.954041	9.198267	
2.607312	1.260889	9.503321	
2.149133	1.568933	9.807775	
2.149731	1.417004	9.809570	
2.914160	1.110156	9.507507	
3.985437	1.107764	8.746069	
5.211035	1.256702	7.678381	
5.977258	1.406238	6.914551	
6.283508	1.249524	5.691943	
7.354187	1.091614	4.471130	
8.271741	0.627454	3.249719	
9.341822	0.163293	2.335156	
10.107447	0.467749	2.336353	
10.108045	0.315222	2.336353	
10.106848	0.160901	1.723853	
10.106848	0.311035	0.804504	
10.413696	0.611902	-0.570630	
10.721741	1.069482	-0.570630	
10.569214	1.070081	-0.418701	
10.263562	1.070081	-0.573022	
9.803589	0.915759	-0.728540	
9.343616	0.915759	-0.729736	
9.190491	1.069482	-0.424084	
9.038562	1.224402	0.035291	
9.038562	1.072473	0.342139	
9.191687	1.073071	0.189612	
9.497937	1.071875	-0.116040	
9.498535	1.377527	-0.116040	
9.499133	1.378125	0.037085	
9.499133	1.378723	0.190210	
9.651660	1.226196	0.343933	
9.651660	1.226196	0.191406	
9.804785	1.225598	0.191406	
9.804785	1.225598	0.191406	
9.804785	1.378723	0.191406	
9.805384	1.379321	0.497058	
9.651660	1.226794	0.343933	
9.498535	1.225598	0.037085	
9.651660	1.225000	0.037683	
9.804785	1.378125	0.191406	
9.805384	1.378723	0.191406	
9.652258	1.379321	0.343335	
9.344812	1.073071	0.189612	
9.497937	1.225598	0.190210	
9.498535	1.225598	0.190210	
9.498535	1.226196	0.343335	
9.345410	1.226794	0.495862	
9.345410	1.226196	0.342737	
9.498535	1.226196	0.343335	
9.498535	1.379321	0.497058	
9.651660	1.226794	0.343933	
9.498535	1.226794	0.496460	
9.498535	1.226794	0.496460	
9.498535	1.226794	0.496460	
9.498535	1.226794	0.497058	
9.651660	1.226794	0.497058	
9.651660	1.227393	0.497058	
9.498535	1.226794	0.497058	
9.651660	1.226794	0.497058	
9.498535	1.226794	0.496460	
9.498535	1.227393	0.496460	
9.498535	1.226794	0.649585	
9.498535	1.380518	0.650183	
9.652258	1.227393	0.650183	
9.651660	1.227393	0.649585	
9.498535	1.226794	0.496460	
9.498535	1.226794	0.496460	
9.651660	1.379919	0.650183	
9.651660	1.227393	0.650183	
9.498535	1.227393	0.649585	
9.498535	1.380518	0.496460	
9.499133	1.379919	0.496460	
9.499133	1.226794	0.650183	
9.651660	1.227393	0.497058	
9.498535	1.226794	0.496460	
9.498535	1.227393	0.496460	
9.498535	1.226794	0.496460	
9.651660	1.226794	0.497058	
9.651660	1.226794	0.496460	
9.498535	1.226794	0.496460	
9.498535	1.226794	0.496460	
9.651660	1.227393	0.650183	
9.651660	1.380518	0.650183	
9.652258	1.227393	0.649585	
9.498535	1.227393	0.497058	
9.652258	1.379919	0.650183	
9.652258	1.380518	0.650183	
9.499133	1.380518	0.649585	
9.499133	1.379919	0.497058	
9.652258	1.533643	0.650183	
9.652857	1.381116	0.803308	
9.652857	1.534241	0.650781	
9.806580	1.687366	0.803906	
9.654053	1.840491	0.803308	
9.501526	1.994214	0.955835	
9.195276	1.841089	0.801514	
9.041553	1.840491	0.800916	
8.888428	1.840491	0.800916	
9.041553	1.840491	0.801514	
9.347204	1.687366	0.802112	
9.347204	1.687366	0.802710	
9.500330	1.687366	0.802710	
9.500330	1.687366	0.802710	
9.499731	1.534241	0.802112	
9.039759	1.381116	0.800317	
8.733508	1.381116	0.799121	
8.580383	1.227393	0.493469	
9.039160	1.073071	0.342139	
9.344812	0.919946	0.342737	
9.191089	0.920544	0.495264	
9.037366	0.767419	0.342139	
9.343018	0.613098	0.190808	
9.803589	1.073071	0.498254	
9.958508	1.380518	0.804504	
9.958508	1.381116	0.804504	
9.958508	1.074268	0.498254	
9.803589	0.613696	0.343933	
9.495544	0.460571	0.495862	
9.188696	0.308044	0.495264	
9.341822	0.460571	0.343335	
9.648669	0.613098	0.191406	
9.802991	0.919348	0.344531	
9.958508	1.533643	0.498853	
10.111035	0.766223	-0.114246	
9.802393	0.764429	-0.267969	
9.956116	1.070081	-0.420496	
9.803589	0.916956	-0.268567	
9.496740	0.764429	-0.269165	
9.495544	0.458179	-0.268567	
9.648669	0.611304	-0.268567	
9.649267	0.918152	0.037683	
9.650464	0.918750	0.190808	
9.649866	0.766223	0.190808	
9.649267	0.612500	0.037683	
9.802393	0.613098	0.191406	
9.802393	0.766223	0.344531	
9.802991	0.766821	0.344531	
9.802991	0.766223	0.190808	
9.649866	0.918750	0.037085	
9.497339	1.224402	-0.116040	
9.651062	1.224402	-0.115442	
9.651062	1.224402	0.037085	
9.344213	0.612500	0.189612	
9.342420	0.459973	0.189612	
9.341822	0.306250	0.037085	
9.648071	0.459375	-0.115442	
9.648669	0.459375	0.037683	
9.495544	0.459973	0.343335	
9.188696	0.307446	0.342737	
9.341822	0.307446	0.343335	
9.648071	0.307446	0.343933	
9.648071	0.307446	0.343933	
9.647473	0.154321	0.497058	
9.647473	0.154919	0.497058	
9.647473	0.154919	0.497058	
9.647473	0.154919	0.497058	
9.648071	0.308044	0.650781	
9.801196	0.308643	0.650781	
9.648071	0.308643	0.803308	
9.648071	0.309241	0.803308	
9.648669	0.462366	0.803308	
9.648669	0.462366	0.803308	
9.648669	0.461768	0.650183	
9.495544	0.461768	0.649585	
9.495544	0.461768	0.649585	
9.494946	0.308643	0.649585	
9.494946	0.308643	0.649585	
9.494946	0.308044	0.496460	
9.494946	0.308044	0.343933	
9.648071	0.308044	0.497058	
9.648071	0.308044	0.650183	
9.648071	0.308643	0.650183	
9.648071	0.308643	0.650183	
9.648071	0.308044	0.497058	
9.648071	0.308643	0.650183	
9.648071	0.308643	0.803308	
9.648071	0.156116	0.803308	
9.647473	0.002991	0.650183	
9.647473	0.155518	0.649585	
9.494349	0.308643	0.649585	
9.494946	0.154919	0.496460	
9.647473	0.155518	0.650183	
9.647473	0.002991	0.803308	
9.646875	0.002991	0.803308	
9.646875	0.002991	0.649585	
9.493750	0.155518	0.649585	
9.494349	0.155518	0.650183	
9.646875	0.002393	0.650183	
9.646875	0.002991	0.803308	
9.494349	0.156116	0.802710	
9.341223	0.156714	0.802710	
9.494349	0.156116	0.802710	
9.494946	0.156116	0.802710	
9.494349	0.156116	0.649585	
9.494946	0.308643	0.649585	
9.648669	0.461768	0.803308	
9.648669	0.462964	0.956433	
9.648071	0.309839	0.956433	
9.648071	0.309839	0.802710	
9.494946	0.309241	0.803308	
9.648071	0.309241	0.803308	
9.648071	0.309839	0.956433	
9.647473	0.156714	0.803308	
9.648071	0.156714	0.956433	
9.647473	0.156714	0.956433	
9.647473	0.156714	0.956433	
9.647473	0.156714	0.955835	
9.494349	0.156714	0.955835	
9.647473	0.309839	0.956433	
9.648071	0.156714	0.956433	
9.494349	0.157312	1.108960	
9.494349	0.156714	0.955835	
9.494349	0.156714	0.955835	
9.494349	0.156714	0.955835	
9.494349	0.156714	0.955835	
9.493750	0.003589	0.955835	
9.493750	0.003589	0.955835	
9.646875	0.002991	0.803308	
9.646875	0.002991	0.803906	
9.800598	0.003589	0.956433	
9.800000	0.003589	0.957031	
9.800000	0.003589	0.957031	
9.800598	0.157312	1.110156	
9.800598	0.157312	0.957031	
9.800598	0.156714	0.957031	
9.800598	0.004187	1.109558	
9.646875	0.003589	1.109558	
9.646875	0.004187	1.108960	
9.647473	0.157312	1.109558	
9.647473	0.004187	1.262085	
9.493750	0.004785	1.108960	
9.493750	0.004187	1.108960	
9.493750	0.004187	1.108960	
9.493750	0.004187	1.108960	
9.646875	0.157312	1.109558	
9.647473	0.157312	1.109558	
9.493750	0.004187	1.108960	
9.493750	0.004187	1.108960	
9.494349	0.157312	1.108960	
9.647473	0.157312	1.109558	
9.647473	0.157312	1.109558	
9.647473	0.157312	1.109558	
9.494349	0.157312	1.108960	
9.494349	0.157312	1.108960	
9.647473	0.157312	1.109558	
9.648071	0.311035	1.262683	
9.647473	0.157312	1.109558	
9.647473	0.157312	1.108960	
9.493750	0.004187	1.108960	
9.493750	0.004785	1.262085	
9.493750	0.004785	1.262085	
9.493750	0.004785	1.109558	
9.646875	0.004785	1.262683	
9.647473	0.157910	1.262683	
