3.862219	8.733508	1.393079	
3.709094	8.733508	1.392480	
3.709094	8.733508	1.392480	
3.709094	8.733508	1.392480	
3.709094	8.580383	1.392480	
3.709094	8.733508	1.392480	
3.709094	8.733508	1.392480	
3.709094	8.733508	1.392480	
3.709094	8.580383	1.393079	
3.861621	8.580383	1.393079	
3.861621	8.580383	1.393079	
3.861621	8.580383	1.393079	
3.861621	8.580383	1.393079	
3.861621	8.580383	1.393079	
3.861621	8.580383	1.393079	
3.861621	8.580383	1.393079	
3.861621	8.580383	1.393677	
4.014746	8.580383	1.240552	
4.167871	8.579785	1.394275	
4.167871	8.580383	1.393677	
4.167871	8.580383	1.393677	
4.014746	8.580383	1.241150	
4.167871	8.579785	1.394275	
4.014746	8.580383	1.393677	
4.014746	8.580383	1.393079	
3.861621	8.580383	1.393079	
3.861621	8.580383	1.393079	
3.861621	8.580383	1.393079	
3.861621	8.580383	1.393079	
3.861621	8.580383	1.393079	
3.861621	8.580383	1.393079	
3.861621	8.580383	1.393079	
3.861023	8.427258	1.393079	
3.861023	8.427258	1.393079	
3.861023	8.274134	1.393079	
3.860425	8.273535	1.239954	
3.860425	8.427258	1.393677	
4.014148	8.427258	1.393677	
4.014148	8.426661	1.241150	
4.167273	8.426661	1.241150	
4.014148	8.426661	1.240552	
4.014148	8.426661	1.240552	
4.014148	8.426661	1.240552	
4.014148	8.426661	1.241150	
4.167273	8.426661	1.241150	
4.167273	8.426661	1.241150	
4.167273	8.426062	1.088025	
4.167273	8.426062	1.088025	
4.167273	8.426062	1.088025	
4.167273	8.426062	1.088025	
4.320398	8.426062	1.088623	
4.320398	8.426062	1.088623	
4.320398	8.579187	1.088623	
4.320996	8.579187	1.089221	
4.474121	8.579187	1.089221	
4.474121	8.579187	1.088623	
4.320398	8.425464	0.935498	
4.320398	8.425464	0.782373	
4.319800	8.271741	0.629846	
4.472327	8.118017	0.629846	
4.625452	8.118017	0.630444	
4.625452	8.271143	0.629846	
4.472925	8.424268	0.476721	
4.473523	8.423670	0.629846	
4.473523	8.424268	0.629846	
4.474121	8.577393	0.629846	
4.474719	8.730517	0.477319	
4.475317	8.883642	0.629846	
4.475317	8.730517	0.630444	
4.627844	8.730517	0.630444	
4.627246	8.577393	0.630444	
4.627246	8.577393	0.630444	
4.627246	8.577393	0.630444	
4.627246	8.577393	0.630444	
4.627246	8.423670	0.477319	
4.626648	8.423670	0.476721	
4.473523	8.423071	0.323596	
4.626648	8.423071	0.171069	
4.626648	8.422473	0.171069	
4.626648	8.422473	0.171667	
4.779773	8.422473	0.171667	
4.779773	8.423071	0.325391	
4.932898	8.423071	0.325391	
4.932898	8.423071	0.478516	
4.932898	8.423670	0.477917	
4.779773	8.423670	0.477917	
4.779175	8.270544	0.477917	
4.779175	8.270544	0.477917	
4.779175	8.423670	0.477917	
4.779773	8.423670	0.324792	
4.779773	8.423071	0.324792	
4.779773	8.576197	0.324792	
4.780371	8.576197	0.324792	
4.780371	8.422473	0.171667	
4.779773	8.423071	0.324792	
4.779773	8.423071	0.324194	
4.779773	8.423071	0.324792	
4.780371	8.576197	0.324792	
4.780371	8.576197	0.477319	
4.779773	8.423670	0.631042	
4.932898	8.271741	0.938489	
5.698523	8.424866	0.485693	
7.995996	8.880651	-0.270361	
9.682165	9.187500	0.648389	
8.305835	9.805982	2.327380	
8.002576	10.271338	3.707898	
9.839478	9.816748	4.327576	
10.143933	9.511694	4.785156	
9.377111	9.054712	5.853442	
8.915344	8.445801	6.162085	
9.984228	7.679578	5.856433	
9.216211	6.912756	5.392273	
7.527649	5.531641	4.772595	
5.530444	4.153516	5.377917	
4.304248	4.310229	6.446204	
3.538623	4.008765	7.516882	
3.843079	3.704907	7.672998	
4.454980	3.551184	7.674792	
4.911963	2.786755	8.135962	
5.369544	2.484094	9.514087	
4.909570	2.489478	10.431043	
4.602124	1.725049	9.971069	
4.444812	0.495862	8.744873	
3.980652	-0.273950	7.975061	
2.601331	-0.274548	8.429052	
1.531250	0.187219	8.886633	
1.378125	-0.118433	8.580981	
1.530054	-0.273950	7.967285	
1.070679	-0.122620	7.809973	
-0.765625	0.337354	8.416492	
-1.835706	0.491675	8.566626	
-2.295081	0.338550	8.259778	
-2.296277	0.336755	7.647876	
-2.141956	0.793140	6.882251	
-1.986438	1.250720	6.423474	
-2.137170	2.013953	5.962305	
-2.747278	2.778980	5.959912	
-3.049939	3.697131	5.348010	
-2.740698	4.152917	4.735510	
-3.045154	4.610498	4.427466	
-3.809582	5.223596	4.882056	
-5.491565	5.685962	5.639905	
-7.326074	6.453382	5.635718	
-7.476807	6.757837	4.718164	
-6.711182	6.752454	3.346619	
-4.413709	6.747070	1.824341	
-3.190503	6.284106	1.668823	
-4.874878	6.897204	2.121021	
-6.402539	7.664624	2.576209	
-7.013843	7.665820	2.422485	
-7.320093	7.664624	1.961914	
-7.166369	7.662231	1.503735	
-6.861914	7.047937	0.891235	
-7.017432	6.434241	1.043164	
-7.631726	6.128589	1.040173	
-8.551074	6.128589	1.037781	
-8.551074	5.974267	0.273950	
-8.092896	5.512500	-0.031104	
-8.095288	5.205652	0.272754	
-8.861511	5.207446	0.577808	
-8.860315	5.513696	0.118433	
-8.860315	5.511304	-0.340344	
-8.554663	5.357581	-0.187219	
-9.167163	5.205054	-0.036487	
-9.321485	4.900000	0.117236	
-8.862109	4.746875	0.119629	
-8.403333	4.746875	0.119629	
-8.709582	4.593750	0.118433	
-9.170154	4.441223	0.269763	
-9.017029	4.441223	0.425281	
-8.557055	4.594946	0.733325	
-8.250806	4.596143	0.886450	
-8.557055	4.597339	1.036584	
-9.322680	4.597937	1.188513	
-9.169556	4.597339	1.037183	
-8.403931	4.597339	0.887646	
-7.638904	4.290491	0.888245	
-8.098877	4.291089	1.191504	
-8.865100	4.139160	1.495960	
-9.018225	4.292883	1.344031	
-8.405127	4.291687	1.193298	
-7.945752	4.291687	1.193298	
-8.252002	4.291687	1.191504	
-8.864502	4.291687	1.189709	
-8.864502	4.291687	1.190308	
-8.711377	4.445410	1.344629	
-8.404529	4.292285	1.345227	
-8.865100	4.139160	1.342834	
-9.018225	4.138562	1.189709	
-8.865100	4.138562	1.190308	
-8.711975	4.138562	1.037781	
-8.711975	4.137964	1.037781	
-8.711975	4.137964	1.037781	
-8.711975	4.291089	1.190906	
-8.558252	4.291687	1.191504	
-8.558252	4.291687	1.191504	
-8.558252	4.444812	1.038379	
-8.557653	4.443616	0.732129	
-8.403931	4.596143	0.733325	
-8.097681	4.596143	0.887048	
-8.097681	4.750464	1.040173	
-7.943359	5.057312	1.347620	
-7.482788	5.364160	1.351208	
-6.409119	5.976660	1.354199	
-6.101074	6.283508	1.506726	
-6.406128	6.436633	1.504932	
-6.865503	6.436633	1.503735	
-6.865503	6.282312	1.046155	
-6.101074	5.975464	1.355396	
-5.642896	6.131579	2.275342	
-5.486780	6.900195	3.042163	
-5.025012	7.362561	3.196484	
-5.484985	6.135169	2.730530	
-7.485779	4.606311	3.648682	
-5.493360	5.373132	3.810779	
-3.346619	5.833704	4.124804	
-1.508520	5.988025	4.438830	
0.329578	5.989820	4.902991	
0.788953	5.839087	5.666821	
-0.283521	5.994605	6.122009	
-0.741101	6.607703	6.124402	
1.098193	6.759631	5.215820	
4.159497	5.992212	5.380310	
6.146533	5.076453	6.762622	
6.449792	4.928711	7.680176	
5.838489	5.083032	7.219007	
5.837891	4.466943	6.609497	
7.671204	3.393274	6.159692	
9.658239	2.780774	6.470727	
10.116419	2.628845	6.775183	
9.197668	2.781970	6.465344	
8.585767	2.780774	6.157898	
8.432642	2.779578	5.851648	
8.585767	2.777783	5.545996	
8.738892	2.777185	5.393469	
8.738294	2.623462	5.239746	
8.278320	2.470337	5.237952	
7.972669	2.623462	5.236755	
7.819543	2.929114	4.931104	
7.975061	3.387292	4.624854	
7.976257	3.538025	4.011755	
8.129980	3.996204	3.708496	
9.050525	4.147534	3.251514	
9.357971	4.758838	3.098987	
9.053515	4.758838	2.942871	
8.288488	5.218213	3.093604	
7.830908	5.525061	2.940479	
8.135962	5.369544	2.481702	
7.985229	6.287695	2.326782	
7.681372	6.591553	1.714880	
7.835095	6.742883	1.102978	
8.601916	7.200464	0.648987	
9.829907	8.117419	0.805701	
10.752246	8.579785	1.574915	
11.211621	8.429052	2.188013	
11.670398	8.583972	2.650977	
13.204041	9.198865	3.116333	
14.277112	9.352588	3.119324	
14.583960	9.352588	3.118127	
13.664014	8.894409	4.030298	
11.364148	7.826721	5.090808	
7.836291	6.146533	5.841479	
4.002783	5.076453	6.133972	
1.241748	3.852051	6.436035	
1.851257	3.395068	7.206445	
2.616882	3.705505	8.279516	
3.228784	3.250916	9.048132	
3.993213	2.942273	8.131775	
4.299463	3.246728	8.131775	
3.842480	4.627844	9.355578	
4.307837	5.550183	9.667212	
5.992810	5.089612	8.906970	
6.756042	4.779773	8.140747	
5.836096	4.318006	7.981042	
3.691748	4.472925	8.433838	
2.926721	4.473523	8.281311	
3.844873	4.012353	7.519873	
4.149329	3.856836	7.211829	
3.384302	4.008765	7.054517	
2.006775	4.315015	7.048535	
0.782971	4.620667	6.892419	
0.478516	5.232568	6.433642	
0.786560	5.690747	6.281116	
0.634631	5.843274	6.432446	
-0.281726	6.916944	7.040759	
-1.196887	7.376916	6.883447	
-2.727539	7.068274	5.804993	
-3.954334	6.910364	4.578198	
-3.493164	7.824927	3.663037	
-3.031396	7.975659	3.356189	
-3.490772	7.820740	2.893225	
-5.022620	7.513293	2.886047	
-7.015039	7.360168	2.271155	
-6.096289	7.356580	1.662244	
-5.483789	7.203454	2.121021	
-6.250012	7.206445	3.036780	
-6.709387	7.208240	2.883655	
-6.250012	7.053320	2.426672	
-5.791235	7.052722	2.579797	
-6.251208	6.900794	2.884253	
-6.863708	6.748865	3.034387	
-7.324280	6.288892	3.033789	
-7.172949	5.830115	3.188709	
-6.715369	5.678784	3.648682	
-7.021020	5.833106	3.953137	
-7.173547	5.986829	4.106262	
-7.021020	5.681177	4.261182	
-6.562243	5.681775	4.262378	
-6.409717	5.529248	4.415503	
-6.562842	5.529248	4.260583	
-6.869092	5.375525	4.107459	
-6.716565	5.374927	4.108655	
-6.410913	5.222400	4.261780	
-6.717163	5.222400	4.413709	
-7.023413	5.222400	4.259985	
-7.023413	5.375525	4.260583	
-6.716565	5.375525	4.414905	
-6.563440	5.376721	4.568030	
-6.869690	5.376123	4.259985	
-7.022217	5.528650	4.107459	
-6.715369	5.680579	3.955530	
-6.409119	5.680579	4.110449	
-6.102271	5.834302	4.264173	
-5.948547	5.988025	4.417895	
-5.794824	6.447998	4.417297	
-6.099878	6.448596	4.722949	
-5.946155	6.602918	5.030396	
-5.639905	6.757837	5.642896	
-5.638709	6.912756	5.796618	
-5.484985	7.217810	5.185913	
-4.872485	6.909766	4.882056	
-4.261182	6.755445	4.730725	
-4.108057	6.908569	4.883850	
-4.259985	7.216016	5.035779	
-4.259387	7.216016	4.883850	
-3.800012	6.909167	4.886841	
-2.883655	6.296668	5.043555	
-2.120422	5.839685	6.116626	
-2.274744	5.691345	7.187304	
-2.580994	5.694336	7.492957	
-2.275342	5.234363	7.189697	
-1.053333	4.161292	7.043152	
0.627454	3.549988	7.661035	
1.544409	3.247327	8.274732	
1.543213	2.941077	7.967883	
1.542017	2.479907	7.509705	
2.152124	2.019336	7.360766	
3.375928	1.866211	7.365552	
4.600928	1.713086	7.369141	
4.751660	0.946863	7.214221	
4.137366	0.640613	7.364954	
3.830518	0.794336	7.211829	
4.137964	1.252515	6.755445	
5.059106	1.710095	6.299658	
6.285303	2.320203	5.694336	
8.279516	3.084033	5.240942	
9.353785	3.235364	4.936487	
9.351990	2.621069	4.477710	
9.503321	2.467346	4.478308	
9.657043	2.772998	4.326379	
10.118811	3.232373	4.019531	
9.506909	3.689954	3.864612	
9.049329	3.995605	3.402844	
8.590551	4.300659	3.402246	
9.052917	5.373132	3.558960	
9.670202	6.444409	3.253308	
9.520666	7.208838	2.945264	
8.908765	6.748267	2.484094	
8.447596	6.593347	2.022925	
8.141345	6.590955	1.562353	
7.835095	6.742883	1.255505	
7.683167	6.894812	1.101184	
7.378711	7.659839	0.945666	
6.919934	7.506714	0.794336	
7.534228	8.425464	0.948059	
7.383496	8.425464	0.793140	
6.769800	8.424268	0.790747	
6.005371	8.731115	0.940283	
5.240344	8.732312	1.091614	
4.934094	8.885437	1.091016	
4.934692	9.038562	1.243542	
4.782763	9.039160	1.243542	
4.781568	8.886035	1.090418	
4.628442	8.885437	1.089221	
4.475915	8.884839	0.936096	
4.475317	8.884241	0.783569	
4.627844	8.730517	0.630444	
4.474719	8.729919	0.476721	
4.475317	9.036169	0.476123	
4.322192	8.882446	0.322998	
4.322791	9.188696	0.169873	
4.322791	9.034973	0.169873	
4.322192	8.881848	0.169275	
4.169067	8.881848	0.168677	
4.015943	8.882446	0.321204	
3.863415	9.035571	0.168079	
4.016541	9.034973	0.168079	
3.864014	9.188098	0.168079	
3.556567	8.881848	0.167480	
3.862817	8.881848	0.167480	
3.709692	8.881848	0.320605	
3.709692	8.882446	0.320605	
3.709692	9.035571	0.320007	
3.556567	8.881848	0.166882	
3.709692	8.881848	0.320605	
3.710290	9.035571	0.320605	
3.709692	8.882446	0.320605	
3.556567	8.729321	0.320007	
3.555969	8.728724	0.166882	
3.555969	8.881848	0.167480	
3.709692	9.034973	0.168079	
4.017138	9.343018	0.934900	
4.630237	9.344812	1.245337	
6.008362	9.345410	1.098193	
7.080237	9.497339	0.947461	
7.693933	9.804785	1.716077	
8.613281	9.502124	2.790344	
8.610291	8.434436	3.401648	
8.451782	7.058105	4.169067	
9.519470	6.604712	6.622656	
9.520068	7.073657	8.302844	
8.144336	7.688550	7.839880	
7.839880	7.836890	6.308630	
7.686755	7.984632	5.234363	
6.617871	8.747266	5.077649	
6.159094	8.441614	5.382104	
5.696729	7.524658	5.687158	
5.540613	6.913953	6.299658	
5.231970	6.304443	7.062891	
4.464551	6.153711	7.365552	
3.698926	5.999988	6.904981	
4.003980	5.844470	6.141748	
4.156507	5.382703	5.985632	
2.929712	5.077051	6.439624	
1.397266	4.773791	7.199267	
0.171667	4.622461	7.350000	
0.323596	4.315613	6.894812	
1.547400	4.006372	6.132178	
1.852454	4.004578	6.130981	
1.088025	4.464551	6.279920	
-0.288306	4.618872	6.733911	
-1.359583	4.925720	6.884046	
-1.664038	5.691345	6.578992	
-1.201672	6.302051	6.120215	
-1.658655	6.760230	5.809778	
-2.729333	7.217810	5.194287	
-2.880664	7.521667	4.735510	
-3.186914	7.367346	4.426270	
-4.259387	7.059900	4.115832	
-5.179932	6.445605	3.346020	
-6.406726	6.136365	2.732324	
-5.487976	6.593946	2.734119	
-5.945557	6.901392	2.886047	
-5.791833	6.747668	2.734119	
-5.333056	6.747070	2.430261	
-5.027405	6.593347	2.427869	
-6.559253	6.287695	2.422485	
-7.479797	5.980847	2.112647	
-7.786645	5.672803	1.808191	
-7.022217	5.364758	1.352405	
-6.717163	5.057910	1.503137	
-7.790833	4.752856	1.805200	
-8.709582	4.752856	1.650281	
-8.250208	4.752856	1.654468	
-7.484582	4.752856	1.807593	
-7.943957	4.754053	1.957727	
-8.709582	4.754053	1.803406	
-8.403333	4.753455	1.806396	
-7.637708	4.753455	1.960718	
-7.943957	4.754053	1.957727	
-8.709582	4.754651	2.109656	
-8.709582	4.907178	1.956531	
-8.402735	4.754053	1.958325	
-8.250806	4.601526	2.111450	
-8.404529	4.448401	2.110852	
-8.404529	4.447803	1.958325	
-8.098279	4.600329	1.652673	
-8.251404	4.448401	2.263977	
-8.404529	4.448999	2.263379	
-8.557653	4.448999	2.263379	
-8.404529	4.602124	2.264575	
-8.250806	4.602124	2.417700	
-8.250806	4.602722	2.417102	
-8.557653	4.449597	2.415906	
-8.710779	4.602722	2.416504	
-8.403931	4.602722	2.418298	
-8.097681	4.602722	2.418298	
-8.250806	4.602722	2.417102	
-8.557055	4.448999	2.263379	
-8.557055	4.602124	2.417102	
-8.097681	4.602722	2.265771	
-7.638306	4.602124	2.266968	
-7.638306	4.449597	2.418896	
-8.098279	4.449597	2.417102	
-8.557653	4.602722	2.416504	
-8.403931	4.602722	2.417700	
-7.944556	4.602722	2.419495	
-7.791430	4.602722	2.419495	
-8.097681	4.602722	2.417700	
-8.557055	4.602722	2.416504	
-8.557055	4.603320	2.570227	
-8.403931	4.603320	2.570825	
-8.250806	4.602722	2.570825	
-8.403931	4.603320	2.570227	
-8.710180	4.603320	2.568433	
-8.710180	4.603320	2.569629	
-8.403931	4.603320	2.417700	
-8.250806	4.602722	2.264575	
-8.404529	4.448999	2.263379	
-8.557055	4.602124	2.110254	
-8.557055	4.601526	2.110254	
-8.403931	4.448401	2.112048	
-7.945154	4.448401	2.112647	
-8.098279	4.448401	2.111450	
-8.404529	4.601526	2.110852	
-8.403931	4.602124	2.264575	
-8.250806	4.602124	2.265173	
-8.097681	4.602124	2.265173	
-8.250806	4.602124	2.263977	
-8.403931	4.602722	2.416504	
-8.403931	4.602722	2.570227	
-8.250208	4.755847	2.417700	
-8.250806	4.602722	2.417700	
-8.250806	4.602124	2.417102	
-8.403931	4.602722	2.417102	
-8.403333	4.755847	2.417102	
-8.402735	5.062097	2.263977	
-8.247815	5.520874	2.265173	
-8.093493	5.827722	2.572021	
-8.092896	5.828918	2.722754	
-9.472217	5.523267	3.177344	
-9.777868	5.831311	3.331665	
-9.011047	6.137561	3.184521	
-6.866699	5.983240	3.191101	
-6.409119	5.525659	3.953137	
-7.940967	5.375525	4.408923	
-7.635315	5.374927	3.801807	
-5.491565	5.220605	3.964502	
-3.502136	4.916150	4.580591	
-3.655859	4.919141	5.495752	
-4.880261	5.381506	5.951538	
-5.031592	5.535230	5.802002	
-3.194690	5.074658	5.963501	
-1.513306	4.160095	7.651465	
-1.209448	4.013550	8.874670	
-1.974475	4.475915	9.025403	
-2.125207	4.779773	8.260974	
-1.819556	4.166077	8.262769	
-0.904993	2.941675	8.420679	
0.468945	2.176648	8.578588	
1.232776	2.024121	8.580981	
1.539624	2.329175	7.967883	
1.234570	2.326782	7.354785	
1.692749	1.557568	6.135169	
3.831714	0.174060	4.614087	
6.581983	-0.902600	4.009961	
7.957715	-1.209448	4.318006	
6.734509	-0.440234	5.229578	
5.971277	-0.132190	5.382104	
5.818750	-0.132788	4.770203	
6.277527	-0.136377	3.853247	
7.043152	-0.139966	3.243140	
7.196875	0.165088	3.397461	
7.504920	0.933105	4.164880	
8.427258	1.856043	5.242737	
10.268946	3.084631	5.860022	
10.273730	3.850854	5.550183	
9.049329	4.002185	5.545398	
7.825525	4.157104	6.001782	
8.284900	4.310229	5.700915	
9.511096	4.766614	4.325183	
9.667212	5.527453	3.405835	
9.362158	5.218811	3.250317	
8.594141	4.760034	3.554175	
8.134766	5.220007	3.707300	
8.750854	6.445007	3.252710	
10.133764	7.055115	2.642004	
9.674390	6.900195	2.334558	
9.367541	6.900195	2.485889	
9.061890	7.053918	2.637817	
8.448792	6.747070	2.481103	
7.528845	6.593946	2.324390	
6.916944	6.898999	2.017541	
7.071863	7.356580	1.559363	
7.073059	7.814758	1.098791	
7.074853	7.966089	0.946265	
7.073657	7.507312	1.098791	
6.767407	7.812366	0.485693	
6.461157	7.658044	0.483301	
6.308630	8.270544	0.637024	
6.157898	8.424268	0.636426	
6.005371	8.577393	0.634631	
5.545996	8.576795	0.633435	
5.239746	8.883642	0.632239	
4.935290	9.036768	0.631042	
4.781568	8.883642	0.477917	
4.781568	8.883044	0.477917	
4.627844	8.729321	0.324194	
4.627844	8.729321	0.171069	
4.627844	8.728724	0.171069	
4.627844	8.728724	0.171069	
4.627844	8.728724	0.323596	
4.321594	8.883044	0.475525	
4.015943	8.883642	0.628052	
3.862817	8.883642	0.627454	
3.862817	8.729919	0.474329	
3.862219	8.883044	0.474329	
3.862817	9.036169	0.627454	
4.016541	8.883642	0.628052	
4.015344	8.730517	0.628052	
4.015344	8.729919	0.474927	
4.015344	8.576795	0.628052	
4.014746	8.577393	0.628052	
3.861621	8.731115	0.780579	
3.862219	8.731115	0.781177	
4.015344	8.577991	0.781177	
4.015344	8.731115	0.781177	
4.015943	8.884241	0.781177	
4.015344	8.731115	0.780579	
3.862219	8.731115	0.780579	
3.862219	8.731115	0.780579	
3.861621	8.577991	0.780579	
4.014746	8.577991	0.780579	
3.862219	8.731115	0.780579	
3.862219	8.731115	0.780579	
4.014746	8.577991	0.781177	
4.014746	8.577991	0.781177	
4.014746	8.577991	0.781177	
4.014746	8.577991	0.781177	
4.014746	8.577991	0.781177	
4.014746	8.731115	0.781775	
4.015344	8.731115	0.781177	
4.015344	8.577991	0.781177	
4.167871	8.577991	0.781775	
4.167871	8.578588	0.781775	
4.167871	8.578588	0.781775	
4.015344	8.577991	0.781177	
4.014746	8.577991	0.781775	
4.167871	8.577991	0.781775	
4.168469	8.731115	0.781775	
4.168469	8.731115	0.781775	
4.168469	8.577991	0.781775	
4.014746	8.577991	0.781177	
4.014746	8.577991	0.781177	
4.014746	8.577991	0.781775	
4.167871	8.577991	0.781775	
4.014746	8.577991	0.781177	
4.014746	8.577991	0.781177	
4.014746	8.578588	0.934302	
4.014746	8.577991	0.781177	
4.014746	8.731714	0.934302	
4.015344	8.731714	0.934302	
4.014746	8.578588	0.934302	
4.014746	8.578588	0.934302	
4.014746	8.578588	0.934302	
4.014746	8.578588	0.934302	
4.014746	8.731714	0.934302	
4.015344	8.731714	0.934302	
4.015344	8.731714	0.934302	
4.168469	8.731714	0.934900	
4.168469	8.731714	0.934302	
4.014746	8.578588	0.934302	
4.014746	8.578588	0.934302	
4.014746	8.731714	0.934302	
4.015344	8.578588	0.934302	
4.014746	8.578588	0.934302	
4.014746	8.578588	0.934302	
4.014746	8.578588	0.934302	
4.014746	8.578588	0.934302	
4.014746	8.578588	0.934302	
4.014746	8.578588	0.934302	
4.014746	8.578588	0.934302	
4.014746	8.577991	0.781775	
4.167871	8.577991	0.781177	
4.014746	8.577991	0.781177	
4.014746	8.577991	0.781177	
4.014746	8.577991	0.781177	
4.014746	8.577991	0.781177	
4.014746	8.578588	0.934302	
4.015344	8.731714	0.781177	
4.015344	8.731115	0.781177	
4.015344	8.731714	1.087427	
4.015943	8.886035	1.546204	
3.862817	9.041553	2.159302	
4.629041	9.042749	2.011560	
6.160291	9.193481	0.945068	
7.540210	9.802393	0.645398	
9.226977	10.263562	1.872791	
8.310022	10.882044	3.549988	
6.933093	10.584167	4.774988	
7.389478	9.511096	3.705505	
8.762817	8.279516	2.332764	
8.911158	7.510901	2.327979	
7.378113	7.054517	3.242542	
6.764417	6.904382	3.853845	
6.763818	6.753052	4.161292	
7.223193	6.601123	4.468738	
7.068872	6.449194	4.926318	
6.148926	5.992212	5.533435	
4.615283	5.230176	6.752454	
3.234766	4.774988	7.515686	
3.692346	4.317407	7.826721	
5.068677	3.859229	8.136560	
5.374329	3.707898	8.900391	
3.995605	3.711487	9.660034	
3.076855	3.713281	9.659436	
3.688757	3.405237	9.050525	
4.300061	3.402844	8.743677	
3.229980	4.016541	9.502722	
1.547400	3.866406	10.109838	
0.778186	2.642602	10.109838	
1.386499	1.569531	9.346606	
1.536035	1.412817	8.427856	
1.384106	1.868005	7.506714	
0.314026	2.172461	7.348804	
-0.756055	2.936890	6.887036	
-1.210644	4.005774	6.119019	
-1.667627	4.769006	5.352197	
-1.971484	4.919739	5.196680	
-3.043957	4.766016	5.037573	
-4.727735	5.531641	5.033984	
-4.416101	6.907971	3.968091	
-2.115637	7.515686	2.902197	
-1.960718	7.818945	2.287305	
-3.183923	8.122205	1.820154	
-5.634521	7.815955	1.811780	
-6.707593	7.661035	0.894226	
-5.788245	7.811170	0.284717	
-5.328870	7.657446	0.438440	
-5.330664	7.044946	0.284119	
-6.252405	6.430054	-0.639417	
-7.326074	5.966492	-1.560559	
-7.327271	5.965295	-1.558765	
-6.867297	5.965295	-1.557568	
-7.174744	5.659045	-1.562353	
-8.554065	5.505920	-1.564746	
-8.095288	5.352197	-1.714880	
-7.636511	5.199072	-1.713086	
-7.330859	5.046546	-1.408630	
-8.555860	5.200269	-1.413416	
-9.167761	5.353394	-1.260291	
-8.554663	5.507117	-1.257300	
-7.941565	5.353992	-1.256104	
-8.554663	5.353992	-1.259692	
-9.013440	5.507117	-1.259692	
-8.706592	5.660840	-1.257300	
-7.788440	5.507117	-1.101184	
-7.482788	5.201465	-1.102380	
-8.249609	4.895215	-1.105969	
-9.015833	4.895215	-1.107166	
-8.709582	4.894617	-1.257300	
-7.944556	4.742090	-1.101782	
-7.637708	4.895215	-0.949854	
-8.250208	4.896411	-0.798523	
-8.556458	4.742688	-0.799121	
-8.250806	4.743286	-0.643604	
-7.791430	4.743884	-0.489880	
-7.944556	4.744483	-0.339148	
-8.557055	4.745679	-0.187219	
-8.710180	4.745679	-0.187219	
-8.557055	4.746277	-0.032898	
-8.250806	4.746875	0.120227	
-8.556458	4.747473	0.272754	
-8.709582	4.746875	0.119031	
-8.709582	4.746875	0.272754	
-8.556458	4.594348	0.272156	
-8.710180	4.594348	0.271558	
-9.016431	4.594348	0.117834	
-9.016431	4.593750	-0.034692	
-8.710180	4.746277	-0.186621	
-8.250806	4.745679	-0.185425	
-8.403931	4.745679	-0.339148	
-8.404529	4.591956	-0.339148	
-8.404529	4.745080	-0.339148	
-8.250806	4.591956	-0.185425	
-8.251404	4.745679	-0.186023	
-8.403931	4.746277	-0.032898	
-8.557055	4.746277	-0.033496	
-8.403931	4.746277	-0.032898	
-8.403931	4.746277	0.120227	
-8.403931	4.593750	0.119629	
-8.710180	4.594348	0.271558	
-8.863306	4.593750	-0.034692	
-8.863306	4.746277	-0.187219	
-8.557055	4.746277	-0.032898	
-8.403931	4.746277	0.119629	
-8.557055	4.746277	-0.034094	
-8.557055	4.746277	-0.034094	
-8.710180	4.745679	-0.186621	
-8.557055	4.898804	-0.186621	
-8.556458	4.898804	-0.339746	
-8.557055	4.745080	-0.339746	
-8.557055	4.745080	-0.339746	
-8.557055	4.745080	-0.339746	
-8.557055	4.745080	-0.339746	
-8.557055	4.591956	-0.339746	
-8.557055	4.745080	-0.339746	
-8.557055	4.745679	-0.186621	
-8.557055	4.745679	-0.186621	
-8.557055	4.745679	-0.186621	
-8.710180	4.745679	-0.187219	
-8.709582	4.899402	-0.034094	
-8.556458	4.898804	-0.186023	
-8.402735	5.051929	-0.185425	
-8.249609	5.051929	-0.032898	
-8.556458	4.899402	-0.033496	
-8.709582	4.899402	-0.034094	
-8.709582	4.899402	-0.187219	
-8.556458	4.898804	-0.186621	
-8.403333	4.898804	-0.186023	
-8.403333	4.898804	-0.032898	
-8.556458	4.899402	0.119629	
-8.709582	4.746875	0.119031	
-8.709582	4.746875	0.119031	
-8.556458	4.593750	-0.033496	
-8.403931	4.746277	-0.032898	
-8.403931	4.746277	0.120227	
-8.403931	4.746875	0.273352	
-8.556458	4.594348	0.272754	
-8.557055	4.747473	0.272754	
-8.556458	4.747473	0.272754	
-8.403333	4.747473	0.120825	
-8.250806	4.593750	0.120825	
-8.403931	4.593750	0.119629	
-8.710180	4.594348	0.272156	
-8.710180	4.594348	0.272754	
-8.557055	4.746875	0.120227	
-8.250806	4.593750	0.120825	
-8.403931	4.594348	0.272754	
-8.709582	4.747473	0.271558	
-8.863306	4.594348	0.272156	
-8.557055	4.594348	0.120227	
-8.403931	4.593750	0.120227	
-8.403931	4.593750	0.119629	
-8.557055	4.593750	0.119629	
-8.557055	4.593750	0.120227	
-8.403931	4.594348	0.273352	
-8.403333	4.747473	0.273352	
-8.555860	4.900598	0.272754	
-8.555860	5.053723	0.272754	
-8.555262	5.206848	0.272156	
-8.707190	5.513696	0.730334	
-9.164172	6.587964	1.342236	
-9.159986	7.662829	2.260986	
-9.155200	8.890821	3.026013	
-9.917834	8.893811	3.480603	
-11.144629	8.128784	3.017639	
-11.301941	7.053320	1.949951	
-8.701208	6.742285	0.893030	
-2.731726	6.281116	1.373938	
0.177649	6.285303	2.452393	
0.483899	6.443811	4.286902	
-0.893628	6.449792	5.352796	
-2.119226	5.993408	5.656054	
-2.428467	4.922132	5.810376	
-1.666431	4.463355	5.968884	
0.016748	4.157104	5.668616	
1.700525	4.002185	5.062696	
3.229382	3.081641	4.761828	
4.298266	2.315418	4.764221	
4.600928	1.703516	5.071069	
4.752856	1.704114	4.919141	
5.212830	1.701721	4.003980	
6.283508	0.931909	2.936291	
7.504321	-0.296082	2.327380	
8.112635	-0.909778	2.634827	
8.417688	-1.059912	3.707300	
8.418286	-0.749475	4.319800	
8.573804	0.169873	4.167871	
8.577393	0.933704	3.555371	
8.426062	1.236963	2.788550	
8.121607	1.847668	2.940479	
7.817749	2.310034	3.858630	
8.125196	2.618677	4.014746	
9.045740	3.230579	3.253308	
10.272534	3.532043	2.185620	
10.426257	3.680383	1.263879	
9.660632	3.372937	0.650183	
10.121203	4.288696	0.041272	
10.889221	5.051331	-0.721960	
11.350988	5.356982	-0.261389	
11.351587	4.746875	-0.110657	
10.736096	4.592554	-0.416309	
11.349792	5.510108	-0.875085	
10.895203	6.427063	-1.183130	
10.437622	6.732715	-1.184924	
10.132568	6.887036	-0.879871	
9.675586	7.348206	-0.423486	
8.295667	7.193884	-0.581396	
7.990613	7.961304	-0.122620	
7.993604	7.961902	0.029907	
7.380506	7.809375	0.026917	
6.768005	8.115625	0.331970	
6.464148	8.576795	0.638220	
6.617871	8.424268	0.789551	
5.851050	8.424268	0.482703	
5.852246	8.883642	0.788355	
5.699719	8.731115	0.786560	
5.240344	8.884241	0.785962	
5.088416	9.190491	0.784766	
4.782763	9.037366	0.783569	
4.629041	9.037366	0.782971	
4.475915	9.037964	0.936096	
4.475915	9.038562	1.089221	
4.475915	8.885437	1.088623	
4.322192	8.732312	1.089221	
4.474719	8.732312	1.089221	
4.474719	8.732312	1.089221	
4.474719	8.579187	1.088623	
4.320996	8.579187	1.088025	
4.014746	8.578588	0.933704	
3.861621	8.578588	0.933105	
3.708496	8.578588	1.085632	
3.555969	8.732312	1.086231	
3.709094	8.885437	1.086231	
3.709692	8.885437	1.086231	
3.709692	8.885437	0.933105	
3.709692	9.037964	1.086231	
3.710290	9.038562	0.933105	
3.863415	9.037366	0.780579	
3.863415	9.037366	0.780579	
3.863415	8.884241	0.780579	
4.015344	8.731115	0.781177	
4.015344	8.577991	0.781177	
4.014746	8.577991	0.628052	
4.014746	8.577991	0.781177	
4.014148	8.424268	0.628052	
4.014148	8.424268	0.628052	
4.014148	8.424268	0.628052	
4.014148	8.424268	0.628052	
4.014148	8.424268	0.628052	
4.167871	8.577393	0.628650	
4.167871	8.731115	0.934900	
4.168469	8.731714	1.241748	
4.321594	8.733508	1.547998	
4.321594	8.734106	1.702319	
5.087817	8.887830	1.859033	
5.700317	8.889624	2.165283	
5.394666	9.196472	2.625256	
6.467139	9.046338	3.704309	
8.609095	8.744275	4.477112	
9.834094	9.052320	4.481897	
11.521460	9.969275	3.877173	
13.056299	11.193079	3.878369	
12.449780	12.264954	3.874780	
11.531629	11.499329	4.022522	
9.841272	9.663623	4.630237	
9.067871	7.827918	4.934094	
8.448792	6.297864	4.931104	
7.524658	4.764819	4.466943	
5.833704	2.926721	4.767212	
4.907776	1.704114	5.532837	
5.825928	2.320203	6.304443	
7.359571	2.474524	6.003577	
8.276525	1.860229	6.155505	
3.529651	2.174854	8.431445	
2.151526	1.564746	8.432043	
3.831714	0.337354	7.524658	
6.737500	0.027515	6.916345	
5.054919	1.099390	7.208240	
1.078455	1.865613	7.043152	
-0.912170	1.402649	5.813367	
-1.525269	1.704114	4.739697	
-1.829126	2.924927	3.974072	
-2.127600	5.222400	4.887439	
-4.722351	7.371533	6.558655	
-8.695227	9.828711	8.076746	
-8.529541	13.503113	5.649475	
0.363672	15.328052	3.070276	
1.591064	14.863892	2.603723	
-0.862524	13.945142	2.597144	
-1.633533	11.334839	-1.076660	
-2.107861	8.103064	-4.154712	
-8.700012	6.567627	-3.715674	
-9.776074	6.111243	-3.244934	
-5.185315	4.887439	-2.616882	
-3.045154	4.277331	-2.310632	
-4.578198	3.971680	-2.166480	
-7.027600	4.738501	-1.866809	
-7.483984	5.045947	-1.406836	
-7.483386	5.202063	-0.643005	
-8.095886	5.050733	-0.338550	
-7.942761	5.204455	-0.337354	
-7.942163	5.358179	-0.031702	
-8.401538	5.206848	0.578406	
-8.860913	5.056116	1.037183	
-8.862109	4.903589	1.037781	
-8.249609	4.902991	0.734522	
-7.637109	4.902392	0.583191	
-7.637109	4.901794	0.581396	
-8.250208	4.749268	0.885254	
-8.709582	4.597339	1.037781	
-8.557055	4.597339	1.038977	
-8.097681	4.596741	0.887646	
-7.944556	4.596741	0.734522	
-8.250806	4.749866	1.038977	
-8.709582	4.751062	1.190906	
-8.709582	4.904785	1.650879	
-8.249609	4.905982	1.805798	
-8.249609	4.906579	1.957727	
-8.709582	4.754053	1.955334	
-9.015833	4.754053	1.802808	
-8.556458	4.907178	1.957727	
-8.249609	4.907776	2.112048	
-8.249609	4.755249	2.263379	
-8.709582	4.755249	2.109058	
-8.710180	4.601526	1.956531	
-8.556458	4.753455	1.804602	
-8.403333	4.600928	1.957129	
-8.557653	4.447803	1.803406	
-8.558252	4.446607	1.650879	
-8.404529	4.446008	1.498950	
-8.097681	4.599133	1.499548	
-8.097681	4.446607	1.652673	
-8.251404	4.447205	1.804602	
-8.557653	4.446607	1.650879	
-8.404529	4.446607	1.652075	
-8.251404	4.446607	1.805200	
-8.404529	4.447205	1.804602	
-8.404529	4.447205	1.804602	
-8.404529	4.294080	1.957727	
-8.405127	4.447803	1.958325	
-8.251404	4.447803	1.957727	
-8.404529	4.447803	1.957129	
-8.557653	4.447803	1.957129	
-8.557653	4.447803	1.957727	
-8.251404	4.600928	2.112048	
-8.097681	4.448401	2.264575	
-8.404529	4.602124	2.263379	
-8.557055	4.448401	1.957129	
-8.404529	4.447803	1.805200	
-8.098279	4.447205	1.805798	
-8.098279	4.447205	1.958923	
-8.251404	4.447803	1.957727	
-8.557653	4.447803	1.957129	
-8.404529	4.447205	1.805200	
-8.098279	4.447205	1.805798	
-8.250806	4.600329	1.957727	
-8.557055	4.600928	1.956531	
-8.710180	4.600928	1.956531	
-8.710180	4.447803	1.957129	
-8.403931	4.600928	1.958325	
-8.250806	4.600329	1.805200	
-8.403931	4.600329	1.804004	
-8.557055	4.600329	1.804004	
-8.403931	4.447205	1.805200	
-8.098279	4.599731	1.652673	
-8.097681	4.599731	1.652075	
-8.403931	4.599731	1.650281	
-8.710180	4.599731	1.650281	
-8.710180	4.600329	1.804004	
-8.403931	4.600329	1.804602	
-8.557055	4.600329	1.803406	
-8.710180	4.599731	1.650281	
-8.710180	4.599731	1.497754	
-8.403931	4.599731	1.651477	
-8.403931	4.599731	1.804602	
-8.403931	4.600329	1.804004	
-8.710180	4.599731	1.650281	
-8.710180	4.599731	1.650281	
-8.557055	4.599731	1.804602	
-8.097681	4.446607	1.652075	
-8.404529	4.446607	1.650879	
-8.557653	4.446607	1.650879	
-8.557055	4.599731	1.651477	
-8.250806	4.599731	1.805200	
-8.250806	4.600329	1.804602	
-8.557055	4.600329	1.650879	
-8.557055	4.599731	1.804004	
-8.557055	4.600329	1.804602	
-8.250806	4.600329	1.805200	
-8.098279	4.447205	1.805798	
-8.251404	4.447205	1.652075	
-8.404529	4.446607	1.651477	
-8.557653	4.446607	1.651477	
-8.403931	4.599731	1.651477	
-8.403931	4.600329	1.804602	
-8.403931	4.447205	1.650879	
-8.557653	4.446607	1.650879	
-8.557653	4.599731	1.650879	
-8.557055	4.599731	1.650879	
-8.403931	4.599731	1.651477	
-8.557055	4.600329	1.804004	
-8.557055	4.600329	1.803406	
-8.710180	4.600329	1.650879	
-8.403931	4.599731	1.652075	
-8.098279	4.446607	1.805200	
-8.404529	4.600329	1.957129	
-8.710180	4.600928	1.956531	
-8.403931	4.601526	2.111450	
-8.097681	4.601526	2.112048	
-8.250806	4.601526	2.110852	
-8.557055	4.754651	2.109656	
-8.709582	4.754651	2.109656	
-8.402735	4.754053	1.958325	
-8.250208	4.600928	1.957727	
-8.557055	4.600329	1.650281	
-8.863306	4.752856	1.649683	
-8.861511	5.212232	1.649683	
-8.706592	5.825330	1.804004	
-8.245422	6.285901	2.265771	
-7.937378	6.440222	2.418896	
-7.784851	6.133374	2.113245	
-7.938574	5.979651	2.112048	
-8.246020	5.826526	2.111450	
-8.246020	5.826526	2.111450	
-7.939771	5.673401	1.960718	
-7.022217	5.366553	1.965503	
-5.644690	5.214026	2.278332	
-3.961511	5.215820	2.895618	
-3.347815	5.677588	3.814966	
-3.497949	6.294275	4.885644	
-3.803003	6.451587	5.956323	
-3.804199	5.689551	6.418091	
-2.737109	4.926318	7.033582	
-2.430859	4.774390	7.187304	
-2.278931	4.315613	7.341626	
-1.976269	3.244336	7.649671	
-1.519885	2.633032	8.110242	
-1.216028	2.328577	8.569616	
-1.369153	2.636621	8.570813	
-0.754260	3.247925	8.115026	
0.319409	3.245532	7.352393	
0.777588	2.936291	6.741687	
1.389490	2.781372	5.979053	
2.460767	2.778381	5.371338	
3.992017	2.776587	5.071668	
5.676392	2.927917	4.620069	
7.667017	2.620471	4.473523	
8.890821	2.161694	5.240344	
8.275928	1.400854	6.309228	
7.814160	1.403247	6.462952	
8.429052	2.167676	5.854041	
9.350794	2.930310	4.937085	
9.505713	3.232971	4.170264	
8.894409	3.384302	3.862219	
8.741882	3.536829	4.015344	
9.049329	4.150525	4.324585	
9.511694	4.916150	3.864612	
9.207239	5.219409	2.944067	
8.595935	5.369544	2.176050	
7.984033	5.520276	1.867407	
7.829712	5.518481	1.409827	
8.444605	6.130383	1.260889	
10.131372	6.589160	1.266272	
10.744471	6.588562	0.806299	
9.672595	6.739295	0.187219	
7.836291	7.196277	-0.125012	
6.613086	8.421875	0.636426	
6.159094	8.579187	0.944470	
6.927112	9.957911	1.862024	
5.858826	9.960901	2.012756	
5.242737	9.195276	2.162292	
4.632629	10.880847	2.161694	
4.943067	10.727124	2.010364	
4.940076	9.961499	2.315418	
4.785156	9.808972	2.315418	
4.632031	9.961499	1.854846	
4.326379	9.806580	1.547998	
4.478906	9.652857	1.547998	
4.172058	9.499731	1.699927	
4.017737	9.347204	1.699927	
3.864612	9.194079	1.545007	
3.404639	9.040357	1.543811	
3.097192	8.734106	1.543811	
3.249121	8.581579	1.544409	
3.555371	8.580981	1.391882	
3.555371	8.580383	1.392480	
3.402844	8.886633	1.390686	
2.944665	9.192883	1.388892	
2.792737	9.499731	1.542017	
2.640210	9.500330	1.847668	
2.487085	9.500928	1.846472	
2.333960	9.500928	1.845874	
2.180237	9.347803	1.846472	
2.332764	9.041553	1.847070	
2.638416	9.040955	1.694543	
2.792139	9.194079	1.695142	
2.792737	9.194079	1.541418	
2.639014	9.040357	1.542017	
2.791541	8.887232	1.542017	
2.944067	8.887232	1.542615	
2.944067	8.887232	1.543213	
3.250317	8.887232	1.543811	
3.250317	8.887232	1.544409	
3.403442	8.887232	1.697534	
3.403442	8.887830	1.697534	
3.402844	8.734705	1.697534	
3.249719	8.735303	1.850061	
3.402844	8.735303	1.850659	
3.402844	8.735303	1.850061	
3.249719	8.735303	1.850061	
3.402844	8.888428	1.850659	
3.403442	8.888428	1.850061	
3.250317	8.888428	1.850061	
3.250317	8.888428	2.002588	
3.097192	8.889026	2.002588	
3.097192	8.889026	1.848865	
2.944067	8.888428	1.849463	
2.944067	8.888428	1.849463	
3.097192	8.888428	2.002588	
2.944067	8.889026	2.001990	
2.790344	8.735303	1.847668	
2.636621	8.429052	1.693945	
2.482898	8.275330	1.694543	
2.635425	8.429052	1.847668	
2.789148	8.582178	1.848267	
2.944067	8.888428	1.849463	
3.250916	9.194677	1.850659	
3.404639	9.347803	1.851257	
3.405237	9.347803	2.003186	
3.252112	9.195276	2.003186	
3.098389	9.195874	2.155713	
3.251514	9.042749	2.155713	
3.097790	9.042749	2.001990	
2.944665	9.042150	2.001990	
2.944665	9.042150	2.001990	
2.790942	9.042150	1.848267	
2.638416	9.041553	1.847668	
2.790942	8.888428	1.848267	
2.944067	8.888428	1.848865	
