 -3.53	   0.96	   9.66	-11.70	  51.15	  12.30
  0.29	   3.56	   9.34	-20.55	  48.45	  14.55
  0.29	   3.56	   9.34	-21.60	  47.55	  13.65
 -0.62	   2.03	  10.72	-22.35	  48.30	  13.95
 -0.62	   2.03	  10.72	-23.25	  46.95	  15.30
  0.75	   2.34	  10.10	-21.00	  47.40	  16.05
  0.75	   2.34	  10.10	-22.05	  45.45	  17.10
  0.30	   2.03	   8.73	-24.00	  46.20	  17.85
  0.30	   2.03	   8.73	-24.75	  45.15	  17.85
 -0.01	   0.95	   9.03	-27.75	  42.45	  18.30
 -0.01	   0.95	   9.03	-29.70	  42.30	  21.45
  0.61	   0.65	   9.95	-28.50	  37.20	  20.85
  0.61	   0.65	   9.95	-30.60	  37.65	  21.15
  0.92	   0.50	   9.64	-30.90	  34.80	  21.00
  0.92	   0.50	   9.64	-32.40	  34.50	  23.25
  1.53	   0.35	  10.25	-31.20	  33.75	  25.05
  1.53	   0.35	  10.25	-33.60	  33.45	  26.40
  1.22	   1.26	   9.34	-32.10	  34.20	  23.85
  1.22	   1.26	   9.34	-33.30	  31.65	  24.60
  0.91	   0.96	   9.95	-33.45	  34.05	  21.75
  0.91	   0.96	   9.95	-32.85	  33.90	  22.65
  0.46	   0.50	  10.26	-34.35	  33.45	  19.05
  0.46	   0.50	  10.26	-34.05	  32.40	  20.55
  0.30	   0.65	   9.95	-34.35	  33.15	  22.35
  0.30	   0.65	   9.95	-34.05	  33.45	  19.80
 -0.31	   1.11	   9.80	-33.30	  33.90	  22.35
 -0.31	   1.11	   9.80	-33.30	  32.70	  22.35
 -0.61	   0.50	   9.80	-34.05	  33.15	  19.80
 -0.61	   0.50	   9.80	-34.05	  34.20	  20.55
 -0.00	   0.50	  10.11	-32.85	  34.95	  19.80
 -0.00	   0.50	  10.11	-34.20	  34.50	  21.45
  0.15	   0.80	   9.95	-33.45	  34.50	  20.25
  0.15	   0.80	   9.95	-34.20	  34.80	  21.45
  0.15	   0.81	  10.11	-32.10	  35.40	  20.10
  0.15	   0.81	  10.11	-33.60	  37.20	  20.85
 -0.16	   0.65	   9.95	-32.55	  36.45	  19.35
 -0.16	   0.65	   9.95	-31.35	  37.65	  20.85
 -0.46	   0.50	  10.11	-31.95	  39.00	  19.95
 -0.46	   0.50	  10.11	-30.30	  38.40	  19.80
  0.00	   0.00	   0.00	-31.65	  36.75	  21.00
  0.00	   0.00	   0.00	-30.90	  37.50	  19.50
 -0.00	   0.65	   9.80	-31.35	  38.40	  20.55
 -0.00	   0.65	   9.80	-29.85	  39.15	  20.85
 -0.00	   0.35	  10.26	-29.40	  40.80	  19.50
 -0.00	   0.35	  10.26	-27.45	  40.50	  20.70
 -0.62	   1.42	   9.80	-28.50	  40.95	  19.80
 -0.62	   1.42	   9.80	-24.90	  44.25	  19.50
 -0.61	   0.65	  10.11	-24.30	  44.40	  19.05
 -0.61	   0.65	  10.11	-21.60	  47.25	  19.20
 -0.61	   0.19	   9.96	-17.40	  48.75	  20.70
 -0.61	   0.19	   9.96	-14.70	  49.95	  19.35
 -0.92	   0.04	   9.65	 -9.75	  47.70	  19.35
 -0.92	   0.04	   9.65	 -6.45	  49.65	  22.65
 -1.07	   0.19	  10.11	 -1.80	  48.75	  21.75
 -1.07	   0.19	  10.11	  1.95	  45.45	  22.35
 -0.76	  -1.18	  10.11	  4.20	  44.40	  24.90
 -0.76	  -1.18	  10.11	  7.35	  42.75	  26.55
 -0.76	  -0.57	   9.96	  6.00	  40.65	  26.70
 -0.76	  -0.57	   9.96	 11.70	  39.90	  23.85
 -0.92	  -0.11	  10.26	 15.00	  37.65	  21.90
 -0.92	  -0.11	  10.26	 17.25	  35.40	  20.55
 -1.08	   0.50	  10.72	 18.75	  33.45	  20.10
 -1.08	   0.50	  10.72	 22.05	  31.65	  18.30
 -0.46	  -0.42	   9.65	 22.05	  28.20	  20.10
 -0.46	  -0.42	   9.65	 23.40	  21.30	  19.50
 -0.76	  -0.88	   9.96	 25.95	  20.55	  18.45
 -0.76	  -0.88	   9.96	 23.55	  17.70	  19.05
 -0.76	  -0.73	   9.96	 24.15	  13.05	  17.70
 -0.76	  -0.73	   9.96	 24.00	  10.95	  19.05
 -0.77	   0.35	   9.96	 24.15	   9.00	  17.70
 -0.77	   0.35	   9.96	 24.30	   8.70	  17.85
 -0.62	   0.96	  10.11	 21.90	   6.00	  18.00
 -0.62	   0.96	  10.11	 22.50	   3.45	  17.85
  0.15	   0.96	  10.11	 21.60	  -0.30	  16.65
  0.15	   0.96	  10.11	 19.80	  -1.95	  15.30
  0.46	   0.50	   9.95	 18.30	  -6.90	  15.30
  0.46	   0.50	   9.95	 16.20	  -7.65	  15.60
 -0.15	   0.50	   9.80	 11.85	  -9.30	  16.20
 -0.15	   0.50	   9.80	  9.75	 -11.70	  14.85
  0.76	   0.35	  10.10	  7.95	 -12.90	  14.85
  0.76	   0.35	  10.10	  8.10	 -12.00	  16.20
  1.84	   0.65	   9.95	  4.20	 -13.65	  15.60
  1.84	   0.65	   9.95	 -0.15	 -16.95	  14.25
  1.69	  -0.88	   9.79	 -5.40	 -15.15	  13.05
  1.69	  -0.88	   9.79	 -6.00	 -15.45	  13.50
  1.99	  -1.34	   9.79	 -8.85	 -16.50	  13.65
  1.99	  -1.34	   9.79	-11.25	 -14.70	  12.30
  2.15	  -2.41	   9.48	-17.10	 -15.30	  13.20
  2.15	  -2.41	   9.48	-18.90	 -13.80	  12.45
  3.53	  -2.72	   9.48	-22.65	 -10.80	  13.65
  3.53	  -2.72	   9.48	-23.55	  -9.15	  16.05
  2.62	  -3.49	   9.02	-28.05	  -6.90	  18.30
  2.62	  -3.49	   9.02	-30.15	  -4.05	  19.95
  2.15	  -1.49	   9.95	-31.05	  -0.45	  19.80
  2.15	  -1.49	   9.95	-33.45	   3.75	  19.20
  1.08	  -3.64	   9.79	-35.70	   6.00	  23.25
  1.08	  -3.64	   9.79	-34.65	   7.80	  23.25
  2.31	  -2.87	   9.64	-32.40	  11.25	  25.50
  2.31	  -2.87	   9.64	-35.55	  12.90	  27.15
  2.61	  -3.18	   8.87	-33.30	  18.90	  27.45
  2.61	  -3.18	   8.87	-33.90	  22.80	  28.50
  0.78	  -3.18	   9.64	-32.55	  27.45	  27.15
  0.78	  -3.18	   9.64	-32.10	  30.45	  29.40
 -0.60	  -3.79	   9.50	-31.80	  31.95	  29.70
 -0.60	  -3.79	   9.50	-29.55	  32.70	  28.95
 -1.36	  -3.79	   9.19	-28.65	  34.80	  28.80
 -1.36	  -3.79	   9.19	-26.70	  37.50	  28.80
 -2.13	  -3.18	   9.35	-25.65	  39.30	  28.80
 -2.13	  -3.18	   9.35	-23.55	  41.40	  28.95
 -2.44	  -3.18	   9.35	-21.15	  40.80	  28.50
 -2.44	  -3.18	   9.35	-17.85	  43.50	  29.55
 -1.83	  -2.57	   9.50	-14.70	  44.70	  30.90
 -1.83	  -2.57	   9.50	-11.55	  46.80	  28.80
 -1.53	  -1.19	   9.81	 -7.50	  46.20	  27.45
 -1.53	  -1.19	   9.81	 -3.90	  45.90	  26.70
 -0.92	  -0.57	   9.65	 -1.65	  46.95	  24.90
 -0.92	  -0.57	   9.65	  3.60	  44.55	  24.00
 -0.61	  -1.19	   9.95	 12.00	  41.40	  24.90
 -0.61	  -1.19	   9.95	 16.95	  34.20	  24.15
  0.31	  -1.49	   9.80	 20.10	  30.75	  21.45
  0.31	  -1.49	   9.80	 20.55	  26.70	  20.10
 -0.30	  -0.57	  10.57	 25.80	  24.15	  17.55
 -0.30	  -0.57	  10.57	 24.30	  19.20	  19.05
 -0.76	  -0.73	   9.50	 26.55	  16.65	  17.55
 -0.76	  -0.73	   9.50	 24.15	  12.30	  19.50
 -0.46	  -0.27	   9.80	 24.30	   9.90	  17.55
 -0.46	  -0.27	   9.80	 24.75	   7.20	  16.80
  0.61	   0.50	  10.11	 25.80	   4.20	  14.55
  0.61	   0.50	  10.11	 23.40	   5.25	  15.45
  0.76	   0.35	   9.95	 23.85	   1.80	  16.65
  0.76	   0.35	   9.95	 22.80	   2.40	  15.60
  0.00	  -0.42	   9.19	 21.30	   0.15	  19.35
  0.00	  -0.42	   9.19	 20.55	   0.90	  18.60
 -0.00	   0.35	  10.26	 18.75	  -4.65	  16.05
 -0.00	   0.35	  10.26	 18.30	  -5.70	  15.60
 -0.31	   0.65	  10.26	 15.60	 -10.50	  14.70
 -0.31	   0.65	  10.26	 14.85	 -10.80	  14.40
  0.46	  -0.88	   9.95	 11.10	 -13.80	  13.65
  0.46	  -0.88	   9.95	  6.30	 -14.55	  14.40
  1.07	  -0.11	  10.41	  3.15	 -17.40	  12.75
  1.07	  -0.11	  10.41	 -1.65	 -16.65	  12.00
  0.77	  -1.19	   9.95	 -5.55	 -17.55	  11.40
  0.77	  -1.19	   9.95	 -6.75	 -15.90	  13.80
  1.07	  -1.03	   9.95	-10.05	 -16.80	  13.20
  1.07	  -1.03	   9.95	-15.15	 -16.05	  13.20
  1.38	  -1.65	   9.64	-18.90	 -13.05	  13.20
  1.38	  -1.65	   9.64	-22.35	 -10.50	  16.65
  1.84	  -1.19	  10.10	-26.55	  -8.40	  16.35
  1.84	  -1.19	  10.10	-28.50	  -4.95	  17.85
  1.54	  -1.19	   9.80	-30.90	  -0.75	  18.45
  1.54	  -1.19	   9.80	-34.65	   1.05	  21.75
  1.39	  -2.57	   7.96	-34.65	   4.80	  19.95
  1.39	  -2.57	   7.96	-34.80	   4.95	  21.15
  1.69	  -1.19	   9.49	-32.55	  10.20	  25.65
  1.69	  -1.19	   9.49	-34.80	  10.95	  25.65
  1.24	  -4.25	   9.49	-33.90	  12.30	  25.80
  1.24	  -4.25	   9.49	-31.05	  14.40	  28.65
  3.22	  -1.19	   9.33	-29.25	  18.90	  30.15
  3.22	  -1.19	   9.33	-28.80	  24.45	  33.45
  3.98	   0.04	   9.32	-27.00	  28.95	  34.95
  3.98	   0.04	   9.32	-25.05	  31.20	  34.20
  5.05	   0.49	   8.86	-24.30	  33.45	  32.40
  5.05	   0.49	   8.86	-23.25	  35.40	  33.75
  3.68	  -0.58	   8.87	-23.40	  36.30	  34.05
  3.68	  -0.58	   8.87	-19.80	  38.40	  33.45
  4.76	  -2.57	   8.86	-17.10	  39.00	  34.05
  4.76	  -2.57	   8.86	-10.80	  39.00	  36.60
  3.99	  -3.18	   8.25	 -9.30	  38.25	  36.60
  3.99	  -3.18	   8.25	 -4.80	  39.30	  35.55
  4.91	  -3.65	   6.56	 -2.55	  39.00	  34.05
  4.91	  -3.65	   6.56	  1.65	  38.40	  33.45
  6.44	  -2.73	   5.79	  5.70	  41.70	  32.70
  6.44	  -2.73	   5.79	  7.50	  39.45	  30.90
  6.43	  -0.43	   7.02	  7.80	  37.80	  31.05
  6.43	  -0.43	   7.02	  4.95	  41.40	  29.40
  4.91	  -2.26	   8.71	  1.95	  44.70	  31.95
  4.91	  -2.26	   8.71	 -2.10	  43.80	  29.55
  1.53	  -0.88	   9.34	 -0.30	  45.75	  25.50
  1.53	  -0.88	   9.34	  0.30	  46.50	  22.50
 -0.46	  -0.12	   9.34	  1.95	  45.90	  23.10
 -0.46	  -0.12	   9.34	  6.00	  44.70	  21.60
 -0.77	   0.65	   9.34	  9.45	  44.40	  20.55
 -0.77	   0.65	   9.34	 12.60	  43.05	  20.25
 -1.23	   0.80	   9.81	 14.70	  40.20	  20.10
 -1.23	   0.80	   9.81	 18.90	  33.30	  20.70
 -0.77	   1.42	   9.50	 23.40	  28.05	  20.25
 -0.77	   1.42	   9.50	 24.75	  22.20	  19.80
 -0.62	   1.87	   9.04	 20.55	  19.95	  22.65
 -0.62	   1.87	   9.04	 24.30	  13.65	  20.55
  0.61	   1.42	   9.49	 23.40	   9.75	  19.20
  0.61	   1.42	   9.49	 23.25	   4.95	  17.85
  0.60	   2.18	   9.34	 23.10	   2.25	  19.95
  0.60	   2.18	   9.34	 21.00	   0.90	  20.10
  1.68	   1.57	   9.34	 20.25	  -1.65	  18.30
  1.68	   1.57	   9.34	 15.15	  -5.25	  17.40
  0.45	   1.57	   9.34	 14.10	  -6.30	  20.70
  0.45	   1.57	   9.34	 10.05	 -13.05	  18.00
  0.77	  -1.34	   9.65	 -0.00	 -18.75	  12.15
  0.77	  -1.34	   9.65	 -7.50	 -18.15	  11.25
  1.23	  -0.88	   9.79	-10.05	 -14.25	  15.90
  1.23	  -0.88	   9.79	-18.60	 -13.80	  15.90
  1.07	   1.42	   9.95	-23.85	  -6.75	  20.70
  1.07	   1.42	   9.95	-30.60	  -1.65	  20.85
  0.76	   1.27	  10.72	-33.60	   3.90	  23.10
  0.76	   1.27	  10.72	-35.70	   9.00	  20.25
 -0.31	  -1.33	  12.41	-35.55	  10.65	  23.10
 -0.31	  -1.33	  12.41	-36.00	  12.00	  21.45
  1.23	  -0.42	   9.95	-37.20	  13.50	  22.20
  1.23	  -0.42	   9.95	-36.30	  17.40	  24.90
  0.93	  -2.57	   8.57	-32.40	  21.75	  28.50
  0.93	  -2.57	   8.57	-33.45	  22.80	  29.25
  1.09	  -3.49	   8.88	-33.30	  22.20	  30.45
  1.09	  -3.49	   8.88	-30.30	  23.40	  29.40
  2.46	  -3.33	   9.79	-29.70	  26.25	  31.35
  2.46	  -3.33	   9.79	-28.95	  31.80	  31.35
  0.16	  -2.56	   9.80	-26.55	  36.45	  28.65
  0.16	  -2.56	   9.80	-25.95	  40.80	  28.05
 -1.98	  -2.10	  10.27	-24.00	  43.20	  26.10
 -1.98	  -2.10	  10.27	-21.75	  44.40	  24.15
 -1.68	  -1.18	  10.11	-19.65	  47.25	  24.00
 -1.68	  -1.18	  10.11	-17.70	  47.40	  23.40
 -4.13	  -0.88	  10.12	-10.50	  48.90	  22.35
 -4.13	  -0.88	  10.12	 -2.10	  45.30	  28.05
 -4.44	   0.19	   9.36	  3.45	  43.20	  28.20
 -4.44	   0.19	   9.36	  6.30	  37.05	  31.80
 -3.67	  -0.73	   8.74	  9.30	  32.25	  31.80
 -3.67	  -0.73	   8.74	 13.35	  29.25	  31.80
 -4.29	  -0.27	   9.66	 15.45	  26.40	  30.90
 -4.29	  -0.27	   9.66	 14.85	  24.30	  31.05
 -3.67	  -1.80	   9.20	 16.50	  20.70	  28.65
 -3.67	  -1.80	   9.20	 19.50	  15.90	  27.90
 -2.30	  -0.11	  10.12	 19.80	  11.40	  24.60
 -2.30	  -0.11	  10.12	 18.30	   8.40	  25.35
 -2.15	   0.50	   9.96	 18.60	   6.30	  24.00
 -2.15	   0.50	   9.96	 17.25	   4.95	  25.35
 -2.45	   0.81	  10.58	 15.90	   0.75	  23.25
 -2.45	   0.81	  10.58	 15.90	   0.30	  24.00
 -2.61	   2.33	   9.50	 12.90	  -0.30	  27.00
 -2.61	   2.33	   9.50	 14.70	  -0.15	  26.70
 -2.15	   2.03	   9.50	 13.20	  -0.15	  26.40
 -2.15	   2.03	   9.50	 12.60	  -1.50	  26.55
 -2.30	   0.96	   9.81	 12.15	  -2.25	  25.05
 -2.30	   0.96	   9.81	 13.20	  -1.65	  23.40
 -1.84	   1.57	   9.81	 11.85	  -2.25	  22.20
 -1.84	   1.57	   9.81	 15.00	  -4.65	  24.15
 -1.54	   1.88	   9.81	 11.25	  -4.20	  23.40
 -1.54	   1.88	   9.81	  9.30	  -7.80	  23.25
 -0.46	   0.50	   9.65	  9.00	  -9.15	  20.85
 -0.46	   0.50	   9.65	  6.75	 -12.90	  19.80
 -0.31	   1.42	  10.11	  2.70	 -12.90	  18.30
 -0.31	   1.42	  10.11	 -2.10	 -15.00	  18.00
  0.92	   0.19	  10.10	 -5.85	 -16.05	  16.20
  0.92	   0.19	  10.10	 -7.80	 -17.25	  14.40
  0.31	  -0.88	   9.95	-12.90	 -16.05	  15.45
  0.31	  -0.88	   9.95	-15.00	 -15.90	  14.85
  1.08	  -1.03	   9.80	-17.85	 -15.00	  14.40
  1.08	  -1.03	   9.80	-19.80	 -14.70	  13.50
  0.77	  -0.73	  10.26	-21.30	 -13.20	  14.55
  0.77	  -0.73	  10.26	-25.05	  -9.45	  17.85
  0.46	  -0.42	   9.95	-29.40	  -7.50	  17.70
  0.46	  -0.42	   9.95	-30.60	  -4.95	  17.85
  0.92	  -1.34	  10.41	-33.90	  -1.80	  20.70
  0.92	  -1.34	  10.41	-34.05	   1.65	  20.85
  0.92	  -1.49	   9.64	-35.10	   3.90	  21.60
  0.92	  -1.49	   9.64	-35.85	   6.45	  21.15
  0.92	  -1.34	  10.10	-37.80	   8.40	  21.15
  0.92	  -1.34	  10.10	-38.55	  11.40	  23.40
  0.31	  -1.49	   9.49	-38.25	  15.30	  22.95
  0.31	  -1.49	   9.49	-37.95	  17.25	  25.05
  0.62	  -1.49	   9.80	-36.60	  20.40	  26.40
  0.62	  -1.49	   9.80	-34.05	  19.20	  27.15
  1.08	  -2.41	   9.64	-35.55	  19.20	  26.70
  1.08	  -2.41	   9.64	-35.85	  22.20	  27.15
  1.39	  -2.41	  10.10	-35.40	  22.80	  28.80
  1.39	  -2.41	  10.10	-33.15	  26.25	  29.85
  0.93	  -1.96	   8.88	-31.05	  28.65	  31.95
  0.93	  -1.96	   8.88	-29.40	  31.50	  32.55
  1.54	  -2.26	   9.18	-26.55	  36.15	  31.95
  1.54	  -2.26	   9.18	-23.55	  39.45	  32.40
  0.93	  -1.65	   9.80	-18.15	  41.55	  31.80
  0.93	  -1.65	   9.80	-16.35	  43.80	  31.35
  0.93	  -1.95	   9.80	-14.25	  43.65	  31.20
  0.93	  -1.95	   9.80	-12.60	  42.00	  32.10
  0.62	  -1.49	   9.80	-11.55	  43.80	  30.30
  0.62	  -1.49	   9.80	 -8.55	  45.00	  28.50
 -0.15	  -1.49	   9.80	 -6.00	  45.15	  27.90
 -0.15	  -1.49	   9.80	 -5.55	  44.25	  28.80
 -0.30	  -0.88	   9.95	 -2.10	  47.25	  28.05
 -0.30	  -0.88	   9.95	 -1.05	  45.00	  25.80
 -0.61	  -1.34	   9.80	  0.60	  43.50	  27.30
 -0.61	  -1.34	   9.80	  1.65	  43.65	  26.70
 -0.76	  -1.19	   9.80	  1.80	  45.00	  27.00
 -0.76	  -1.19	   9.80	  3.60	  45.30	  26.55
 -1.07	  -1.03	   9.96	  4.05	  43.05	  25.05
 -1.07	  -1.03	   9.96	  3.60	  42.75	  25.80
 -0.76	  -0.57	   9.80	  4.20	  42.90	  25.65
 -0.76	  -0.57	   9.80	  4.20	  42.45	  25.35
 -0.61	  -1.49	   9.80	  4.05	  43.05	  26.55
 -0.61	  -1.49	   9.80	  1.35	  42.75	  28.05
 -0.92	  -1.18	  10.11	  2.85	  44.25	  26.25
 -0.92	  -1.18	  10.11	  1.65	  42.90	  27.15
 -0.76	  -0.88	   9.96	  0.60	  45.30	  26.55
 -0.76	  -0.88	   9.96	  1.80	  43.80	  26.55
 -0.61	  -0.57	   9.80	  1.65	  43.95	  26.10
 -0.61	  -0.57	   9.80	  0.30	  45.75	  25.80
 -0.46	  -0.57	   9.95	  2.55	  45.00	  25.80
 -0.46	  -0.57	   9.95	  1.05	  45.75	  26.25
 -0.61	  -0.42	  10.11	 -1.20	  44.70	  24.90
 -0.61	  -0.42	  10.11	  1.80	  46.05	  24.00
 -0.46	  -0.42	   9.95	  0.15	  44.70	  27.15
 -0.46	  -0.42	   9.95	 -0.45	  45.45	  25.65
 -0.30	  -0.57	   9.80	 -0.30	  45.30	  26.55
 -0.30	  -0.57	   9.80	 -0.90	  45.15	  26.10
 -0.46	  -0.88	   9.95	  0.15	  46.20	  26.40
 -0.46	  -0.88	   9.95	 -0.45	  45.90	  27.45
 -0.46	  -0.73	   9.95	  0.30	  45.75	  25.50
 -0.46	  -0.73	   9.95	 -1.35	  46.05	  27.30
 -0.46	  -0.73	   9.80	 -0.90	  44.70	  26.70
