  -22.95	  10.35	  64.20	
  -23.70	  10.80	  64.80	
  -24.15	   9.45	  65.10	
  -24.75	  11.85	  64.50	
  -23.70	  10.35	  64.20	
  -23.55	  10.20	  64.65	
  -24.15	  10.65	  65.85	
  -23.10	  10.95	  63.90	
  -22.80	   9.15	  65.85	
  -22.20	   9.00	  64.50	
  -23.70	   9.75	  63.45	
  -22.95	  10.35	  63.00	
  -23.25	  10.05	  66.00	
  -23.10	   9.90	  65.10	
  -22.80	   9.45	  64.35	
  -23.70	   9.75	  64.80	
  -23.55	   9.45	  63.90	
  -22.35	   9.90	  63.90	
  -23.25	  10.35	  64.50	
  -22.35	  10.65	  65.10	
  -23.25	  11.55	  64.50	
  -22.50	   9.30	  64.50	
  -22.35	   9.90	  65.85	
    3.30	 -42.60	  29.40	
    3.00	 -41.25	  29.85	
    4.95	 -40.95	  30.60	
    3.90	 -42.60	  30.15	
    4.65	 -40.35	  30.15	
    5.40	 -42.30	  29.70	
    3.90	 -42.30	  28.65	
    1.05	 -39.30	  29.70	
    0.00	 -42.30	  27.45	
   -0.30	 -42.30	  28.20	
   -1.95	 -40.65	  27.30	
   -3.75	 -41.70	  28.80	
   -0.45	 -45.00	  25.20	
    3.30	 -45.90	  23.10	
    4.65	 -44.10	  24.90	
   -0.30	 -42.60	  30.90	
    0.45	 -40.95	  29.25	
    1.05	 -41.55	  31.20	
    1.80	 -41.55	  29.40	
    3.45	 -42.45	  30.30	
    3.75	 -42.75	  29.55	
    4.65	 -41.85	  30.15	
    4.35	 -41.85	  29.70	
    5.40	 -43.05	  34.20	
    5.40	 -42.30	  32.25	
    5.25	 -43.95	  32.85	
    7.35	 -43.05	  32.70	
    7.80	 -44.70	  32.85	
    9.30	 -44.70	  33.30	
    6.15	 -45.15	  33.45	
    8.25	 -46.50	  32.10	
    7.95	 -45.15	  34.50	
    7.35	 -46.35	  33.75	
    6.15	 -43.65	  34.50	
    6.75	 -41.25	  34.65	
    5.70	 -42.75	  35.10	
    8.25	 -43.50	  34.35	
    8.40	 -45.15	  34.50	
    9.45	 -43.35	  33.00	
    7.65	 -44.10	  32.25	
   10.05	 -45.00	  33.30	
   10.95	 -45.90	  35.25	
   13.20	 -43.65	  37.80	
   13.65	 -43.50	  37.95	
   13.95	 -46.35	  37.80	
   16.65	 -48.30	  37.65	
   16.80	 -46.65	  37.05	
   14.70	 -46.35	  41.10	
   14.40	 -47.25	  40.65	
   10.20	 -43.05	  38.55	
    7.35	 -42.30	  37.05	
   11.85	 -44.70	  35.10	
   13.65	 -46.05	  37.95	
   19.95	 -50.85	  39.90	
   21.75	 -52.35	  44.70	
   23.10	 -59.10	  49.65	
   19.65	 -60.75	  52.80	
   24.15	 -67.95	  52.95	
   24.45	 -56.40	  49.05	
   18.75	 -58.50	  59.10	
   23.55	 -59.85	  59.55	
   20.70	 -65.55	  61.50	
   18.45	 -54.90	  61.95	
   21.75	 -62.70	  57.45	
   20.85	 -58.50	  63.90	
   10.05	 -58.20	  52.80	
   23.25	 -56.85	  53.10	
   23.70	 -59.40	  56.85	
   22.50	 -60.75	  57.90	
   22.20	 -60.45	  56.85	
   23.10	 -59.55	  57.00	
   21.75	 -60.15	  56.10	
   22.50	 -61.20	  55.65	
   22.95	 -60.15	  57.45	
   22.80	 -61.05	  55.80	
   22.80	 -59.55	  55.80	
   23.55	 -60.30	  55.05	
   22.05	 -61.35	  56.25	
   22.80	 -60.60	  57.00	
   23.25	 -59.40	  55.35	
   22.95	 -58.65	  57.15	
   23.10	 -59.55	  57.00	
   18.15	 -54.90	  58.65	
   19.50	 -57.75	  57.00	
   19.50	 -58.50	  56.55	
   20.10	 -59.85	  57.00	
   19.95	 -62.25	  55.35	
   21.30	 -59.55	  55.50	
   22.05	 -58.80	  55.80	
   24.00	 -61.95	  54.60	
   22.05	 -61.80	  55.50	
   21.75	 -61.95	  56.40	
   21.75	 -60.75	  56.10	
   22.20	 -62.25	  56.40	
   18.30	 -61.35	  53.25	
   19.05	 -61.05	  54.00	
   19.50	 -59.85	  54.00	
   19.05	 -59.55	  52.50	
   20.10	 -60.30	  54.00	
   18.15	 -59.40	  53.85	
   18.15	 -55.35	  53.40	
   20.40	 -57.45	  55.65	
   22.80	 -62.55	  52.50	
   22.20	 -60.45	  53.85	
   17.70	 -60.15	  52.35	
   18.45	 -59.70	  54.15	
   19.50	 -57.30	  54.45	
   20.55	 -60.30	  55.50	
   17.40	 -55.35	  55.65	
   20.40	 -60.15	  55.35	
   20.55	 -60.60	  52.95	
   21.60	 -59.10	  54.00	
   19.95	 -58.95	  55.35	
   21.30	 -58.05	  54.00	
   21.30	 -58.50	  54.00	
   21.45	 -57.90	  54.60	
   20.85	 -58.05	  54.45	
   20.70	 -58.20	  53.85	
   20.70	 -58.95	  54.15	
   20.55	 -58.50	  54.00	
   21.15	 -59.40	  52.35	
   20.55	 -59.10	  51.75	
   20.70	 -56.40	  52.05	
   19.65	 -56.85	  54.15	
   20.70	 -57.90	  53.40	
   19.95	 -56.10	  52.80	
   19.95	 -58.20	  53.10	
   21.15	 -56.10	  53.85	
   21.45	 -58.65	  53.85	
   21.15	 -60.15	  51.60	
   19.50	 -53.25	  54.00	
   22.05	 -58.80	  54.00	
   22.80	 -59.85	  52.95	
   26.85	 -65.10	  50.70	
   27.45	 -64.65	  50.70	
   28.20	 -65.40	  53.25	
   26.10	 -61.35	  54.75	
   22.20	 -60.75	  55.65	
   22.95	 -60.15	  54.90	
   21.75	 -59.40	  56.10	
   22.95	 -59.40	  53.85	
   23.10	 -61.80	  53.25	
   23.10	 -60.30	  55.05	
   24.15	 -61.05	  55.80	
   23.85	 -58.80	  54.00	
   22.20	 -58.95	  56.40	
   24.00	 -58.95	  55.65	
   23.25	 -59.40	  53.85	
   19.95	 -59.40	  55.35	
   19.95	 -59.40	  55.65	
   23.70	 -60.45	  55.65	
   21.75	 -60.15	  53.85	
   22.35	 -59.55	  53.70	
   21.75	 -60.45	  53.85	
   21.45	 -59.70	  54.60	
   21.45	 -60.45	  54.90	
   20.70	 -60.15	  56.85	
   22.50	 -59.70	  54.15	
   22.05	 -59.85	  54.45	
   22.35	 -57.75	  58.50	
   21.30	 -59.55	  57.30	
   20.40	 -57.45	  55.35	
   24.15	 -59.85	  56.25	
   23.70	 -61.20	  55.65	
   22.35	 -60.60	  55.80	
   24.45	 -60.15	  56.40	
   22.05	 -61.80	  56.55	
   21.15	 -60.15	  57.15	
   20.70	 -59.40	  55.35	
   22.80	 -58.80	  53.70	
   21.60	 -58.05	  53.70	
   22.80	 -57.30	  54.00	
   22.05	 -57.75	  51.45	
   20.70	 -63.00	  51.30	
   24.90	 -61.80	  44.85	
   17.70	 -43.95	  49.05	
   17.25	 -39.00	  62.10	
   30.30	 -58.20	  69.60	
   17.25	 -67.65	  45.15	
   20.40	 -54.90	  57.45	
   17.55	 -55.05	  64.65	
   17.70	 -55.35	  66.30	
   11.70	 -59.10	  63.15	
    8.40	 -58.05	  53.25	
    9.00	 -50.55	  58.95	
    8.55	 -49.35	  61.50	
   10.95	 -50.70	  61.80	
    9.45	 -51.45	  61.05	
   12.30	 -51.60	  61.20	
   10.35	 -52.05	  59.40	
   10.35	 -52.35	  61.20	
    9.45	 -52.20	  61.35	
    9.90	 -51.75	  60.60	
   12.00	 -54.00	  61.05	
   13.35	 -57.45	  58.95	
   14.10	 -50.10	  59.70	
   19.20	 -54.15	  58.95	
   23.55	 -54.75	  59.85	
   26.85	 -62.55	  58.80	
   29.40	 -70.95	  52.50	
   17.40	 -58.20	  58.95	
   11.10	 -59.70	  60.15	
   15.15	 -62.25	  71.55	
    6.30	 -70.80	  63.45	
    0.15	 -69.30	  75.60	
    5.85	 -69.90	  67.65	
    6.90	 -66.60	  68.70	
   21.15	 -61.20	  56.40	
   22.80	 -55.05	  49.20	
   15.75	 -48.15	  50.40	
   19.50	 -62.55	  63.15	
   17.25	 -73.20	  55.80	
    6.30	 -70.80	  49.80	
   18.90	 -72.30	  53.40	
    8.55	 -71.10	  52.05	
   16.65	 -61.95	  54.60	
    7.65	 -65.85	  56.25	
   10.65	 -60.30	  54.00	
    5.25	 -57.15	  55.65	
    9.00	 -59.70	  58.95	
   12.00	 -58.05	  53.25	
    7.95	 -56.25	  55.50	
   16.35	 -64.20	  52.05	
   16.65	 -63.45	  52.80	
   26.10	 -68.70	  54.75	
   24.15	 -74.25	  43.65	
    5.10	 -57.75	  28.95	
   -2.70	 -40.20	  54.90	
   10.65	 -48.45	  47.40	
   10.20	 -43.35	  43.35	
   10.80	 -43.95	  42.45	
   10.95	 -44.40	  41.55	
   13.95	 -48.45	  40.35	
   10.35	 -45.75	  40.20	
   13.35	 -45.75	  40.95	
   11.85	 -45.75	  40.65	
   14.25	 -46.65	  40.80	
   12.30	 -47.25	  39.45	
   12.00	 -45.90	  40.80	
   11.70	 -46.65	  39.60	
   12.30	 -46.05	  42.00	
   10.80	 -46.50	  39.45	
   13.05	 -45.30	  40.20	
   12.60	 -47.25	  39.90	
   11.85	 -46.50	  40.20	
   12.75	 -46.65	  40.05	
   11.40	 -45.90	  41.10	
   12.60	 -47.25	  41.25	
   11.55	 -46.80	  39.90	
   11.70	 -45.90	  40.35	
   13.05	 -46.80	  40.65	
   11.55	 -47.25	  38.70	
   11.85	 -45.75	  39.45	
   13.65	 -45.75	  41.25	
   12.60	 -46.05	  40.95	
   12.00	 -47.10	  40.35	
   13.50	 -46.65	  41.10	
   13.65	 -46.80	  39.45	
   12.00	 -47.40	  40.35	
   11.85	 -45.30	  40.65	
   11.55	 -46.05	  38.40	
   12.00	 -47.40	  39.30	
   13.20	 -45.90	  40.05	
   13.05	 -46.80	  39.90	
   12.30	 -45.30	  40.20	
   13.35	 -46.50	  40.65	
   11.40	 -47.10	  40.35	
   13.05	 -45.75	  40.95	
   12.75	 -45.15	  40.80	
   12.75	 -46.35	  40.05	
   11.40	 -46.35	  39.60	
   13.05	 -46.50	  40.95	
   12.75	 -45.15	  40.05	
   12.45	 -47.40	  40.05	
   12.30	 -45.00	  40.95	
   10.95	 -45.90	  40.35	
   13.05	 -45.75	  40.95	
   12.30	 -46.05	  41.25	
   10.05	 -46.05	  39.15	
   11.85	 -46.80	  39.90	
   10.80	 -45.75	  40.65	
   13.50	 -45.90	  39.30	
   13.20	 -45.90	  41.10	
   12.45	 -45.90	  38.25	
   11.40	 -45.60	  40.35	
   12.45	 -46.35	  40.05	
   11.55	 -46.50	  39.90	
   11.55	 -47.25	  40.20	
   12.45	 -45.90	  39.30	
   13.95	 -45.90	  40.05	
   11.70	 -46.35	  40.80	
   11.85	 -46.80	  40.65	
   12.45	 -47.70	  40.35	
   12.00	 -45.60	  40.05	
   13.20	 -45.90	  41.10	
   11.85	 -47.55	  40.65	
   13.35	 -45.30	  40.95	
   12.60	 -45.75	  40.20	
   13.05	 -46.80	  40.95	
   12.45	 -45.15	  40.80	
   11.70	 -47.10	  41.85	
   13.95	 -47.70	  40.05	
   15.00	 -46.65	  41.55	
   13.35	 -47.25	  42.45	
   12.45	 -43.65	  43.35	
   14.85	 -49.35	  39.90	
   18.45	 -51.60	  37.95	
   19.05	 -49.95	  39.00	
   19.05	 -50.70	  36.75	
   23.55	 -55.05	  37.05	
   17.40	 -49.80	  39.45	
   15.60	 -48.30	  39.45	
   15.00	 -48.45	  40.05	
   15.75	 -48.15	  37.50	
   13.20	 -44.85	  40.80	
   11.70	 -45.15	  39.30	
    6.90	 -44.85	  38.25	
    5.10	 -44.40	  34.50	
    3.00	 -43.20	  34.35	
    6.75	 -42.75	  32.55	
    0.00	 -42.30	  30.45	
   -2.55	 -42.30	  29.40	
   -6.15	 -41.10	  29.70	
   -8.25	 -36.60	  30.60	
   -9.30	 -40.20	  30.60	
   -8.70	 -39.60	  28.20	
   -7.65	 -41.10	  30.15	
   -7.80	 -39.90	  29.55	
   -8.40	 -40.35	  28.20	
   -7.50	 -39.90	  27.30	
  -10.35	 -40.20	  30.30	
   -8.25	 -40.95	  27.00	
   -9.00	 -37.65	  30.30	
   -7.05	 -39.45	  31.05	
   -4.35	 -37.80	  29.40	
   -0.90	 -40.65	  29.25	
    0.15	 -36.15	  26.55	
   -0.60	 -36.00	  28.20	
    0.30	 -36.75	  28.20	
   -0.60	 -36.75	  28.20	
   -3.45	 -36.15	  25.80	
   -5.40	 -37.50	  26.10	
   -8.25	 -38.70	  26.55	
  -11.40	 -34.20	  28.20	
  -12.60	 -34.35	  32.55	
  -13.65	 -35.10	  31.05	
   -6.90	 -37.80	  27.15	
   -5.40	 -35.55	  25.35	
   -3.30	 -36.00	  23.85	
   -1.80	 -36.75	  28.95	
   -2.25	 -40.20	  27.00	
    1.05	 -38.25	  29.70	
   -1.05	 -40.35	  29.70	
   -1.80	 -37.80	  30.15	
   -4.20	 -41.70	  26.25	
   -3.45	 -40.20	  28.05	
   -2.10	 -37.50	  27.15	
   -2.25	 -37.95	  28.50	
   -2.25	 -39.45	  29.55	
   -3.30	 -38.55	  27.45	
   -2.25	 -38.40	  25.80	
   -2.55	 -39.00	  28.65	
   -3.45	 -37.65	  28.05	
   -1.20	 -39.15	  26.25	
   -4.20	 -35.85	  28.50	
   -1.05	 -37.80	  27.45	
   -1.05	 -44.10	  23.85	
   -1.35	 -42.60	  23.85	
    1.80	 -47.70	  23.85	
   -0.45	 -46.50	  24.00	
   -4.50	 -40.95	  28.05	
   -5.40	 -36.75	  27.45	
   -5.70	 -39.15	  29.25	
   -5.85	 -37.50	  28.65	
   -4.50	 -38.70	  28.50	
   -6.75	 -36.90	  28.80	
   -4.95	 -40.65	  28.50	
   -6.90	 -39.30	  26.85	
   -5.10	 -39.00	  30.15	
   -5.10	 -39.60	  29.40	
   -6.90	 -39.30	  30.45	
   -7.35	 -38.55	  26.40	
   -6.15	 -39.00	  27.15	
   -6.00	 -37.20	  28.50	
   -5.70	 -37.20	  28.50	
   -4.50	 -39.15	  28.80	
   -5.70	 -39.90	  27.00	
   -3.00	 -37.95	  27.75	
   -6.15	 -36.30	  26.40	
   -4.20	 -39.15	  28.05	
   -3.90	 -40.35	  28.65	
   -4.95	 -37.95	  30.30	
   -4.95	 -40.20	  30.30	
   -7.05	 -39.90	  31.05	
  -12.00	 -36.75	  32.70	
  -12.75	 -37.05	  31.95	
  -13.95	 -33.00	  33.45	
  -16.05	 -36.30	  29.70	
  -15.00	 -34.20	  28.65	
   -2.85	 -34.20	  34.50	
    4.65	 -43.35	  32.70	
   10.35	 -46.05	  37.20	
   20.85	 -52.95	  44.85	
   24.15	 -61.80	  49.95	
   29.70	 -69.45	  54.45	
   24.15	 -69.15	  59.10	
   21.30	 -68.70	  61.35	
   20.85	 -66.90	  61.35	
   18.30	 -65.40	  61.35	
   19.95	 -65.25	  61.95	
   20.85	 -66.90	  61.35	
   19.05	 -66.60	  62.10	
   20.55	 -68.70	  59.10	
   21.45	 -66.30	  60.45	
   22.05	 -66.90	  59.85	
   20.85	 -67.20	  61.35	
   16.80	 -67.20	  65.40	
   15.75	 -65.85	  66.90	
   14.85	 -65.55	  68.25	
   12.00	 -67.65	  65.10	
   14.10	 -66.00	  62.70	
   15.60	 -63.45	  62.25	
   17.25	 -67.95	  61.35	
   19.80	 -65.10	  61.05	
   18.90	 -67.80	  61.20	
   18.75	 -67.65	  61.05	
   18.00	 -67.20	  61.80	
   17.70	 -67.05	  60.15	
   18.15	 -66.30	  60.45	
   18.30	 -67.65	  61.05	
   17.55	 -65.85	  60.60	
   18.00	 -66.90	  61.35	
   18.00	 -67.20	  59.10	
   18.90	 -67.80	  61.20	
   18.30	 -69.15	  61.80	
   18.45	 -68.25	  60.15	
   19.20	 -69.30	  60.45	
   20.70	 -73.65	  59.40	
   19.20	 -67.05	  61.20	
   23.70	 -69.30	  57.90	
   22.80	 -72.45	  57.30	
   26.85	 -70.65	  55.50	
   28.65	 -72.45	  57.00	
   20.10	 -68.40	  59.55	
   21.30	 -66.90	  60.30	
   21.60	 -66.60	  59.55	
   18.90	 -64.20	  60.15	
   21.45	 -63.45	  60.15	
   20.70	 -65.25	  60.75	
   22.95	 -67.05	  58.95	
   22.20	 -66.75	  58.95	
   21.45	 -68.25	  58.20	
   22.95	 -66.75	  61.20	
   20.55	 -68.40	  59.85	
   22.50	 -67.80	  61.20	
   21.30	 -69.45	  62.85	
   22.05	 -69.45	  62.10	
   20.40	 -68.85	  60.15	
   18.45	 -68.85	  62.70	
   20.70	 -67.80	  63.00	
   19.95	 -70.05	  61.20	
   21.60	 -68.40	  62.85	
   21.60	 -67.95	  63.15	
   19.95	 -70.05	  63.75	
   19.20	 -68.85	  63.45	
   18.15	 -68.85	  61.95	
   19.80	 -68.40	  62.55	
   13.50	 -63.90	  62.10	
   18.45	 -67.05	  61.20	
   17.10	 -64.50	  63.75	
   13.05	 -60.75	  66.00	
   15.00	 -63.15	  64.35	
   14.85	 -60.75	  64.20	
   15.00	 -66.90	  62.55	
   16.50	 -62.85	  62.55	
   15.75	 -65.85	  63.15	
   18.90	 -64.50	  63.45	
   15.60	 -64.50	  62.70	
   17.70	 -66.75	  64.20	
   16.80	 -64.35	  61.35	
   18.90	 -66.30	  61.50	
   18.15	 -66.75	  61.20	
   18.15	 -65.55	  61.20	
   15.90	 -67.80	  59.70	
   15.90	 -67.05	  59.70	
   17.25	 -67.20	  61.35	
   15.15	 -66.75	  59.70	
   16.65	 -65.55	  61.20	
   16.35	 -66.30	  60.75	
   15.60	 -66.75	  59.70	
   15.75	 -66.60	  60.30	
   15.00	 -66.15	  60.30	
   16.35	 -67.05	  60.75	
   15.75	 -67.20	  60.60	
   15.60	 -67.05	  60.45	
   15.90	 -64.80	  60.45	
   14.70	 -69.15	  60.30	
   16.80	 -66.15	  59.55	
   15.75	 -65.40	  60.30	
   16.35	 -66.75	  61.95	
   15.90	 -66.75	  60.75	
   15.15	 -67.50	  60.75	
   17.25	 -65.85	  60.60	
   16.05	 -65.85	  60.30	
   15.75	 -66.90	  61.05	
   15.75	 -67.20	  60.60	
   15.75	 -66.60	  59.85	
   15.90	 -67.50	  60.45	
   15.75	 -66.15	  61.80	
   16.50	 -66.60	  59.55	
   16.05	 -65.10	  59.85	
   14.85	 -67.05	  60.75	
   15.60	 -66.30	  60.75	
   15.15	 -67.50	  61.50	
   17.10	 -66.30	  61.20	
   16.05	 -66.60	  60.30	
   15.90	 -67.50	  61.95	
   17.10	 -68.55	  61.20	
   17.40	 -65.55	  60.45	
   15.00	 -67.65	  59.85	
   16.65	 -68.25	  61.95	
   15.60	 -66.75	  60.15	
   15.60	 -66.75	  60.45	
   17.25	 -66.60	  59.10	
   16.35	 -64.50	  60.75	
   16.50	 -67.20	  59.55	
   15.75	 -67.95	  59.10	
   16.80	 -66.15	  62.85	
   15.15	 -67.50	  59.70	
   15.45	 -67.95	  61.05	
   16.80	 -66.90	  60.60	
   17.40	 -65.55	  60.45	
   15.75	 -66.15	  60.60	
   15.15	 -65.25	  60.15	
   15.45	 -65.85	  61.05	
   16.35	 -67.80	  58.95	
   16.35	 -67.50	  61.20	
   14.85	 -66.30	  60.75	
   15.90	 -66.00	  61.20	
   16.35	 -66.75	  60.45	
   15.60	 -65.55	  61.95	
   15.75	 -66.60	  59.85	
   15.60	 -66.00	  61.20	
   17.70	 -65.55	  61.95	
   16.50	 -66.60	  59.10	
   17.10	 -66.30	  60.75	
   14.25	 -65.85	  59.85	
   18.30	 -65.85	  61.35	
   14.25	 -67.20	  61.35	
   15.75	 -65.10	  59.85	
   16.50	 -66.15	  62.55	
   15.45	 -67.95	  60.30	
   17.25	 -65.85	  60.30	
   15.00	 -66.90	  59.55	
   14.85	 -67.50	  61.20	
   16.65	 -66.30	  61.50	
   15.15	 -66.30	  61.20	
   17.55	 -66.60	  59.55	
   16.50	 -67.20	  60.60	
   16.80	 -67.95	  60.60	
   15.45	 -66.60	  59.85	
   16.35	 -68.25	  60.45	
   15.15	 -66.00	  61.20	
   15.75	 -67.95	  59.85	
   16.50	 -66.15	  60.60	
   16.50	 -66.60	  60.60	
   16.65	 -66.30	  61.20	
   15.60	 -65.25	  59.40	
   18.00	 -66.60	  60.30	
   17.10	 -66.75	  59.70	
   14.85	 -66.00	  61.20	
   16.65	 -67.05	  60.15	
   15.00	 -67.20	  60.30	
   16.05	 -66.15	  60.30	
   15.60	 -67.50	  59.70	
   15.90	 -64.80	  59.40	
   15.90	 -67.50	  61.20	
   14.85	 -65.25	  60.75	
   16.50	 -67.20	  59.85	
   16.50	 -67.95	  60.30	
   15.15	 -67.50	  60.45	
   14.70	 -66.60	  61.05	
   15.90	 -66.30	  60.45	
   15.75	 -67.20	  60.30	
   16.50	 -66.90	  61.35	
   15.75	 -66.90	  62.85	
   16.35	 -66.00	  60.15	
   16.50	 -66.15	  60.30	
   15.90	 -66.00	  60.45	
   15.90	 -67.05	  59.70	
   17.55	 -66.90	  59.85	
   15.15	 -65.55	  59.70	
   15.90	 -66.75	  61.20	
   14.70	 -67.20	  61.35	
   16.35	 -66.00	  62.70	
   17.55	 -66.15	  60.60	
   17.40	 -70.05	  60.15	
   18.15	 -69.30	  59.40	
   19.80	 -68.70	  59.85	
   21.75	 -71.55	  60.15	
   22.80	 -69.90	  59.85	
   20.40	 -67.05	  59.70	
   20.10	 -66.60	  59.10	
   17.25	 -65.40	  59.10	
   13.35	 -59.40	  60.45	
   19.50	 -62.85	  62.55	
   22.35	 -64.65	  59.85	
   22.35	 -63.60	  57.75	
   23.55	 -61.80	  57.75	
   22.95	 -59.70	  56.40	
   22.05	 -62.55	  52.20	
   22.80	 -62.55	  50.70	
   23.55	 -63.60	  51.00	
   23.25	 -63.75	  49.05	
   23.25	 -61.20	  47.25	
   23.25	 -60.75	  45.00	
   27.90	 -61.35	  46.35	
   27.30	 -58.20	  44.25	
   27.90	 -59.55	  39.30	
   22.80	 -51.00	  40.80	
   16.80	 -48.45	  40.05	
   18.45	 -49.35	  42.00	
   17.40	 -48.75	  42.45	
   16.05	 -51.45	  42.30	
   17.25	 -48.90	  44.10	
   17.40	 -49.35	  46.05	
   21.75	 -53.10	  48.30	
   18.00	 -51.00	  50.70	
   22.50	 -56.10	  47.55	
   22.80	 -55.80	  50.40	
   22.50	 -59.70	  53.40	
   22.95	 -59.40	  53.85	
   22.80	 -59.85	  52.95	
   20.40	 -59.70	  57.15	
   18.30	 -57.00	  60.60	
   15.75	 -58.50	  62.10	
   18.00	 -58.80	  59.10	
   14.25	 -54.75	  57.75	
   18.30	 -52.20	  57.75	
   21.60	 -60.60	  53.25	
   24.00	 -59.40	  55.35	
   22.35	 -58.80	  55.80	
   22.35	 -57.30	  55.80	
   21.75	 -57.45	  57.45	
   22.20	 -57.45	  57.45	
   21.15	 -55.35	  57.45	
   21.75	 -57.45	  57.15	
   21.15	 -57.45	  56.85	
   20.40	 -57.45	  56.10	
   21.75	 -55.35	  57.90	
   23.55	 -56.25	  56.55	
   21.15	 -57.45	  58.20	
   22.80	 -55.80	  57.00	
   23.70	 -60.15	  55.35	
   23.25	 -60.15	  56.10	
   23.10	 -60.30	  56.25	
   22.20	 -60.15	  54.90	
   21.30	 -59.55	  52.95	
   21.30	 -59.85	  54.45	
   20.40	 -59.40	  53.10	
   22.80	 -58.80	  54.45	
   19.95	 -57.45	  54.15	
   20.70	 -59.70	  53.40	
   23.25	 -60.15	  52.05	
   24.15	 -61.05	  52.50	
   28.20	 -61.80	  50.70	
   28.05	 -64.50	  48.30	
   22.05	 -58.80	  51.00	
   23.10	 -61.05	  51.45	
   23.85	 -59.85	  53.70	
   22.80	 -59.85	  53.70	
   21.75	 -58.95	  53.10	
   22.20	 -57.90	  53.85	
   22.35	 -58.80	  54.00	
   23.10	 -58.50	  54.45	
   19.50	 -58.05	  55.80	
   20.40	 -57.15	  54.15	
   20.70	 -59.40	  53.85	
   22.20	 -59.40	  54.90	
   21.45	 -61.50	  54.60	
   21.45	 -58.65	  56.10	
   22.50	 -59.70	  54.60	
   20.40	 -60.75	  51.60	
   21.60	 -59.85	  53.70	
   22.50	 -59.70	  53.85	
   23.55	 -63.15	  49.65	
   22.05	 -63.15	  54.45	
   19.95	 -58.65	  59.40	
   23.55	 -61.80	  55.50	
   25.50	 -61.20	  54.90	
    1.35	  50.70	  30.90	
   -2.25	  34.65	  28.80	
    2.10	   8.40	  27.15	
   -0.45	  -0.15	  22.95	
  -13.65	  -0.15	  21.15	
   -4.20	 -17.40	  19.20	
    1.35	 -11.70	  18.00	
    4.50	 -14.85	  22.20	
   14.85	 -16.65	  19.65	
   27.45	 -11.40	  19.80	
   34.50	  -1.05	  17.25	
   43.65	 -10.95	  18.75	
   30.45	 -10.65	  21.30	
   26.40	  -1.35	  20.85	
   22.95	  -3.75	  20.70	
   26.10	  -4.35	  23.55	
   23.10	  -2.55	  20.55	
   27.75	  -4.50	  21.45	
   22.35	   0.30	  20.10	
   12.30	 -17.70	  16.35	
   -8.55	 -10.05	  18.45	
  -23.10	  -9.45	  21.60	
  -15.00	 -26.40	  17.55	
  -13.65	  -8.55	  19.65	
   -8.40	  -9.90	  21.60	
   -9.90	  -9.90	  20.55	
    0.30	  -8.40	  24.60	
   -4.20	 -21.45	  17.70	
   -9.45	 -20.10	  20.10	
  -20.10	 -17.25	  20.85	
  -23.25	 -25.80	  17.40	
  -18.30	 -45.15	  11.40	
    6.15	-111.00	  -6.90	
   20.40	-181.95	 -24.00	
   35.10	-207.60	 -29.55	
   36.75	-236.10	 -31.50	
    7.35	-232.80	 -28.20	
  -21.60	-175.05	 -13.95	
  -41.25	 -40.65	  18.15	
  -36.30	 -23.10	  19.80	
  -21.15	-102.00	  -2.25	
  -14.85	-154.35	 -10.05	
  -13.50	-184.95	 -19.05	
  -24.90	-201.60	 -20.10	
  -30.60	-209.85	 -22.50	
  -48.30	-180.45	 -20.70	
  -48.90	 -78.30	   4.35	
  -43.20	 -91.80	  -0.45	
  -56.10	-113.10	  -4.20	
  -59.70	-133.35	  -7.05	
  -69.15	-148.65	  -7.95	
  -70.95	-145.65	 -10.20	
  -73.35	-156.45	 -13.05	
  -57.15	-147.00	 -17.40	
  -60.15	-142.95	 -35.85	
  -15.00	-105.60	 -15.00	
   -0.15	-122.25	  -0.90	
   -5.25	-123.45	   0.90	
    0.30	-123.15	   3.30	
   10.20	-118.80	  -1.35	
   -3.60	-104.10	   3.30	
  -13.20	 -80.55	  -0.30	
  -19.80	 -62.85	   7.35	
  -22.50	 -58.20	   3.75	
   -1.05	 -76.05	   5.10	
   31.05	 -90.60	  -1.20	
   33.90	 -49.80	  16.35	
   40.35	 -34.95	  23.10	
   30.90	 -18.75	  26.85	
   53.70	 -58.05	  20.10	
   33.75	 -58.80	  18.75	
   20.55	 -62.10	  18.00	
   18.45	 -66.75	  16.35	
   15.90	 -68.85	  17.40	
   13.50	 -72.00	  18.75	
   13.95	 -71.70	  16.50	
   18.00	 -68.70	  15.45	
   22.35	 -69.45	  17.25	
   23.85	 -70.20	  17.25	
   19.95	 -69.30	  16.65	
    7.65	 -72.45	  15.75	
  -14.25	 -78.60	  17.25	
   -9.45	 -80.85	  15.00	
    4.50	 -70.80	  18.90	
    6.00	 -68.55	  17.70	
    9.90	 -66.15	  17.55	
   12.30	 -64.80	  17.40	
    6.00	 -66.00	  18.15	
   -0.45	 -67.80	  18.90	
   14.25	 -63.60	  18.30	
   41.85	 -52.50	  19.05	
   54.45	 -47.40	  20.55	
   57.15	 -46.50	  22.20	
   57.75	 -44.10	  21.60	
   51.60	 -48.00	  20.70	
   36.00	 -51.00	  20.10	
    6.00	 -57.90	  17.40	
   -3.90	 -64.65	  18.00	
   -6.00	 -65.25	  18.15	
   -6.90	 -65.40	  18.30	
  -10.20	 -67.65	  18.30	
   10.35	 -60.75	  18.45	
   14.25	 -60.60	  18.30	
    0.45	 -64.80	  18.45	
   -2.85	 -65.40	  18.75	
   -2.55	 -65.85	  17.25	
   -2.25	 -66.75	  17.40	
    0.15	 -66.00	  19.20	
    3.00	 -63.45	  18.45	
    5.40	 -63.60	  17.55	
   -4.20	 -66.00	  18.15	
   -6.15	 -66.90	  16.80	
   -9.45	 -67.20	  17.55	
  -11.10	 -68.55	  17.40	
  -14.40	 -70.80	  16.35	
  -15.00	 -69.15	  15.75	
  -15.60	 -71.55	  17.10	
  -15.00	 -72.00	  16.80	
  -15.15	 -71.55	  17.10	
  -13.95	 -69.90	  16.50	
  -11.85	 -71.55	  16.65	
  -10.05	 -71.10	  17.70	
  -19.20	 -58.20	  19.95	
  -20.85	 -44.40	  23.10	
    0.00	 -57.00	  22.05	
    1.20	 -59.40	  18.45	
   29.55	 -82.95	  16.65	
   16.65	 -51.30	  25.80	
  -11.70	 -16.80	  33.00	
  -33.90	   6.75	  30.60	
  -60.45	  25.50	  22.95	
  -80.55	  36.30	  34.95	
  -83.85	  29.70	  45.15	
  -96.00	  59.85	  39.30	
  -98.70	  89.10	  53.40	
 -104.55	 110.10	  41.70	
 -109.05	 153.90	  57.45	
 -100.20	 157.65	  68.85	
  -87.90	 169.95	  62.85	
  -57.15	 106.05	  45.30	
  -35.40	  65.55	  32.55	
  -17.70	  15.60	  34.35	
  -17.70	  -0.15	  33.60	
  -13.20	  -1.05	  26.85	
  -50.70	 -19.05	  45.60	
 -162.15	  92.70	  38.25	
 -248.25	 218.55	  66.15	
 -309.15	 329.10	  88.05	
 -315.90	 348.60	  84.30	
 -256.20	 316.95	  89.55	
 -179.55	 231.00	  79.80	
  -75.60	 127.80	  35.40	
  -26.25	  46.80	  42.75	
  -17.55	  43.05	  39.00	
  -14.70	  28.20	  28.20	
  -25.80	  11.10	  21.15	
  -40.80	  12.45	  27.90	
  -49.80	   0.15	  27.00	
  -20.70	  -0.90	  24.45	
   -3.30	 -19.50	  30.90	
   12.30	 -48.00	  11.85	
   21.75	 -31.80	  14.85	
    2.85	 -24.15	  16.05	
    5.40	 -26.40	  23.10	
   26.10	 -56.55	  22.05	
   16.05	 -32.70	  19.80	
  -12.45	 -46.35	  19.50	
  -49.65	 -26.10	  23.85	
  -40.80	 -21.30	  21.30	
   -2.70	 -26.25	  10.80	
    8.25	 -32.55	   7.05	
   -7.35	 -49.95	  12.75	
  -17.40	 -36.60	  23.70	
  -26.85	 -16.50	  14.25	
  -23.70	   0.15	  16.35	
  -12.45	  -0.60	  28.20	
   -8.70	 -16.05	  19.80	
  -22.80	 -14.25	  16.50	
  -21.45	   3.00	  26.55	
  -16.05	  -5.40	  19.05	
   -5.10	 -24.60	  19.05	
   16.50	 -97.50	  -1.05	
   40.80	-149.70	 -21.60	
   48.15	-192.75	 -23.85	
   48.90	-243.15	 -25.65	
   33.75	-213.75	 -32.70	
   19.20	-248.10	 -34.65	
   -0.45	-124.80	 -12.60	
   -2.25	 -81.45	   8.55	
   -0.60	 -61.05	   6.90	
   -9.15	-101.55	  -6.15	
  -30.30	 -81.45	  -0.15	
  -27.00	 -88.05	  13.05	
   -9.45	 -59.55	   2.55	
   20.85	 -90.45	  -2.85	
   29.40	 -61.05	  -6.90	
   79.95	 -86.25	 -17.10	
   98.85	-134.55	 -11.40	
   70.35	-149.10	  -6.75	
   57.00	-146.70	  -9.90	
   46.80	-148.80	 -13.05	
   27.15	-115.05	   9.90	
   31.95	 -91.50	   3.90	
   28.05	-113.40	  -1.20	
   36.60	-111.90	  -7.80	
   26.55	-117.15	   4.20	
    5.70	 -89.55	  -0.90	
   18.90	-106.05	   0.90	
   10.20	 -83.10	  10.95	
    0.45	 -72.60	   7.50	
   13.20	-101.85	   5.85	
    2.70	 -68.85	  16.35	
   25.20	 -88.80	  11.10	
    0.90	 -57.45	  18.15	
   11.85	 -63.75	  15.15	
   21.15	 -63.00	  17.40	
   15.15	 -63.45	  16.65	
    1.35	 -67.95	  15.75	
    2.55	 -67.65	  16.05	
    3.00	 -66.75	  17.10	
    1.95	 -65.25	  17.40	
  -26.10	 -71.70	  16.05	
  -48.45	 -79.05	  13.95	
  -24.15	 -73.95	  15.45	
  -10.65	 -70.95	  15.00	
  -11.55	 -72.60	  15.90	
  -12.75	 -70.65	  15.45	
  -21.15	 -73.65	  15.90	
  -25.65	 -76.05	  15.45	
  -32.85	 -78.15	  15.60	
  -36.90	 -81.00	  15.60	
  -57.90	 -86.55	  13.35	
  -68.40	 -92.70	  12.00	
  -66.15	 -92.25	  13.20	
  -51.00	 -87.15	  12.45	
  -39.60	 -84.60	  14.70	
  -22.80	 -80.55	  14.70	
   -5.40	 -71.70	  15.45	
   -1.20	 -70.80	  15.15	
  -10.95	 -73.20	  15.45	
   -9.30	 -72.60	  16.35	
   -2.85	 -70.20	  16.05	
    1.95	 -70.80	  15.90	
   -4.65	 -69.90	  16.80	
  -24.15	 -77.55	  15.45	
  -30.30	 -79.20	  14.85	
   -3.90	 -73.20	  14.70	
    9.30	 -70.80	  15.90	
   21.30	 -66.60	  15.45	
   21.75	 -66.75	  15.90	
   20.55	 -65.40	  15.75	
   20.70	 -66.30	  16.65	
   21.75	 -67.05	  16.65	
   22.50	 -66.75	  17.10	
   20.55	 -64.65	  14.25	
   18.15	 -64.80	  17.10	
   18.45	 -65.25	  17.10	
   18.75	 -65.85	  17.25	
   15.00	 -64.35	  17.55	
    9.15	 -67.65	  15.75	
    4.20	 -70.35	  14.85	
    4.20	 -70.35	  15.15	
    3.75	 -72.60	  15.15	
   15.45	 -68.40	  16.50	
   17.70	 -66.75	  16.35	
   16.35	 -68.55	  18.15	
   14.85	 -68.85	  15.15	
    2.85	 -55.80	  19.05	
  -10.80	 -44.70	  19.65	
    1.80	 -54.00	  20.85	
   22.05	 -87.45	  10.95	
   -6.00	 -36.90	  25.50	
   17.40	 -54.90	  18.90	
    3.45	 -41.25	  13.35	
  -25.35	  30.90	  27.45	
  -36.60	  49.05	  31.35	
  -38.70	  75.90	  38.70	
  -48.15	  98.55	  49.20	
  -39.00	 109.20	  43.35	
  -48.15	 145.20	  57.30	
  -44.10	 173.55	  55.50	
  -16.65	 178.95	  64.80	
  -21.60	 211.20	  84.15	
  -25.80	 239.25	  72.90	
    7.95	 174.75	  65.10	
   19.50	  83.10	  54.75	
    0.30	  42.60	  19.80	
  -20.85	  49.20	  30.45	
  -29.25	  28.50	  29.85	
  -48.75	  21.75	  31.05	
  -75.15	  88.35	  49.05	
 -107.85	 205.80	  73.65	
 -149.10	 344.10	  97.95	
 -115.50	 363.90	  91.20	
 -112.65	 344.10	  85.05	
 -111.75	 321.90	  82.65	
  -51.00	 243.15	  68.40	
  -30.30	 125.25	  48.30	
  -28.05	  92.40	  42.45	
  -19.95	  82.20	  40.20	
  -13.95	  49.65	  35.25	
  -12.30	  34.35	  28.50	
    1.35	  19.50	  27.45	
   -0.90	  -0.45	  22.20	
    1.05	  -2.10	  24.15	
    0.45	 -14.85	  15.15	
    1.65	  -4.20	  24.75	
    7.05	 -12.30	  18.45	
    9.15	 -21.60	  22.80	
    6.90	 -17.55	  18.75	
    1.80	 -13.95	  24.15	
    6.30	 -17.10	  18.90	
   17.70	  -9.30	  21.15	
   13.95	 -13.50	  19.05	
   19.95	 -21.15	  22.20	
    6.60	 -22.05	  18.00	
    3.75	 -17.70	  15.90	
   -1.05	 -12.00	  20.85	
    1.95	 -41.25	  13.05	
    7.50	-106.50	   0.45	
   11.40	-201.90	 -19.50	
    3.30	-235.50	 -38.55	
    1.05	-249.45	 -43.65	
   -4.35	-244.65	 -52.20	
  -23.55	-185.40	  -9.90	
    0.30	-169.20	 -18.00	
   -6.00	-208.35	 -19.20	
    6.60	-195.30	 -22.35	
   11.10	-187.05	 -14.40	
  -14.70	-110.70	   1.80	
  -16.05	 -61.35	  12.45	
  -26.55	 -77.70	   6.30	
  -77.25	-109.95	  -6.60	
  -82.50	-151.35	  -4.20	
 -114.00	-149.25	 -11.70	
 -103.35	-158.85	  -4.65	
  -42.60	-160.05	  -9.15	
  -22.50	-107.55	  -1.95	
   -1.20	 -92.85	   7.50	
    5.70	 -70.35	   0.15	
    7.65	 -72.00	   9.90	
    0.60	 -87.15	  -2.10	
   11.55	 -98.40	   3.45	
    3.45	-108.60	  -3.45	
   -9.30	-102.45	   5.70	
  -28.65	 -81.30	  14.25	
  -28.50	 -78.45	   9.75	
   -6.75	 -49.05	  14.40	
   15.75	 -61.05	   5.10	
   36.90	 -68.55	   5.25	
   52.20	 -31.20	  18.00	
   87.90	 -31.20	  19.80	
   79.20	  -9.00	  25.80	
   86.55	 -31.35	  21.75	
   61.05	 -15.00	  25.65	
   33.60	 -21.45	  22.20	
   16.05	 -29.70	  21.30	
   12.75	 -33.45	  21.60	
    9.45	 -32.70	  21.60	
   10.80	 -32.10	  19.20	
   13.05	 -31.35	  20.70	
   14.10	 -33.30	  21.15	
   -3.60	 -35.25	  21.30	
   10.65	 -31.20	  21.60	
   25.20	 -27.00	  22.95	
   27.45	 -27.15	  23.10	
   35.55	 -25.35	  22.05	
   56.85	 -17.40	  23.70	
   54.90	 -18.45	  22.20	
   44.10	 -20.10	  23.85	
   35.10	 -24.45	  23.70	
   27.90	 -26.10	  22.05	
   23.85	 -26.10	  22.05	
   18.75	 -28.20	  22.05	
   19.50	 -28.65	  20.10	
   26.40	 -26.40	  22.05	
   35.40	 -24.45	  21.75	
   39.90	 -25.50	  22.95	
   44.25	 -21.15	  22.20	
   58.50	 -19.05	  22.80	
   73.35	 -12.60	  24.45	
   57.30	 -15.75	  25.35	
   13.50	 -27.15	  20.55	
  -31.05	 -40.20	  19.65	
  -21.30	 -39.30	  19.05	
  -22.80	 -41.10	  19.50	
  -12.00	 -39.00	  22.35	
    0.15	 -37.65	  20.40	
   16.50	 -32.25	  20.85	
   31.20	 -27.15	  23.55	
   31.50	 -27.15	  22.05	
   29.70	 -25.35	  22.80	
   19.95	 -27.75	  21.75	
   -1.95	 -33.60	  21.75	
  -21.30	 -41.55	  18.75	
  -24.00	 -42.45	  20.70	
  -24.45	 -43.95	  19.95	
  -26.10	 -44.40	  18.30	
  -23.55	 -44.40	  19.50	
  -22.05	 -44.10	  18.75	
  -16.80	 -40.35	  19.05	
   -7.50	 -38.70	  17.70	
   -7.65	 -37.50	  20.10	
  -13.35	 -41.25	  19.95	
  -26.10	 -43.35	  19.80	
  -39.30	 -47.10	  19.05	
  -46.80	 -49.80	  18.90	
  -61.95	 -54.15	  17.70	
  -71.25	 -55.05	  16.05	
  -70.65	 -57.00	  16.50	
  -63.00	 -56.40	  17.40	
  -61.20	 -53.85	  17.10	
  -53.10	 -36.60	  20.70	
  -40.95	 -16.65	  25.50	
  -20.55	 -27.45	  26.10	
  -24.60	 -34.20	  21.60	
    1.35	 -53.25	  15.75	
  -22.05	 -10.20	  28.95	
  -34.35	  28.80	  36.90	
  -36.75	  56.55	  42.60	
  -19.95	  66.30	  42.75	
  -16.80	  93.45	  49.95	
  -33.75	 155.55	  52.95	
  -33.75	 186.45	  57.75	
  -23.85	 186.45	  54.45	
   -9.45	 211.50	  64.65	
    0.45	 229.05	  73.65	
    1.80	 264.90	  82.35	
   35.40	 244.80	  72.60	
   50.70	 143.85	  49.65	
   51.30	  54.90	  27.00	
   40.05	  29.40	  45.15	
   17.25	  -0.60	  23.55	
   -3.75	 -18.45	  15.15	
    9.15	 -26.40	  21.60	
   -1.05	  25.65	  43.35	
   26.85	  48.15	  27.90	
   48.45	  -5.10	  24.60	
   71.70	  -1.05	  17.55	
   63.60	   0.60	  26.85	
   56.55	 -12.45	  23.85	
   70.05	 -21.45	  23.25	
   59.85	 -18.00	  26.85	
   53.10	 -25.50	  31.05	
   35.10	 -28.50	  28.05	
   44.25	 -63.00	  10.80	
   79.95	 -87.75	   6.00	
   73.20	-105.60	   0.30	
   43.35	-117.00	   3.60	
   24.75	-102.45	   9.75	
   17.25	 -89.70	  10.65	
   19.05	 -72.45	  20.55	
   25.35	 -75.30	  19.50	
   20.10	 -86.70	  15.75	
   -6.90	 -88.95	  15.45	
  -17.70	-104.55	  12.60	
  -21.45	-102.75	  14.40	
  -10.80	-102.75	  12.30	
   11.70	 -81.30	  16.05	
   28.20	 -66.15	  14.70	
   15.45	 -77.25	  16.80	
   14.70	 -73.95	  12.00	
    9.90	 -67.95	  15.45	
   10.35	 -66.00	  10.05	
    5.70	 -68.85	  10.35	
   11.85	 -53.40	  13.65	
   -0.15	 -49.35	  12.60	
   -7.35	 -33.75	  14.25	
  -18.75	 -24.15	  20.55	
  -15.00	  -8.70	  23.55	
   -9.15	 -14.25	  16.80	
   -3.45	 -21.45	  20.40	
    1.80	 -10.95	  19.50	
    2.10	  -3.90	  23.55	
   -0.45	  -4.20	  23.25	
    7.65	  -4.35	  19.05	
   17.25	  -7.35	  21.30	
    7.35	 -15.75	  19.50	
    9.90	 -16.80	  20.10	
    4.20	 -12.30	  15.90	
   -2.70	 -18.15	  19.95	
  -20.70	 -17.70	  18.15	
  -40.65	 -31.05	  14.40	
  -56.85	 -25.50	  13.35	
  -60.30	 -28.95	  18.00	
  -97.50	  33.00	  33.45	
 -106.50	 178.20	  63.75	
 -103.65	 320.85	  97.50	
  -80.70	 383.55	 105.30	
  -57.45	 324.30	  92.40	
  -38.70	 191.85	  56.40	
  -11.70	  93.00	  40.35	
  -20.55	  49.65	  30.45	
  -21.45	  36.60	  29.85	
  -23.55	  27.45	  28.20	
  -13.20	  22.05	  29.40	
   -6.15	 -26.85	  16.05	
   23.70	-125.55	  -7.05	
    5.70	-100.95	   0.90	
  -43.35	-217.05	 -28.95	
  -73.20	-149.25	  -9.15	
  -46.50	  21.15	  27.75	
  -21.45	  57.90	  36.60	
   -3.45	  62.25	  34.65	
  -26.10	  48.90	  34.50	
  -25.20	  44.70	  32.55	
  -26.40	  47.70	  30.90	
  -22.35	  53.25	  38.25	
  -15.00	  71.70	  38.55	
   -7.65	  69.15	  36.00	
  -12.75	  59.55	  39.30	
  -23.85	  50.70	  35.25	
  -23.25	  64.20	  37.65	
   -1.20	  50.55	  32.85	
  -16.65	  55.35	  37.20	
  -19.50	  63.60	  37.50	
   -6.30	  48.75	  33.60	
   -4.20	 -33.90	  16.35	
   -4.20	-170.10	 -23.70	
  -21.15	-234.90	 -33.60	
  -22.05	-248.25	 -37.50	
  -26.85	-213.30	 -29.70	
    3.00	-196.20	 -25.80	
   10.05	-149.10	 -12.30	
  -10.65	  -8.40	  26.85	
   -3.45	  -9.75	  22.95	
    6.00	 -36.90	  15.15	
    1.80	 -73.20	   5.85	
   -5.40	-108.90	  -0.30	
  -19.65	-118.20	  -2.25	
   -6.30	-140.70	 -15.15	
  -18.45	-152.40	 -12.30	
  -18.30	-150.00	  -9.90	
   10.35	-136.65	 -27.00	
   23.85	-145.95	  -3.90	
   10.05	-136.65	 -10.05	
   -1.05	-134.55	  -3.90	
    9.30	-134.40	  -6.00	
   16.05	-107.40	   3.90	
   20.85	-102.15	   4.35	
   15.15	 -83.70	  15.90	
   -0.30	 -59.55	  18.00	
  -12.60	 -49.80	  15.15	
  -11.55	 -68.55	   5.70	
  -10.80	 -65.55	   3.00	
    7.95	 -67.95	   4.35	
   -1.65	 -20.70	  18.15	
   36.60	 -21.75	  17.10	
   79.05	 -46.35	  10.65	
   75.30	 -24.60	  18.00	
   73.95	 -22.35	  15.00	
   64.20	 -24.75	  15.90	
   15.15	 -33.90	  13.35	
   -3.45	 -33.90	  12.60	
   -2.70	 -35.40	  14.40	
    6.00	 -37.20	  14.10	
   10.35	 -37.95	  13.35	
   10.35	 -36.90	  13.65	
   12.60	 -37.95	  12.60	
   11.85	 -39.90	  13.65	
   12.45	 -42.30	  14.25	
    7.65	 -43.35	  12.45	
    3.60	 -44.85	  11.70	
   -8.70	 -51.45	  12.45	
  -20.40	 -54.60	  11.55	
  -26.85	 -57.75	  11.70	
  -22.50	 -60.15	  11.10	
  -13.20	 -54.45	   9.90	
    6.60	 -47.70	  13.20	
   19.65	 -39.45	  13.35	
   20.10	 -38.25	  13.95	
   17.55	 -38.25	  13.20	
   14.40	 -39.15	  14.10	
   19.05	 -40.35	  13.95	
   33.45	 -36.75	  12.45	
   40.05	 -33.45	  13.50	
   36.15	 -34.65	  14.85	
   31.20	 -37.50	  13.20	
    7.50	 -41.70	  13.35	
   -8.25	 -46.05	  13.65	
  -13.05	 -46.80	  11.55	
  -12.75	 -47.40	  11.40	
   -9.00	 -46.50	  11.55	
   -9.90	 -45.90	  12.00	
  -11.70	 -47.40	  12.75	
  -17.25	 -48.15	  12.00	
  -18.45	 -47.25	  12.60	
  -22.05	 -48.15	  11.70	
  -19.05	 -47.10	  13.50	
   -8.70	 -46.35	  12.75	
    1.65	 -42.75	  11.55	
    4.35	 -41.10	  12.75	
    0.60	 -43.05	  15.00	
    0.90	 -42.75	  14.10	
   10.95	 -40.80	  13.50	
    8.40	 -40.80	  11.70	
   -3.00	 -42.45	  13.65	
  -19.95	 -46.50	  13.35	
  -45.60	 -33.75	  16.50	
  -47.40	 -24.15	  18.00	
  -15.75	 -47.10	  13.20	
  -17.10	 -26.25	  19.20	
   -7.95	 -55.80	  11.40	
  -39.00	  -2.55	  26.10	
   -6.15	 -12.75	  29.40	
  -35.25	  46.35	  51.45	
  -48.15	  76.50	  52.95	
  -67.05	  91.80	  59.70	
  -91.50	 119.10	  52.20	
  -88.35	 148.35	  69.60	
 -128.55	 191.85	  79.65	
 -143.25	 204.30	  68.85	
 -132.45	 210.45	  64.35	
 -115.35	 209.85	  70.05	
  -63.00	 136.95	  60.15	
  -25.50	  70.80	  50.55	
  -40.95	   5.70	  34.65	
  -37.65	 -14.10	  20.40	
  -42.30	 -11.40	  22.05	
  -40.80	 -18.00	  20.85	
  -85.05	   0.45	  29.55	
 -115.65	  23.25	  33.90	
 -132.45	  49.65	  40.05	
 -202.50	 155.40	  73.35	
 -271.35	 275.70	  95.40	
 -232.05	 252.75	  85.65	
 -118.65	  91.05	  49.05	
  -53.25	   1.35	  27.15	
  -32.55	 -32.10	  23.25	
  -26.10	 -37.80	  19.50	
  -29.25	 -27.00	  24.00	
  -29.70	 -19.80	  26.85	
  -24.90	 -37.05	  18.75	
  -30.45	 -31.95	  19.50	
  -35.85	 -34.35	  24.45	
  -11.55	 -46.50	  17.70	
   12.75	 -73.20	  10.20	
   35.10	-110.85	   1.95	
   35.55	-127.95	  -1.05	
   31.35	-121.20	  -2.25	
   22.05	 -95.55	   5.85	
   17.55	 -77.25	   7.95	
    9.75	 -75.15	  12.30	
   -6.30	 -72.30	  13.05	
  -38.25	 -95.55	   8.40	
  -33.75	 -96.00	   6.60	
  -36.75	 -98.85	   6.90	
  -40.35	 -83.85	  10.95	
  -37.50	 -65.10	  13.20	
  -30.15	 -25.65	  23.10	
  -33.00	 -32.70	  21.30	
  -24.75	 -32.10	  19.65	
  -21.75	 -30.60	  18.15	
  -26.85	  -3.60	  23.55	
  -48.00	  -7.80	  29.25	
  -48.45	  12.75	  28.95	
  -36.30	  25.35	  29.70	
  -21.60	  19.05	  31.50	
   -2.25	  29.85	  30.30	
   17.40	  38.70	  33.30	
   18.90	  27.00	  33.60	
   25.20	  11.55	  26.25	
    9.00	  15.90	  25.80	
   -1.05	  19.05	  26.40	
  -12.75	   3.30	  23.85	
  -27.15	   2.10	  27.90	
  -39.00	  -3.30	  22.80	
  -43.65	   4.35	  30.15	
  -39.45	   3.75	  29.55	
  -24.75	  29.55	  34.35	
  -20.85	  43.65	  39.30	
  -26.55	  40.65	  36.15	
  -33.90	  70.35	  45.30	
  -35.25	  78.30	  50.70	
  -25.65	  78.00	  48.90	
  -16.65	  84.75	  46.05	
  -23.85	  94.80	  55.05	
  -20.70	  87.75	  52.35	
  -20.40	  77.70	  45.30	
  -18.75	 -24.90	  22.35	
  -58.95	  60.75	  44.25	
  -67.95	 112.20	  55.50	
  -67.05	 107.25	  58.65	
  -63.60	  90.15	  52.50	
  -52.20	  84.15	  52.20	
  -43.95	  71.10	  57.90	
  -37.20	  68.55	  50.10	
  -35.10	  66.00	  38.70	
  -63.90	  54.45	  55.50	
  -67.50	  75.90	  47.55	
  -57.30	  69.45	  51.45	
  -47.10	  61.35	  43.65	
  -54.60	  58.65	  48.30	
  -49.35	  70.05	  54.90	
  -57.90	  56.10	  44.70	
  -57.00	  64.65	  49.65	
  -51.00	  67.65	  49.95	
  -51.30	  63.75	  50.85	
  -62.10	  72.75	  49.20	
  -35.55	  66.15	  40.05	
   -0.15	  79.65	  45.00	
  -18.75	  82.35	  49.65	
  -30.30	  69.60	  48.30	
  -23.70	  68.25	  46.50	
  -26.10	  76.05	  56.25	
   15.00	 -27.90	  28.65	
   42.30	-169.50	 -16.50	
   39.30	-224.40	 -30.15	
   36.00	-221.40	 -30.45	
   40.65	-230.40	 -30.30	
   34.20	-223.35	 -30.45	
   20.70	-202.80	 -14.85	
    2.85	-165.15	 -15.00	
  -19.20	 -72.60	  15.15	
   -9.30	 -18.45	  23.25	
   -3.60	 -40.05	  22.35	
   -4.20	 -69.30	  10.05	
   -8.40	-108.90	   3.90	
  -14.70	-133.50	  -3.60	
   -9.90	-137.25	  -1.05	
  -15.15	-143.25	 -12.30	
  -23.70	-151.35	 -11.10	
  -33.30	-149.55	 -12.30	
   -1.05	-141.60	 -14.25	
    4.95	-148.05	   0.45	
   -1.20	-124.80	   7.50	
    5.40	-112.20	   8.70	
    0.00	-110.70	  13.20	
   -9.75	 -63.00	  14.40	
   33.45	 -79.05	  16.50	
   51.00	 -53.70	  21.60	
   21.30	 -28.20	  23.55	
    0.30	 -25.65	  21.60	
  -13.95	 -33.45	  20.85	
   22.50	 -42.00	  15.15	
   22.35	 -25.65	  18.75	
  -45.60	   0.00	  26.10	
  -59.85	 -13.95	  22.80	
  -60.75	 -31.80	  19.20	
  -63.15	 -34.20	  18.30	
  -59.70	 -32.85	  17.70	
  -44.40	 -26.40	  20.10	
  -46.05	 -26.55	  19.65	
  -54.15	 -29.25	  17.70	
  -65.25	 -29.55	  17.40	
  -71.25	 -31.50	  18.00	
  -79.95	 -33.30	  17.70	
  -93.15	 -34.65	  17.40	
  -95.55	 -36.30	  17.25	
  -96.90	 -36.60	  18.15	
  -83.25	 -35.85	  17.10	
  -60.15	 -35.10	  17.70	
  -43.95	 -31.35	  18.90	
  -46.05	 -29.85	  18.90	
  -51.75	 -31.50	  18.00	
  -48.00	 -31.80	  17.10	
  -73.65	 -33.90	  17.70	
  -89.55	 -35.40	  18.15	
 -107.40	 -35.55	  17.55	
 -112.35	 -36.15	  17.40	
  -90.75	 -34.20	  18.75	
  -47.10	 -27.90	  19.50	
  -35.55	 -27.45	  19.80	
  -28.65	 -28.20	  19.50	
    0.30	 -20.85	  20.10	
    4.35	 -19.80	  21.60	
    2.55	 -19.50	  19.05	
   -6.30	 -18.45	  19.65	
  -28.95	 -24.15	  19.80	
  -28.05	 -26.25	  19.20	
  -23.70	 -24.75	  18.90	
  -25.35	 -24.15	  19.50	
  -35.10	 -27.30	  18.15	
  -39.30	 -28.65	  17.55	
  -41.10	 -27.90	  18.75	
  -38.55	 -28.65	  19.05	
  -22.05	 -23.85	  21.30	
  -28.95	 -10.95	  22.35	
  -37.95	   0.90	  23.70	
  -23.25	  -5.70	  25.50	
    2.25	 -44.25	  13.65	
  -29.25	   4.50	  25.50	
   -4.20	 -28.05	  21.75	
  -32.10	  34.35	  42.45	
  -13.50	  30.90	  38.55	
  -55.35	  81.00	  48.00	
  -99.30	 108.15	  62.85	
 -110.70	 108.45	  54.00	
 -111.60	 141.00	  56.10	
  -91.95	 161.10	  65.40	
  -77.55	 173.55	  73.95	
  -86.55	 220.95	  85.80	
  -63.60	 228.45	  78.30	
  -54.00	 218.55	  92.70	
  -47.40	 100.05	  77.25	
  -31.50	  46.65	  27.90	
  -19.20	  11.85	  24.45	
  -17.25	  20.55	  37.50	
   -3.30	  13.20	  29.40	
   10.65	  -4.65	  29.70	
  -44.10	  80.10	  49.20	
 -104.85	 178.80	  71.25	
  -90.30	 196.20	  68.25	
  -41.70	  95.85	  40.65	
  -34.65	  30.30	  33.30	
  -27.90	  14.70	  24.60	
  -36.15	  18.15	  29.85	
  -40.35	  22.35	  28.65	
  -41.70	  11.85	  25.80	
  -42.00	 -10.05	  18.45	
  -41.25	  -1.20	  21.15	
  -39.60	  -7.65	  20.10	
  -33.45	 -13.50	  22.80	
  -34.35	  -9.00	  25.20	
  -30.90	 -15.00	  19.50	
  -29.40	  -9.15	  20.55	
  -36.30	 -19.80	  18.00	
  -29.40	 -17.25	  18.75	
  -51.00	  26.85	  35.55	
  -58.80	 147.45	  56.55	
  -58.05	 290.55	  86.40	
  -22.05	 217.05	  73.50	
  -24.60	 122.10	  50.40	
  -15.00	  78.60	  39.30	
   -0.45	  71.10	  39.90	
  -27.00	  68.25	  40.95	
  -27.75	  72.30	  40.95	
  -24.45	  55.35	  37.65	
  -23.85	  51.75	  38.25	
  -27.45	  51.45	  36.30	
  -17.25	  36.30	  35.25	
  -17.25	  37.80	  33.75	
  -14.40	  23.70	  30.30	
  -16.35	  37.20	  32.55	
   -8.25	  32.85	  36.60	
  -11.70	  40.80	  35.25	
  -18.45	  49.35	  43.95	
  -15.00	  52.95	  38.25	
  -18.45	  70.05	  47.55	
   -4.35	  51.45	  39.60	
   15.15	 -46.80	  15.15	
   38.70	-200.25	 -24.45	
   41.10	-243.45	 -28.95	
   62.85	-229.20	 -23.10	
  120.00	-208.80	 -21.15	
  105.60	-204.45	 -15.45	
   49.20	-182.10	 -14.25	
    0.60	-159.60	 -10.20	
  -33.90	 -22.50	  21.45	
  -28.05	 -18.90	  24.75	
  -28.95	 -59.10	  12.00	
  -20.85	 -89.40	   3.60	
   -6.00	-113.10	  -4.95	
    0.15	-127.50	  -3.75	
   -0.30	-131.25	  -4.35	
    0.00	-143.85	 -10.65	
   11.40	-163.65	 -21.30	
   31.20	-125.70	 -11.40	
   15.45	-117.30	   1.35	
   25.35	-125.40	  -2.85	
   13.35	-100.20	  -4.50	
   17.55	-131.25	  -9.15	
    5.70	-141.45	  -7.50	
    1.80	-132.75	   6.15	
    1.20	-136.95	  -0.45	
    5.10	-119.10	  15.75	
  -20.70	 -85.05	  10.35	
  -21.75	 -80.40	  14.10	
  -19.95	 -92.85	  15.15	
  -22.95	 -81.45	  21.75	
  -49.20	 -60.30	  25.35	
  -61.50	 -60.15	  25.80	
  -45.90	 -40.80	  30.45	
   -2.85	 -58.50	  24.60	
   14.40	 -51.30	  26.55	
   20.10	 -49.65	  27.15	
   21.75	 -49.05	  25.80	
   13.65	 -49.05	  25.50	
   -5.25	 -52.80	  25.50	
  -30.15	 -57.00	  27.45	
  -65.10	 -61.35	  26.40	
  -85.65	 -65.10	  25.35	
  -79.95	 -63.45	  25.20	
  -33.60	 -55.65	  24.75	
   -5.70	 -50.10	  26.25	
    3.75	 -46.80	  26.55	
    5.10	 -43.35	  27.45	
    4.65	 -41.55	  29.70	
    7.35	 -39.30	  27.15	
    9.15	 -37.50	  27.15	
   11.55	 -35.40	  29.25	
   11.40	 -36.75	  28.95	
  -12.00	 -41.85	  29.40	
  -34.35	 -49.05	  27.75	
  -70.65	 -57.75	  27.15	
  -81.30	 -63.15	  24.90	
  -83.85	 -65.85	  24.90	
  -76.95	 -66.00	  24.75	
  -48.00	 -59.70	  24.00	
  -10.05	 -50.10	  25.50	
   30.90	 -43.65	  27.15	
   52.95	 -37.05	  28.20	
   24.15	 -44.40	  27.45	
  -18.15	 -52.05	  26.25	
  -36.30	 -57.00	  26.10	
  -35.85	 -61.20	  23.70	
  -31.95	 -60.60	  23.55	
  -19.95	 -59.70	  24.00	
    9.45	 -54.00	  24.60	
   28.80	 -50.10	  24.45	
   34.20	 -47.70	  26.10	
   21.75	 -48.75	  25.50	
   -9.75	 -53.40	  25.50	
  -27.75	 -58.20	  24.75	
  -30.90	 -58.80	  24.90	
  -31.05	 -60.15	  24.75	
  -58.95	 -64.80	  26.55	
  -68.40	 -67.95	  24.15	
  -49.35	 -51.60	  26.55	
  -41.85	 -36.30	  31.50	
  -27.45	 -43.35	  30.45	
  -23.25	 -71.10	  21.75	
  -25.80	 -67.50	  24.45	
  -40.05	 -56.55	  29.40	
  -62.70	 -32.10	  32.10	
  -84.30	   7.80	  43.95	
  -81.60	  35.55	  51.45	
  -46.65	  54.45	  47.40	
  -21.15	  84.30	  53.40	
  -27.90	 112.50	  53.25	
  -33.60	 115.35	  56.85	
  -47.25	 137.70	  56.40	
  -55.80	 153.00	  63.60	
  -78.00	 184.35	  71.70	
  -66.30	 101.25	  54.60	
  -37.80	  55.80	  49.20	
  -23.25	  21.75	  40.20	
  -23.85	  29.70	  33.45	
  -17.10	  29.85	  29.85	
  -23.55	   4.35	  36.75	
  -59.10	  28.65	  40.05	
 -145.05	 147.00	  63.75	
 -238.20	 262.80	  96.15	
 -250.20	 320.85	 121.65	
 -243.75	 308.85	 122.25	
 -215.85	 277.35	 101.55	
 -135.15	 149.10	  70.05	
  -77.55	  54.00	  44.10	
  -61.80	  27.45	  45.90	
  -49.65	  32.70	  30.15	
  -40.65	  27.30	  34.65	
  -31.35	  -6.75	  29.55	
  -35.55	 -11.70	  28.95	
  -18.30	   1.80	  20.85	
  -31.05	 -20.40	  31.35	
  -31.80	 -10.05	  28.80	
  -34.35	   0.45	  22.50	
  -25.50	 -23.70	  25.80	
  -34.65	 -37.95	  17.70	
  -48.30	 -36.90	  21.45	
  -54.60	 -37.95	  21.15	
  -67.95	 -45.60	  24.15	
  -65.40	 -55.50	  16.80	
  -58.20	 -62.25	   9.75	
  -44.70	 -96.15	   9.00	
  -19.95	-107.25	   4.20	
   -7.05	 -94.35	   3.75	
   -5.25	 -88.05	   8.55	
   -8.40	 -74.55	  12.75	
  -10.05	 -57.15	  17.70	
   -8.25	 -35.85	  23.25	
    0.45	 -32.10	  20.40	
   -1.95	 -29.85	  24.00	
   -3.45	 -12.60	  24.75	
   -4.95	 -31.05	  22.95	
   -3.45	 -18.90	  24.00	
    2.25	 -24.45	  22.95	
   13.65	 -26.55	  24.00	
    9.30	 -14.85	  25.50	
    6.75	 -19.65	  21.75	
    4.35	 -14.70	  27.15	
    4.65	 -18.30	  23.10	
   -7.80	 -24.00	  25.50	
   -4.20	 -16.35	  25.20	
  -11.70	 -12.45	  24.90	
  -11.55	 -13.65	  26.55	
   -8.40	 -12.75	  26.40	
   -2.85	  -7.95	  25.35	
   17.10	   4.50	  32.55	
   22.05	  18.30	  29.40	
   12.00	   9.45	  49.95	
  -25.35	  20.85	  34.95	
  -27.30	  20.40	  33.30	
  -54.75	  26.40	  39.60	
  -71.55	  28.80	  39.45	
  -86.55	  24.45	  39.90	
  -89.70	  27.15	  39.00	
  -79.05	  24.15	  36.75	
  -73.65	  34.65	  35.85	
  -66.60	  39.00	  37.05	
  -42.45	  22.50	  36.90	
  -44.40	  21.30	  36.00	
  -12.00	 -19.05	  23.10	
   38.55	-133.80	  -4.65	
   55.50	-187.20	 -15.75	
   39.45	-217.20	 -26.55	
    5.40	-252.30	 -27.45	
  -29.70	-262.95	 -30.15	
  -43.50	-246.60	 -29.85	
  -51.75	-239.40	 -23.55	
  -58.20	-165.00	  -6.30	
  -85.05	 -13.65	  28.50	
  -54.45	 -32.25	  24.60	
  -40.35	 -54.00	  18.00	
  -31.35	 -98.40	  10.05	
  -25.35	-113.25	  -0.60	
  -31.35	-132.60	  -1.65	
  -33.00	-140.55	 -10.95	
  -22.20	-150.60	  -9.30	
  -26.55	-154.35	 -11.85	
  -15.90	-150.60	   1.65	
  -11.40	-138.30	  -0.60	
   -4.95	-140.70	  -2.25	
  -19.95	-144.30	   0.90	
  -43.05	-141.60	  -1.80	
  -53.85	-114.60	  10.35	
  -51.00	-112.95	   6.15	
  -45.15	 -92.70	   9.45	
  -30.60	 -84.00	   7.05	
  -22.50	 -68.25	  11.85	
  -18.00	 -63.90	  10.65	
  -25.20	 -24.75	  21.45	
  -28.65	 -37.05	  16.80	
  -28.05	 -31.35	  19.65	
   -6.15	 -62.10	  12.00	
  -16.05	 -47.70	  14.25	
  -22.80	 -45.90	  13.50	
  -18.00	 -46.35	  14.25	
  -19.65	 -46.05	  13.35	
  -21.60	 -46.35	  14.25	
  -26.85	 -49.65	  13.50	
  -21.30	 -48.15	  13.50	
  -21.15	 -46.80	  13.65	
  -24.60	 -47.10	  13.95	
  -26.25	 -48.00	  14.10	
  -25.50	 -49.05	  14.10	
  -22.50	 -48.30	  14.85	
  -21.45	 -45.75	  15.60	
  -19.05	 -45.90	  15.00	
  -25.50	 -46.80	  15.15	
  -20.70	 -46.50	  15.90	
    5.70	 -44.70	  15.15	
   32.25	 -44.40	  13.50	
   30.90	 -45.60	  14.70	
   27.00	 -46.05	  14.85	
   13.50	 -46.35	  14.70	
  -18.15	 -46.50	  13.65	
  -44.25	 -46.05	  14.40	
  -19.05	 -45.90	  13.50	
  -13.95	 -49.65	  13.95	
  -14.40	 -47.55	  14.10	
  -13.35	 -50.10	  14.10	
  -11.40	 -49.95	  12.45	
   -2.70	 -45.00	  13.35	
   25.65	 -37.80	  16.05	
   43.05	 -31.95	  16.80	
   54.45	 -30.90	  18.30	
   52.80	 -31.35	  17.70	
   48.00	 -33.60	  16.65	
   37.05	 -37.05	  16.50	
   15.00	 -44.40	  13.50	
   -0.90	 -48.75	  13.35	
  -16.05	 -53.25	  12.75	
  -22.05	 -55.05	  11.70	
  -28.05	 -45.30	  13.05	
  -27.90	 -33.00	  17.25	
  -21.75	 -22.95	  21.75	
   12.00	 -54.00	  14.70	
   14.70	 -40.05	  15.00	
   10.95	 -40.05	  12.75	
   -4.50	  -0.90	  22.50	
    6.60	  -8.70	  27.15	
  -15.15	  61.95	  42.75	
  -33.60	  78.15	  46.50	
  -33.30	  70.35	  53.40	
  -40.80	 106.65	  58.50	
  -64.50	 148.05	  61.20	
  -50.85	 146.55	  68.25	
  -45.60	 189.45	  70.20	
  -28.05	 211.65	  78.45	
  -31.50	 233.55	  82.65	
  -25.20	 178.20	  71.10	
  -20.70	  74.40	  53.10	
  -15.75	  17.55	  43.35	
  -11.10	  15.15	  33.90	
  -12.45	  -1.80	  44.10	
    0.30	  -2.55	  16.05	
  -35.85	  41.25	  40.20	
  -83.70	 132.60	  66.30	
  -97.50	 193.05	  81.30	
  -49.65	  96.00	  51.00	
  -23.10	   5.10	  27.90	
  -16.65	 -12.30	  28.05	
   -1.65	 -21.15	  27.30	
   34.95	 -19.50	  21.30	
   31.20	  -5.10	  26.10	
   29.40	  -3.30	  30.90	
   -4.50	 104.55	  51.30	
  -71.70	 217.05	  80.85	
  -43.05	 140.85	  62.85	
  -18.00	  54.75	  38.25	
   -7.50	  -1.20	  28.50	
  -13.05	   9.75	  31.35	
  -18.15	  13.05	  36.60	
  -16.80	   4.65	  30.15	
  -16.65	  -6.00	  29.25	
  -22.35	   1.05	  28.65	
  -15.75	  -1.05	  31.95	
   -8.55	   9.75	  31.05	
   -1.80	   3.90	  28.20	
   -5.85	   6.15	  32.25	
   -2.85	   0.30	  27.90	
   -3.90	  -3.60	  24.90	
   -2.10	 -23.55	  25.35	
   -5.70	 -10.35	  25.20	
   -7.65	 -14.25	  26.10	
  -14.10	 -20.40	  24.00	
  -20.55	 -17.55	  23.85	
  -29.25	  -9.00	  28.80	
  -14.85	 -13.65	  23.70	
  -11.55	 -13.05	  28.50	
  -24.15	   0.30	  30.45	
  -21.45	   9.30	  31.05	
  -13.20	   9.90	  28.95	
   -1.95	  14.10	  32.10	
  -10.65	   8.40	  26.85	
  -17.25	  18.75	  34.20	
  -10.35	   6.75	  29.85	
   -6.60	   6.90	  31.95	
    4.95	  15.60	  31.05	
    5.70	  11.55	  29.85	
   11.40	  15.75	  30.90	
    7.80	  18.15	  29.55	
    1.35	  25.65	  33.00	
    7.95	  30.45	  34.95	
    8.25	  38.40	  33.90	
   12.60	  52.05	  38.70	
   11.10	  49.80	  39.15	
   22.20	 -15.90	  20.70	
   39.45	-123.45	  -5.70	
   18.75	-216.60	 -22.80	
  -10.80	-250.35	 -38.40	
  -12.30	-260.25	 -36.90	
  -17.10	-256.95	 -31.35	
  -24.15	-246.45	 -33.45	
  -35.55	-236.10	 -27.45	
  -38.55	-179.85	 -16.50	
  -10.95	 -44.10	  18.75	
   20.55	 -28.20	  20.85	
   47.70	 -61.80	   7.35	
   51.60	-101.25	   0.45	
   41.10	-124.65	  -5.10	
    8.25	-145.80	 -11.10	
  -29.25	-137.70	 -11.55	
  -44.25	-141.75	 -14.10	
  -51.30	-118.65	 -22.20	
   -3.75	 -87.75	  35.85	
   25.35	-221.40	 -34.20	
  112.35	-199.50	  -0.45	
   95.10	-176.40	  -6.75	
   96.45	-178.95	 -15.90	
   81.60	-160.05	 -14.25	
   86.25	-162.00	  -9.00	
   71.55	-154.35	  -5.70	
   65.25	-166.50	  -8.25	
   65.25	-149.85	   1.20	
   42.30	-136.80	   4.35	
   27.90	-123.60	   9.15	
   26.55	-113.85	  10.05	
   50.55	-147.00	  -2.25	
   36.90	-107.85	   9.30	
   60.75	-130.05	   3.75	
   57.90	-131.10	   3.45	
   61.35	-130.50	   1.80	
   66.60	-131.25	   3.30	
   65.10	-130.95	   2.85	
   56.55	-129.15	   2.10	
   54.45	-128.70	   3.30	
   44.70	-127.05	   4.20	
   43.05	-127.65	   3.60	
   55.05	-125.70	   2.10	
   72.45	-126.15	   3.60	
   68.25	-126.00	   4.95	
   58.80	-126.15	   3.90	
   64.50	-124.80	   4.95	
   63.45	-126.00	   3.75	
   58.05	-125.40	   3.90	
   57.45	-125.55	   4.20	
   59.55	-126.90	   4.65	
   60.45	-126.00	   4.20	
   61.05	-125.70	   2.85	
   70.65	-126.15	   4.35	
   79.65	-125.55	   3.75	
   84.90	-124.35	   4.35	
   81.00	-126.30	   3.00	
   72.45	-129.15	   3.30	
   63.75	-131.40	   3.45	
   57.45	-134.40	   3.00	
   54.15	-135.15	   1.20	
   51.00	-139.80	   2.10	
   49.05	-141.75	   0.90	
   42.60	-144.15	   0.30	
   39.30	-143.85	   1.05	
   36.90	-146.55	  -0.45	
   35.10	-149.10	  -0.15	
   35.85	-145.80	  -0.90	
   44.25	-140.70	  -0.15	
   46.05	-136.65	   0.90	
   42.00	-132.15	   3.00	
   31.20	-131.70	   3.30	
   24.75	-133.65	   1.95	
   27.00	-131.85	   2.25	
    2.70	-137.70	   3.00	
  -10.20	-143.40	  -1.05	
  -19.95	-147.00	  -0.15	
  -14.10	-147.30	   1.95	
   -1.65	-141.00	   0.45	
   18.45	-124.50	   4.95	
   29.55	-107.55	   9.00	
   39.00	-107.70	  10.20	
   61.80	-148.95	  -1.80	
   31.35	 -99.90	  12.30	
   56.55	-130.95	   6.15	
   16.80	 -87.90	  17.25	
   15.00	 -79.80	  13.95	
    7.35	 -46.65	  28.65	
   17.10	 -24.45	  29.55	
   24.15	   5.10	  31.95	
    6.75	 -14.10	  35.40	
   -1.35	   7.35	  30.45	
    8.40	  14.25	  47.10	
   -4.95	  27.75	  44.25	
    3.45	  46.50	  60.45	
   25.35	  29.70	  49.20	
   71.10	 -16.35	  14.85	
   94.65	 -29.85	  23.25	
   98.70	 -51.30	  25.80	
   98.55	 -55.05	  18.30	
  118.20	 -67.05	  20.40	
  -32.10	 -28.80	  54.90	
 -146.40	  82.05	  37.05	
 -224.40	 183.90	  79.05	
 -274.50	 271.50	  92.70	
 -267.60	 293.70	 109.05	
 -217.35	 221.10	  91.50	
 -118.05	  82.05	  45.60	
  -64.65	   3.30	  33.00	
  -49.20	 -23.55	  24.15	
  -43.35	 -24.60	  23.10	
  -33.90	 -25.20	  27.00	
  -18.45	 -31.05	  20.70	
  -10.80	 -28.80	  20.70	
  -32.55	 -28.80	  25.20	
  -37.50	 -35.25	  20.10	
  -43.35	 -50.40	  20.55	
  -46.35	 -43.35	  21.30	
  -57.15	 -57.90	  18.15	
  -72.00	 -57.00	  16.05	
  -67.50	 -43.50	  19.65	
  -68.70	 -21.60	  27.45	
  -89.10	 -24.45	  23.25	
  -88.65	   6.60	  31.20	
  -93.45	   1.80	  32.25	
  -98.40	  19.65	  38.40	
 -101.25	  23.25	  35.10	
 -107.25	  19.20	  37.95	
 -117.15	  25.80	  41.25	
 -117.45	  24.00	  39.45	
  -82.65	 -20.10	  20.85	
  -40.65	-114.60	  -0.45	
  -14.85	-214.95	 -23.70	
  -24.75	-237.75	 -30.60	
  -16.65	-244.80	 -29.85	
   -9.75	-234.45	 -29.25	
  -13.05	-204.30	 -23.70	
  -10.80	-196.95	 -21.45	
  -21.30	-127.65	  -4.65	
  -47.70	 -52.20	  11.40	
  -32.85	 -33.60	  18.45	
  -27.90	 -50.70	  11.40	
  -36.15	 -85.05	   4.50	
  -56.40	-116.40	  -4.95	
  -58.65	-124.05	  -6.75	
  -22.20	-130.05	 -12.30	
   -3.90	-122.10	 -14.70	
  -20.70	 -81.45	  -4.95	
  -13.20	-102.90	  13.95	
  -10.95	-111.75	   4.65	
  -16.35	 -99.90	  10.80	
   -9.15	-126.45	  -2.10	
   -5.70	-118.20	  -5.25	
    1.05	 -91.50	  -2.85	
    4.95	 -78.45	   4.95	
   11.55	 -57.45	   6.00	
   11.10	 -56.10	  13.65	
   14.70	 -37.05	  17.25	
    5.70	 -41.70	  14.85	
  -28.20	 -52.50	   7.95	
  -87.30	 -61.20	  15.90	
 -103.20	 -62.25	  16.35	
 -104.40	 -48.15	  13.50	
 -106.20	 -50.70	  15.45	
 -102.90	 -67.20	  18.75	
 -111.00	 -76.05	  23.10	
 -105.15	 -49.65	  15.75	
  -94.20	 -38.25	  14.70	
 -101.70	 -27.00	  15.60	
 -137.70	 -35.40	  26.55	
 -142.20	 -15.60	  34.65	
 -174.60	  13.65	  42.00	
 -175.95	  34.35	  52.05	
 -192.30	  43.05	  52.95	
 -194.10	  61.20	  60.75	
 -194.55	  68.70	  59.55	
 -185.25	  67.50	  58.65	
 -168.15	  87.90	  59.10	
 -147.15	 102.15	  66.90	
 -142.20	 127.50	  41.70	
  -96.30	  61.35	  35.25	
  -75.15	  15.60	  22.95	
  -97.20	 -13.35	  27.75	
  -84.15	 -29.40	  24.90	
  -38.70	 -29.55	  17.10	
  -11.10	 -21.75	  17.10	
  -31.35	  26.25	  25.80	
  -80.85	  88.65	  43.35	
 -195.30	 155.55	  70.95	
 -220.20	 186.00	  81.75	
 -178.05	 153.30	  72.00	
 -110.10	  65.25	  45.75	
  -77.70	   0.45	  33.90	
  -61.50	  -6.30	  31.05	
  -57.15	 -19.95	  24.00	
  -53.10	 -34.65	  25.50	
  -42.00	 -38.70	  24.00	
  -42.45	 -39.15	  20.40	
  -42.00	 -37.20	  25.50	
  -36.15	 -37.20	  24.00	
  -57.30	 -38.55	  24.90	
  -81.75	 -46.50	  29.25	
  -78.45	 -36.90	  28.50	
  -56.85	 -31.05	  25.20	
   -9.45	 -36.75	  29.70	
   -7.05	 -13.65	  21.45	
   -5.10	 -12.00	  20.55	
   -3.90	 -12.00	  24.60	
  -37.65	 -12.30	  22.95	
  -80.85	  -1.35	  34.95	
  -85.05	   4.50	  35.10	
 -104.40	  -4.35	  37.50	
  -97.80	   5.10	  39.60	
 -114.60	  -9.30	  37.95	
 -111.75	   6.15	  39.60	
  -67.80	 -21.15	  29.25	
   10.05	 -93.90	   6.00	
   92.70	-133.20	 -10.95	
  135.75	-160.35	 -26.40	
  131.25	-164.10	 -23.10	
  120.60	-145.20	 -19.80	
   15.00	 -71.70	  10.20	
   -6.75	 -85.05	   7.80	
    9.90	 -91.20	  -2.10	
  -13.20	 -98.10	  -1.05	
  -66.60	 -59.55	  29.40	
   35.10	 -60.75	  19.95	
   82.95	 -66.75	  14.10	
   84.30	 -79.65	   2.25	
  105.75	 -93.15	  -3.45	
   88.35	-107.85	  -1.20	
   82.20	-120.00	 -25.20	
   71.85	-119.70	  -6.30	
   89.10	-110.55	   0.90	
   73.50	 -60.30	   2.85	
  127.50	 -62.70	   0.90	
  149.85	 -62.70	 -12.60	
  148.95	 -78.30	 -13.50	
  147.60	 -74.10	 -11.85	
  151.65	 -60.75	   0.15	
  147.90	 -55.80	  -3.60	
  115.05	 -57.75	  -0.30	
   88.05	 -49.80	  -4.95	
  106.20	 -44.40	  -6.15	
  123.00	 -24.75	  -9.30	
  144.90	 -15.45	  -5.85	
  137.25	  -2.85	  -3.30	
  151.95	 -16.80	  -3.60	
  151.05	 -17.40	  -2.25	
  146.55	  -7.50	  -4.50	
  126.00	 -11.55	  -1.65	
  102.00	 -15.15	   0.15	
   93.15	 -17.70	   0.45	
   96.75	 -18.00	   1.05	
   87.45	 -17.55	   2.55	
   79.95	 -19.65	   3.75	
   85.50	 -19.20	   3.00	
   99.90	 -14.10	   0.15	
  114.15	 -12.60	   0.90	
  116.55	  -9.45	   0.30	
  113.85	 -10.35	  -0.15	
  108.45	  -9.45	   0.30	
   78.60	 -15.00	   3.30	
   41.10	 -19.05	   7.95	
   31.80	 -24.75	   6.75	
   25.65	 -26.40	   8.40	
   49.35	 -22.50	   7.50	
   75.75	 -18.30	   3.30	
   80.55	 -18.30	   2.55	
   80.55	 -16.50	   3.60	
   65.85	 -19.05	   4.35	
   39.15	 -24.75	   7.50	
   15.15	 -26.55	   9.75	
    2.55	 -29.70	  10.65	
   -2.25	 -31.05	  10.80	
    2.70	 -28.05	  11.10	
   14.85	 -27.30	  10.35	
   33.45	 -25.65	   7.95	
   65.25	 -19.65	   5.25	
   71.70	 -19.05	   5.10	
   69.45	 -18.75	   4.35	
   68.40	 -18.30	   5.10	
   69.30	 -18.45	   3.75	
   70.20	 -18.00	   3.90	
   76.05	 -17.55	   3.60	
   82.35	 -16.05	   3.30	
   90.60	 -16.65	   3.00	
   97.95	 -13.35	   0.15	
  106.50	 -13.35	  -0.15	
  108.45	 -13.50	   1.05	
  110.10	 -13.05	   0.15	
  107.70	 -13.20	   1.05	
  107.70	  -5.10	  -2.10	
  109.05	  -3.00	  -2.70	
  116.70	 -17.10	  -0.90	
  119.85	 -26.85	   0.00	
  123.90	  -8.70	  -1.35	
  115.95	   0.15	  -2.25	
  105.30	 -10.80	   0.90	
   63.60	   4.65	   7.35	
   92.70	  22.05	  19.50	
   85.80	  49.05	  15.90	
   99.45	  57.45	  22.50	
   65.55	  63.45	  23.70	
   93.75	  87.45	  27.15	
   83.25	  87.75	  22.95	
   32.85	 107.85	  43.95	
   36.15	 117.45	  37.20	
  -44.70	 113.10	  33.90	
  -34.95	 111.00	  28.65	
  -28.20	  76.05	  25.65	
  -40.35	  15.75	  27.45	
  -24.00	 -15.15	  22.20	
  -19.80	 -23.55	  20.10	
  -25.80	 -24.75	  24.75	
  -21.60	 -32.70	  17.55	
  -29.25	  16.35	  29.85	
  -54.60	  78.45	  44.25	
  -97.05	 164.85	  69.15	
  -84.90	 211.95	  73.95	
 -137.55	 182.40	  75.30	
 -152.10	  78.45	  58.95	
 -161.40	   9.15	  45.15	
 -126.45	 -19.05	  37.05	
 -113.70	 -28.65	  34.20	
 -109.05	 -21.75	  33.90	
  -84.30	 -34.65	  26.55	
  -69.30	 -33.90	  27.30	
  -73.35	 -32.10	  22.95	
  -63.00	 -31.05	  24.00	
  -79.05	 -37.50	  27.45	
  -84.90	 -30.90	  26.85	
  -85.80	 -27.75	  30.60	
  -88.35	 -19.20	  34.35	
  -89.70	 -19.05	  34.95	
  -89.55	 -23.70	  32.10	
  -77.70	 -31.05	  28.80	
  -67.80	 -20.40	  31.80	
  -62.25	 -25.20	  23.70	
  -58.80	 -27.15	  26.40	
  -52.50	 -27.45	  28.20	
  -50.70	 -36.00	  22.35	
  -51.45	 -30.15	  27.90	
  -55.35	 -22.20	  30.30	
  -41.10	 -22.05	  26.10	
  -52.50	 -21.60	  24.60	
  -28.20	  -4.65	  27.15	
  -53.70	 -15.00	  25.35	
  -47.10	 -12.45	  27.90	
  -63.75	 -17.40	  29.85	
  -72.60	 -14.85	  27.30	
  -63.60	 -25.35	  27.45	
  -76.80	 -18.75	  31.95	
  -63.15	 -10.65	  30.15	
  -66.90	 -13.50	  29.70	
  -55.50	 -15.45	  32.70	
  -29.70	  -2.55	  28.20	
  -34.65	  -8.25	  29.25	
  -44.10	  -9.45	  27.90	
  -43.35	   7.65	  30.45	
  -59.85	   7.35	  33.45	
  -62.85	  17.25	  38.25	
  -45.00	   2.25	  35.10	
    1.95	 -53.85	  13.65	
  -15.00	 -31.20	  21.60	
  -23.10	 -36.00	  21.60	
  -31.20	 -32.70	  23.55	
  -38.55	 -36.30	  25.35	
  -54.00	 -31.50	  22.35	
 -130.50	  35.55	  48.90	
  -32.70	 -13.95	  26.85	
    1.05	 -43.65	  18.00	
  -14.85	 -19.65	  21.15	
  -28.50	 -18.45	  22.20	
   -6.90	 -26.10	  20.10	
   17.10	 -53.85	   9.00	
   30.15	 -49.95	   7.95	
   35.85	 -34.65	   9.00	
   31.80	 -56.10	   2.70	
   43.05	 -77.25	   7.65	
   19.20	 -63.75	  15.60	
   27.00	 -53.10	  12.60	
   18.90	 -63.00	  18.15	
   22.50	 -61.95	  14.40	
   32.70	 -80.55	   7.95	
   39.45	-111.60	  -0.90	
   26.25	-109.80	  -7.05	
  -41.70	 -89.85	  18.45	
  -30.15	 -89.40	  16.50	
  -35.85	-116.40	   7.80	
  -64.65	-103.65	   3.60	
  -69.90	-101.85	   8.40	
  -54.45	 -79.80	   4.35	
  -39.15	 -91.80	  16.65	
  -35.10	 -93.90	  16.65	
  -25.50	 -76.35	  15.15	
  -16.50	 -72.45	  20.85	
  -22.05	 -70.95	  24.90	
  -26.55	 -50.55	  22.20	
  -21.60	 -50.70	  20.10	
  -18.75	 -70.65	  23.55	
  -29.55	 -64.50	  22.20	
  -36.90	 -65.25	  25.20	
  -42.30	 -65.85	  25.35	
  -45.90	 -67.20	  23.85	
  -45.60	 -67.95	  24.90	
  -39.60	 -66.90	  24.90	
  -37.05	 -66.90	  24.90	
  -40.35	 -65.40	  23.85	
  -47.70	 -67.95	  24.90	
  -55.80	 -67.65	  25.65	
  -62.25	 -68.55	  25.80	
  -62.85	 -68.70	  27.15	
  -47.70	 -67.65	  24.15	
  -32.85	 -64.20	  24.45	
  -18.30	 -61.35	  22.80	
  -10.05	 -61.50	  21.15	
    0.15	 -58.20	  19.20	
   10.80	 -57.45	  19.20	
   -6.60	 -58.80	  20.85	
  -32.70	 -63.90	  23.55	
  -21.60	 -64.65	  22.80	
   24.45	 -56.40	  18.90	
   59.10	 -52.20	  14.25	
   55.80	 -50.70	  12.45	
   42.75	 -53.10	  14.40	
   -8.55	 -61.50	  21.15	
  -18.75	 -62.85	  21.60	
  -25.35	 -62.55	  21.60	
  -48.00	 -66.30	  25.20	
  -71.10	 -70.05	  27.00	
  -54.75	 -69.15	  25.65	
  -34.95	 -65.85	  23.85	
  -23.85	 -63.15	  21.60	
  -23.55	 -62.55	  22.80	
  -23.55	 -63.15	  20.85	
  -16.05	 -61.35	  21.30	
  -15.15	 -61.50	  21.45	
  -16.35	 -59.70	  22.50	
  -15.60	 -62.25	  21.45	
   -7.35	 -61.35	  19.50	
   -0.45	 -61.20	  18.90	
   -2.55	 -58.80	  21.30	
   -6.00	 -60.15	  19.65	
   -3.90	 -61.05	  21.30	
   -5.40	 -54.45	  19.80	
   -3.45	 -57.15	  19.20	
   12.45	 -70.20	  19.50	
  -11.10	 -63.75	  21.75	
  -24.90	 -55.05	  19.80	
  -34.20	 -73.50	  22.05	
  -35.10	 -46.50	  14.10	
 -111.90	 -43.95	  31.05	
 -127.65	 -35.25	  42.30	
 -133.80	  -7.65	  34.95	
 -142.20	   7.50	  53.10	
 -121.35	  15.45	  55.50	
 -133.80	  46.65	  57.00	
 -129.30	  66.75	  57.15	
 -147.45	  83.85	  67.95	
 -166.20	 104.10	  72.75	
 -157.05	 114.00	  57.30	
 -133.20	  57.75	  47.40	
  -91.05	  10.05	  38.40	
  -58.20	   2.25	  33.60	
  -56.55	 -11.40	  27.45	
  -68.40	 -20.85	  28.20	
  -74.25	 -37.50	  25.35	
 -117.15	 -12.30	  37.65	
 -168.45	  33.45	  53.25	
 -227.85	 115.35	  76.35	
 -243.90	 164.85	  90.15	
 -210.45	 184.65	  95.55	
 -117.45	 135.45	  68.85	
  -61.35	  56.55	  41.85	
    4.35	  17.25	  27.15	
   30.60	  -9.30	  16.65	
   29.25	 -15.60	  13.35	
   28.50	 -13.65	  13.05	
    2.55	 -31.50	  15.45	
  -22.35	 -34.95	  18.30	
  -26.25	 -27.30	  20.40	
  -16.50	 -23.10	  20.55	
   -9.75	 -30.30	  18.45	
   -6.30	 -33.60	  15.90	
   -9.00	 -27.00	  16.35	
  -14.70	 -28.95	  17.55	
  -16.50	 -27.90	  17.55	
  -19.50	 -32.70	  19.80	
  -19.05	 -32.25	  19.80	
  -16.65	 -31.80	  22.20	
  -11.85	 -25.20	  18.15	
   -5.85	 -31.95	  20.10	
  -15.60	 -15.60	  21.75	
   -6.75	 -17.10	  18.90	
    3.00	  -5.25	  25.50	
   17.70	  -0.45	  21.75	
   41.10	   5.85	  22.35	
   45.75	   0.90	  16.35	
   36.60	   0.45	  19.20	
   42.75	  -6.00	  16.65	
   25.20	  -0.15	  24.00	
   19.05	  -7.95	  17.25	
   28.95	  -4.65	  18.75	
  -26.25	  -5.25	  27.00	
  -45.15	 -20.10	  25.35	
  -43.65	  -7.35	  29.40	
  -43.50	  -3.45	  30.30	
  -68.85	  -4.95	  33.30	
  -69.60	   1.95	  34.35	
  -72.75	   9.90	  37.80	
  -81.60	  18.30	  37.80	
  -61.20	  12.30	  37.65	
  -73.65	  15.15	  37.20	
  -91.05	   9.00	  41.25	
  -98.10	   6.15	  37.05	
  -85.80	   6.00	  34.35	
  -93.15	   0.15	  39.90	
 -107.85	  -0.45	  34.65	
  -97.05	  10.20	  43.35	
  -93.75	   2.55	  40.35	
  -78.60	   3.90	  31.50	
  -86.10	  -0.30	  31.95	
  -61.20	 -28.50	  27.75	
  -59.85	 -19.50	  20.10	
  -39.30	 -31.50	  38.55	
  -43.35	  -2.55	  26.10	
  -42.60	 -10.95	  28.20	
  -43.20	 -11.85	  18.90	
  -44.40	  -6.90	  22.80	
  -33.30	 -22.20	  24.00	
  -15.90	 -58.20	  13.35	
   -1.05	 -79.80	   1.35	
   22.95	-100.50	   0.90	
   48.45	-121.35	  -2.85	
   79.65	-135.90	  -7.50	
   37.50	 -68.70	   2.85	
   19.95	 -64.20	   4.50	
   27.30	 -50.85	   7.50	
   19.95	 -46.50	  15.60	
   89.85	 -79.65	  -7.05	
    1.20	 -56.40	  14.40	
   -3.90	 -52.95	   8.40	
  -13.95	 -70.20	  13.20	
   19.80	 -60.60	  14.70	
   18.15	-102.00	  -6.30	
   11.40	 -88.95	   7.65	
   50.55	 -87.75	   0.90	
   27.75	-107.55	   1.95	
   26.85	 -94.20	 -13.95	
   31.20	 -94.20	 -15.45	
   30.45	 -90.45	  -1.80	
   23.70	 -90.60	  -2.70	
   25.35	 -76.80	   5.85	
   27.75	 -69.60	   5.25	
   19.95	 -66.30	   9.00	
   -1.95	 -59.40	  24.75	
    9.30	 -64.20	  41.25	
    6.00	 -63.45	  27.75	
    1.65	 -63.75	  29.55	
    2.55	 -61.05	  32.25	
    4.50	 -58.20	  38.70	
    3.75	 -58.65	  40.20	
    6.15	 -55.80	  48.45	
   12.60	 -57.90	  54.15	
    3.75	 -52.80	  54.60	
   11.85	 -58.65	  41.25	
   14.25	 -60.60	  38.25	
   -4.95	 -49.05	  32.85	
  -34.20	 -67.20	  53.25	
  -11.85	 -49.05	  31.35	
   -8.70	 -51.75	  30.90	
   -7.05	 -51.30	  21.15	
    0.00	 -52.20	  30.90	
    1.95	 -53.10	  35.40	
    8.55	 -52.80	  42.00	
    9.15	 -54.45	  44.10	
    1.20	 -47.55	  31.05	
  -40.05	 -47.40	  27.15	
  -23.85	 -61.35	  17.25	
   -9.45	 -61.05	  23.10	
  -16.65	 -57.15	  17.40	
  -24.15	 -51.00	  15.00	
  -12.30	 -54.90	   9.30	
  -23.55	 -62.10	  15.45	
  -28.80	 -55.35	  28.05	
   -7.35	 -51.75	  31.50	
  -10.20	 -50.70	  27.45	
   -5.25	 -53.85	  28.50	
   -7.95	 -49.95	  24.60	
  -14.40	 -50.85	  25.50	
  -29.85	 -53.40	  28.50	
  -36.30	 -53.25	  30.15	
  -39.30	 -55.05	  28.95	
  -45.00	 -54.90	  30.30	
  -56.25	 -54.75	  32.25	
  -60.30	 -57.00	  33.45	
  -49.20	 -54.00	  30.90	
  -36.00	 -52.50	  29.70	
  -26.10	 -50.40	  27.90	
  -11.85	 -46.80	  25.20	
    6.60	 -44.85	  22.05	
    6.15	 -43.35	  23.10	
    7.05	 -42.45	  22.50	
   11.10	 -41.70	  22.95	
   12.30	 -42.00	  21.75	
   17.25	 -40.35	  21.60	
   26.10	 -27.45	  22.05	
   11.10	 -28.80	  24.00	
   19.05	 -43.05	  22.80	
   35.25	 -51.00	  19.05	
   14.85	 -32.55	  22.95	
   11.10	 -22.95	  23.70	
   31.95	 -26.85	  25.35	
    1.95	 -14.10	  28.80	
   14.40	  -5.70	  33.60	
  -13.20	  -2.85	  44.40	
  -36.30	   2.55	  50.70	
  -62.85	  21.30	  30.90	
  -85.05	  35.10	  45.30	
  -82.05	  59.55	  51.00	
 -120.60	  62.10	  69.90	
 -129.60	  57.45	  80.70	
 -123.45	  73.35	  76.65	
  -72.75	  89.40	  55.80	
  -44.70	  50.55	  39.45	
  -30.90	   8.70	  31.50	
  -16.50	   2.10	  30.90	
    8.70	  -2.85	  24.60	
   14.25	 -19.80	  18.00	
    0.00	 -22.05	  16.05	
  -55.35	   8.25	  38.40	
  -78.45	  59.40	  57.15	
 -107.25	 117.45	  84.30	
 -123.90	 149.70	  90.75	
 -103.50	 129.30	  87.75	
  -84.00	  45.00	  56.10	
  -16.35	  -4.50	  29.55	
   -4.95	 -21.45	  19.95	
  -16.80	 -20.85	  24.60	
  -20.85	 -26.10	  23.10	
  -22.35	 -20.55	  27.15	
  -21.75	 -22.20	  25.50	
  -26.25	 -14.10	  28.80	
  -24.75	 -25.80	  26.25	
  -32.25	 -23.85	  26.10	
  -44.70	 -23.70	  29.25	
  -46.35	 -18.75	  30.90	
  -50.55	  -5.70	  34.65	
  -41.55	 -16.05	  28.95	
  -41.85	 -13.95	  31.20	
  -38.55	 -11.70	  26.85	
  -36.30	 -10.20	  27.15	
  -31.80	 -18.45	  23.70	
  -33.60	 -18.90	  18.15	
  -17.70	 -27.75	  24.00	
  -38.40	 -15.60	  25.80	
  -29.55	 -13.35	  27.00	
   -1.80	 -36.30	   8.70	
   10.20	 -42.60	   5.10	
   18.00	 -53.70	   3.60	
   48.30	 -68.55	 -11.85	
  -24.15	  -3.60	  23.10	
  -23.25	  12.30	  23.70	
  -21.15	  -3.00	  25.50	
  -12.60	  -7.05	  22.50	
   -7.95	 -13.20	  15.45	
  -19.65	 -17.10	  18.45	
  -43.05	 -15.45	  30.45	
  -51.00	 -19.80	  26.85	
  -47.40	  -4.65	  32.25	
  -45.60	   1.35	  25.35	
  -44.85	  -5.85	  30.90	
  -40.80	   4.35	  28.20	
   -8.70	 -25.65	  15.75	
   44.40	 -69.15	  -5.10	
   55.05	 -92.70	 -12.45	
   56.25	 -93.45	 -14.25	
   61.20	 -95.40	 -15.90	
   37.50	 -76.50	   0.60	
  -43.35	 -26.40	  26.40	
  -33.90	 -18.45	  29.25	
  -23.10	 -40.80	  23.55	
   -9.45	 -52.95	  11.70	
    0.90	 -64.50	   9.00	
   10.95	 -83.10	   2.10	
   11.40	 -79.05	  17.25	
   -2.55	-105.60	  12.45	
  -36.00	 -94.80	   9.90	
  -28.20	-115.05	   2.85	
  -20.70	 -99.15	   5.25	
  -33.90	 -85.50	   3.75	
  -23.10	 -92.70	  19.50	
  -51.60	 -90.60	  11.10	
  -78.00	 -90.75	  12.45	
  -50.55	 -79.20	  17.10	
  -35.85	 -72.30	  18.90	
  -50.10	 -60.15	  32.55	
  -63.45	 -69.60	  30.30	
  -71.10	 -68.55	  20.40	
  -87.30	 -47.55	  22.95	
  -90.15	 -24.60	  31.95	
  -95.85	 -20.70	  34.35	
  -70.35	 -28.05	  29.85	
  -67.80	 -28.80	  30.60	
  -61.35	 -29.70	  30.15	
  -57.75	 -27.90	  27.90	
  -53.85	 -27.00	  28.05	
  -49.35	 -27.30	  27.75	
  -48.15	 -27.45	  25.65	
  -50.10	 -27.75	  25.80	
  -52.50	 -26.85	  28.20	
  -52.50	 -27.45	  26.85	
  -43.65	 -27.15	  25.35	
  -17.55	 -23.85	  21.60	
   22.20	 -19.20	  15.90	
   39.45	 -15.60	  12.60	
   45.90	 -16.05	  10.65	
   44.40	 -14.25	  11.70	
   37.95	 -15.90	  11.55	
   19.20	 -20.70	  16.35	
    8.40	 -20.10	  16.50	
  -21.45	 -25.20	  21.75	
  -34.65	 -28.50	  23.70	
  -31.05	 -26.25	  24.00	
   -6.60	 -22.80	  18.75	
   26.10	 -18.00	  13.95	
   13.95	 -18.30	  15.75	
   -2.70	 -22.20	  19.20	
   -7.35	 -23.85	  19.50	
   -3.00	 -24.00	  18.90	
   -3.30	 -22.80	  18.30	
    0.60	 -22.05	  18.00	
    6.15	 -21.60	  17.25	
    6.75	 -21.15	  18.45	
   -3.60	 -21.60	  18.75	
  -10.95	 -25.35	  20.55	
  -18.75	 -23.10	  22.35	
  -31.80	 -26.55	  24.00	
  -44.70	 -25.50	  27.00	
  -51.75	 -28.65	  26.40	
  -59.40	 -28.05	  27.00	
  -52.05	 -28.80	  27.00	
  -41.10	 -27.15	  23.85	
  -25.65	 -25.65	  23.10	
   -3.45	 -22.50	  19.20	
    9.00	 -19.95	  17.10	
   18.30	 -18.00	  16.50	
   24.90	 -18.30	  15.75	
   28.05	 -15.60	  14.85	
  -13.50	 -20.85	  22.05	
  -34.35	 -25.20	  23.70	
  -14.70	 -22.80	  20.85	
   13.95	 -10.95	  18.00	
   35.10	 -12.60	  15.15	
   45.30	 -29.55	  11.10	
    5.10	 -12.75	  17.55	
   -9.90	  -0.30	  20.55	
  -32.55	   3.45	  29.85	
  -66.90	 -17.25	  37.50	
  -82.50	  -9.30	  43.20	
  -83.40	   9.90	  43.65	
 -116.25	   9.15	  58.05	
 -114.00	  13.50	  65.10	
 -157.80	  13.50	  64.65	
 -198.15	  27.30	  81.00	
 -230.40	  34.65	  82.95	
 -220.65	  55.50	  97.05	
 -174.00	  76.50	  81.30	
 -115.80	  82.35	  58.05	
  -78.60	  62.55	  53.70	
  -46.65	  24.15	  38.25	
  -45.90	   3.30	  35.25	
  -31.20	 -12.75	  36.75	
  -36.60	 -17.10	  31.80	
  -29.25	 -21.75	  25.50	
  -52.20	  -6.15	  36.75	
 -113.10	  41.25	  64.80	
 -154.35	  93.15	  85.80	
 -178.80	 147.15	 106.20	
 -155.70	 138.90	  99.15	
 -109.05	  58.20	  60.75	
  -70.05	   6.75	  41.25	
  -45.60	 -20.85	  28.65	
  -30.90	 -28.65	  23.10	
  -24.15	 -29.70	  25.35	
  -25.20	 -32.85	  30.30	
  -26.10	 -28.65	  13.50	
  -22.05	 -28.95	  27.15	
  -19.05	 -32.70	  19.05	
  -28.65	 -38.55	  29.70	
  -17.40	 -56.40	  12.60	
   -8.55	 -61.95	   6.75	
  -18.30	 -52.20	  21.30	
  -10.35	 -50.10	  16.35	
  -13.95	 -82.35	   7.35	
  -33.00	 -79.35	  12.00	
  -22.50	 -61.95	   6.00	
   -1.05	 -58.50	  18.30	
   24.90	 -58.05	   4.65	
   86.25	 -76.95	 -11.55	
  118.65	 -97.20	 -15.15	
  132.45	-105.60	 -24.60	
   76.65	-120.00	 -32.85	
   64.80	-134.40	 -27.30	
    3.75	-126.30	  -3.00	
  -51.45	 -55.80	  26.10	
  -62.70	 -51.30	  24.00	
  -80.85	 -33.75	  28.65	
  -65.85	 -44.85	  24.15	
  -51.45	 -72.45	  15.45	
  -49.35	 -89.55	  10.05	
  -49.05	 -89.85	  10.35	
  -28.05	 -87.30	   5.25	
   -9.75	 -75.60	  11.55	
  -12.75	 -51.00	   8.40	
  -21.60	 -54.00	  19.05	
  -20.85	 -52.50	  14.25	
    0.15	 -50.10	   5.25	
  -13.95	 -59.85	  14.70	
  -46.05	 -61.20	  13.65	
  -71.70	 -63.60	  21.60	
  -93.00	 -52.95	  27.45	
  -68.55	 -73.35	  15.60	
  -53.85	 -92.10	   4.95	
  -33.00	-113.25	  -0.30	
  -21.45	-127.50	 -10.35	
  -58.80	 -77.55	  11.40	
  -99.90	 -35.10	  29.25	
 -113.25	 -16.05	  42.30	
 -110.70	 -10.65	  41.85	
 -104.85	 -12.75	  39.00	
  -92.25	  -9.90	  35.55	
  -89.85	 -25.50	  37.65	
  -99.90	 -22.50	  39.15	
 -106.80	 -31.35	  36.60	
 -111.60	 -34.65	  39.15	
 -101.10	 -37.50	  29.40	
  -96.90	 -26.25	  33.90	
  -88.80	 -29.25	  25.50	
  -88.35	 -27.00	  34.35	
  -80.55	 -31.50	  34.20	
  -84.15	 -29.40	  19.80	
  -65.55	 -23.25	  27.75	
  -61.50	 -19.65	  30.30	
  -62.70	 -22.50	  29.55	
  -72.75	 -18.00	  35.25	
  -77.55	 -11.40	  40.35	
  -72.00	   5.10	  44.10	
  -76.05	   1.35	  40.80	
  -82.95	   1.65	  46.50	
  -87.90	  -9.15	  39.60	
  -88.05	  -0.45	  43.95	
  -85.50	   5.70	  48.75	
  -80.40	  10.35	  43.20	
 -159.45	  48.00	  70.05	
 -239.10	 127.20	 109.95	
 -253.20	 134.40	 113.40	
 -233.10	 130.05	 111.60	
 -191.10	  83.25	  85.05	
 -163.65	  80.10	  82.05	
 -149.55	  66.30	  81.75	
 -137.55	  55.80	  70.65	
 -136.05	  41.10	  66.60	
 -130.95	  32.25	  63.60	
 -131.85	  25.50	  61.20	
 -149.55	  37.20	  66.75	
 -120.00	   6.30	  54.60	
  -54.75	 -32.70	  25.65	
   -1.35	 -88.65	   4.65	
   55.80	-104.40	 -13.50	
  102.45	-106.80	 -22.50	
  130.50	-111.45	 -27.45	
  164.40	-109.95	 -33.45	
  167.10	-103.95	 -35.40	
  143.25	-103.50	 -31.05	
   27.45	 -54.00	   1.35	
 -117.75	   1.80	  46.35	
  -51.60	 -20.40	  25.80	
  -31.05	 -37.95	  16.65	
   -1.05	 -55.50	   7.65	
   10.95	 -66.60	  -0.60	
   50.70	 -80.85	   7.35	
   43.50	 -79.20	  18.15	
   19.95	 -57.45	  -2.25	
   -2.55	 -19.50	  35.25	
  -27.90	 -31.20	  24.90	
  -14.40	 -28.50	  22.50	
   65.10	 -48.45	  -5.40	
   77.70	 -49.80	  -3.45	
   70.80	 -47.25	   1.20	
    3.75	 -49.80	  18.90	
    6.00	 -54.15	  24.45	
    3.60	 -72.00	  16.05	
  -19.95	 -70.35	  19.20	
  -25.35	 -58.80	  17.25	
  -28.50	 -81.75	  13.05	
  -21.45	 -79.95	   9.30	
  -43.50	 -54.60	  11.10	
  -40.80	 -46.65	  12.00	
  -27.15	 -69.45	   9.15	
  -41.10	 -52.20	  12.00	
  -25.50	 -59.70	   8.25	
  -19.05	 -58.05	   6.60	
  -17.55	 -59.55	   8.70	
  -16.80	 -58.05	   7.65	
  -18.75	 -58.05	   7.35	
  -18.00	 -58.50	   7.65	
  -19.80	 -60.30	   7.95	
  -22.80	 -59.85	   9.45	
  -23.25	 -59.40	   9.30	
  -24.75	 -60.45	   9.30	
  -17.70	 -59.40	   7.05	
   11.40	 -51.75	   3.30	
   -2.55	 -52.20	   5.40	
  -25.35	 -57.00	   7.95	
  -18.75	 -54.00	   9.90	
  -36.75	 -51.00	  12.75	
  -54.60	 -52.35	  18.15	
  -55.65	 -53.40	  18.90	
  -39.90	 -50.55	  15.15	
  -28.95	 -50.70	  11.70	
  -34.65	 -54.60	  11.10	
  -49.80	 -57.90	  13.35	
  -36.15	 -54.15	  12.30	
  -26.55	 -56.10	  10.05	
  -43.35	 -60.60	  11.70	
  -46.35	 -60.60	  11.40	
  -45.00	 -62.70	  10.35	
  -33.00	 -63.60	   9.90	
  -30.15	 -58.80	  10.20	
  -30.45	 -60.30	   9.45	
  -21.15	 -55.65	   9.75	
  -19.65	 -51.60	   9.00	
  -15.60	 -50.85	  10.35	
  -15.90	 -50.10	   9.00	
  -15.15	 -51.30	   9.75	
  -14.10	 -50.55	   9.00	
  -14.25	 -51.75	   7.95	
  -11.55	 -50.10	   8.25	
   -1.35	 -47.70	   7.35	
    7.05	 -47.55	   5.70	
    8.55	 -46.50	   5.70	
   -3.90	 -48.45	   6.15	
  -21.75	 -52.35	   9.30	
  -27.00	 -53.40	  11.10	
  -22.95	 -52.80	  10.80	
  -19.05	 -52.50	  10.20	
  -23.10	 -56.25	   7.95	
  -25.80	 -60.15	   8.55	
   -8.70	 -51.00	   5.10	
    6.60	 -53.70	   2.85	
   15.75	 -71.25	   0.60	
   -6.00	 -62.25	   5.70	
  -19.50	 -55.80	   8.40	
  -24.45	 -67.80	  11.10	
  -62.25	 -41.25	  22.95	
  -47.70	 -43.65	  29.40	
  -63.90	 -20.85	  37.50	
  -59.10	 -27.15	  40.05	
  -64.50	 -16.65	  41.70	
  -75.30	  -6.60	  43.35	
  -98.55	   4.35	  44.85	
 -118.35	   4.65	  54.75	
 -135.30	   9.90	  54.45	
 -147.90	  53.25	  62.55	
  -18.45	 111.90	  36.15	
   33.45	 100.80	  37.50	
    9.00	  21.15	  21.75	
   12.45	 -12.45	  12.75	
   16.05	 -20.10	   8.40	
   15.90	 -24.00	  11.85	
   13.50	 -30.90	   8.70	
   -5.70	 -19.65	  18.90	
   14.85	  17.10	  24.75	
   18.45	  52.35	  35.10	
    3.00	 104.55	  50.85	
   14.70	 122.10	  58.05	
   -0.90	  58.65	  36.90	
   -4.65	   9.90	  24.90	
   -7.50	  -9.00	  18.15	
   -4.50	 -18.15	  17.70	
   -9.30	 -22.50	  19.20	
   11.85	 -15.15	   6.30	
   34.50	 -21.60	   7.65	
   49.80	 -14.10	   5.70	
   42.30	 -15.45	   5.85	
   41.55	 -22.35	   2.85	
   22.80	 -23.10	   3.90	
   13.05	 -19.20	  13.65	
   -5.70	 -27.30	  12.60	
   -2.10	 -27.45	  14.25	
   14.40	 -25.50	  12.60	
   28.95	 -23.10	   8.40	
   24.45	 -22.20	   6.75	
    6.75	 -27.00	  16.65	
   -5.40	 -24.15	  11.40	
   -4.50	 -24.00	  15.15	
  -28.05	 -10.35	  19.65	
  -31.35	  56.10	  43.20	
  -32.25	  67.65	  46.35	
  -33.30	  31.80	  36.60	
  -29.25	  32.10	  32.55	
  -25.20	  23.70	  32.85	
  -34.35	   9.30	  27.75	
   -5.70	 -17.10	  18.90	
    8.40	 -41.55	   8.40	
   24.60	 -69.90	  -4.35	
   37.80	 -84.90	 -13.20	
   58.65	-107.55	 -22.50	
   88.95	-106.65	 -27.90	
  104.10	-119.55	 -37.50	
  104.85	-110.70	 -28.65	
   81.60	-125.70	 -32.25	
   15.45	 -80.85	  -9.90	
  -49.65	 -27.15	  17.55	
  -63.60	 -15.75	  24.60	
  -70.05	 -24.75	  27.00	
  -67.95	 -21.60	  26.10	
  -48.45	 -32.70	  19.05	
  -53.10	 -34.35	  21.15	
  -54.75	 -30.15	  23.10	
  -46.05	 -38.40	  15.90	
  -37.05	 -21.30	  24.90	
  -52.20	 -15.00	  34.20	
  -84.90	 -23.55	  32.25	
  -97.65	 -20.40	  36.15	
  -83.10	  -9.45	  35.25	
  -76.65	  -9.75	  32.55	
  -76.05	  -1.35	  35.25	
  -57.00	   4.35	  35.55	
  -49.35	   7.50	  36.15	
  -76.05	   2.85	  39.00	
  -98.10	   2.55	  45.60	
 -110.25	   3.90	  47.70	
 -120.75	  -3.45	  53.85	
  -83.40	  -3.90	  42.30	
  -79.35	   4.65	  48.15	
  -65.25	   4.95	  45.30	
  -64.65	  20.85	  52.20	
  -78.30	  17.25	  54.45	
 -101.55	   8.70	  60.60	
 -118.80	  -2.10	  62.55	
 -122.40	  -4.35	  62.85	
 -123.90	   0.00	  63.90	
 -129.75	   7.95	  66.15	
 -126.15	   2.85	  64.65	
 -143.85	  -6.60	  63.15	
 -147.45	  -5.10	  61.35	
 -142.95	   0.90	  58.20	
 -135.75	   4.35	  63.90	
 -117.15	   1.95	  53.40	
 -107.25	  -3.75	  56.10	
  -99.30	  -4.35	  44.10	
  -91.20	  -8.40	  57.75	
  -55.65	  -5.25	  48.30	
  -49.05	   3.00	  28.80	
  -34.65	 -17.10	  31.05	
  -25.35	 -62.85	  25.35	
  -56.40	 -96.15	  13.35	
  -40.20	 -93.90	   6.30	
  -70.95	 -28.65	  35.25	
  -58.05	  -7.95	  35.55	
  -13.05	 -18.90	  25.50	
   23.70	 -37.95	   6.30	
   44.85	 -52.95	   4.35	
   75.75	 -56.25	  -7.35	
   99.45	 -57.15	 -18.45	
   89.70	 -81.30	 -23.55	
   77.25	 -95.55	 -13.50	
   56.85	 -85.50	 -14.40	
   57.45	 -93.90	 -21.75	
   75.90	 -88.80	 -19.95	
   68.85	 -70.05	 -11.10	
   57.15	 -60.45	   4.50	
   68.70	 -57.75	 -12.00	
   60.60	 -72.45	 -15.45	
   65.25	 -75.60	 -14.40	
   72.90	 -84.00	 -19.95	
   80.85	 -64.65	 -12.45	
   87.00	 -58.20	 -10.35	
   68.25	 -66.75	 -10.35	
   16.65	 -55.65	  -7.80	
    1.65	 -66.30	  -7.05	
    1.80	 -62.10	  -5.10	
   11.40	 -48.15	  -8.40	
   29.70	 -55.50	 -10.20	
   37.05	 -55.05	 -13.20	
   27.45	 -56.55	  -9.45	
   -2.25	 -62.70	  -6.75	
   -7.35	 -65.10	  -4.65	
   -6.60	 -64.35	  -5.85	
   -8.25	 -64.50	  -4.50	
   -8.55	 -65.25	  -4.20	
   -1.65	 -64.80	  -5.70	
   -3.90	 -63.60	  -4.35	
  -10.05	 -66.00	  -3.45	
  -21.45	 -66.30	  -1.95	
  -29.85	 -66.75	  -0.90	
  -35.40	 -68.85	  -0.15	
  -39.30	 -68.70	  -0.30	
  -41.10	 -67.65	   0.30	
  -35.85	 -67.50	  -0.15	
  -29.40	 -66.90	  -3.30	
  -33.75	 -67.95	  -2.85	
  -36.60	 -68.55	  -0.15	
  -37.50	 -66.60	   1.05	
  -38.40	 -66.75	  -0.45	
  -38.70	 -67.05	   0.45	
  -41.70	 -68.55	   0.15	
  -43.20	 -69.60	   1.20	
  -44.70	 -68.25	   0.90	
  -46.05	 -68.85	   1.65	
  -47.40	 -69.45	   1.80	
  -48.30	 -70.80	   1.65	
  -47.10	 -71.25	   0.60	
  -43.50	 -70.35	   1.95	
  -37.65	 -70.05	   0.15	
  -26.10	 -67.65	  -1.05	
  -15.45	 -64.65	  -3.90	
  -17.70	 -63.75	  -3.00	
  -22.80	 -65.40	  -2.85	
  -19.95	 -64.20	  -2.70	
  -15.45	 -63.90	  -3.30	
  -11.10	 -61.95	  -4.20	
  -13.65	 -63.00	  -4.20	
  -11.85	 -63.75	  -4.20	
   -9.45	 -62.85	  -3.60	
   -3.60	 -63.15	  -5.85	
    1.65	 -53.10	  -7.50	
   15.00	 -54.75	  -6.90	
   30.15	 -65.85	 -11.40	
    1.20	 -66.00	  -5.25	
  -22.95	 -56.40	  -1.65	
  -26.25	 -71.85	  -1.65	
  -49.80	 -33.60	   2.70	
  -89.10	 -44.70	  15.15	
  -90.15	 -27.45	  29.70	
  -43.65	  16.50	  44.40	
  -33.60	  24.00	  38.40	
  -35.55	  39.60	  47.40	
  -50.40	  63.15	  51.00	
  -49.05	  66.75	  52.05	
  -66.75	  76.35	  49.05	
  -92.25	  97.50	  66.90	
 -107.25	  90.60	  68.55	
  -67.95	  69.15	  59.55	
  -28.80	  34.65	  38.70	
  -24.15	   4.65	  29.40	
  -20.85	 -20.10	  28.95	
   -6.30	 -11.10	   6.30	
  -18.00	 -33.45	  15.45	
  -27.75	  14.85	  32.10	
  -45.75	  68.25	  51.30	
  -34.35	 119.70	  65.25	
  -19.95	  87.30	  45.30	
  -33.60	  25.50	  40.65	
  -27.45	   3.60	  30.45	
  -35.25	  -1.35	  44.10	
  -29.70	  -4.35	   5.85	
  -27.00	  -5.70	  16.65	
  -17.70	  -2.70	  12.30	
  -47.70	  31.20	  45.15	
  -87.90	  82.05	  67.95	
 -112.65	 140.25	  82.50	
  -78.45	 109.80	  68.25	
  -57.90	  59.70	  50.10	
  -63.45	  27.75	  41.25	
  -61.35	  25.35	  41.10	
  -59.70	  18.45	  40.65	
  -66.00	   5.70	  32.55	
  -53.85	  -0.45	  28.50	
  -65.40	  -5.10	  37.05	
  -67.80	  -1.65	  32.55	
  -74.40	 -17.70	  32.55	
  -73.95	 -11.40	  30.15	
  -68.70	 -16.80	  36.30	
  -58.95	  -7.50	  30.30	
  -58.50	  -4.35	  29.40	
  -30.90	 -20.85	  22.80	
  -16.80	 -44.85	  11.40	
   -9.00	 -76.65	  -0.45	
  -19.05	 -78.30	   2.10	
   15.45	 -86.70	  -6.90	
    0.45	 -41.25	  10.35	
   48.45	 -41.55	  -3.30	
  100.80	 -70.20	 -18.75	
  131.70	 -76.80	 -31.20	
  118.80	-101.85	 -34.20	
  105.15	 -96.75	 -27.90	
   44.25	 -44.25	  -6.00	
   17.70	 -40.95	   5.70	
   31.35	 -53.85	  -0.15	
    6.30	 -46.80	  16.35	
    2.85	 -52.50	   5.40	
   -7.65	 -55.05	  -0.30	
   -7.05	 -49.05	  -5.25	
   -8.70	 -43.65	  -4.65	
    1.95	 -68.25	  10.35	
  -11.10	 -63.00	  15.60	
    6.75	 -82.20	   3.45	
    3.75	 -39.15	   9.30	
  -12.45	 -67.20	   1.05	
   -3.30	 -78.00	   6.15	
   -5.70	 -60.15	   3.75	
   10.95	 -49.20	   0.00	
  -10.20	 -59.55	  12.45	
  -14.70	 -56.25	  16.50	
  -28.05	 -49.35	   5.70	
  -19.95	 -24.75	  11.10	
   -7.95	 -42.60	   7.95	
  -26.40	 -58.50	  15.45	
  -36.60	 -74.10	  -3.45	
  -35.55	 -31.50	   9.15	
  -35.25	 -15.45	  19.80	
  -19.20	 -28.80	  18.15	
  -25.50	 -39.15	  18.45	
  -27.30	 -28.80	  19.20	
  -28.80	 -30.30	  19.65	
  -29.40	 -27.15	  20.55	
  -29.25	 -28.50	  20.40	
  -37.05	 -28.65	  20.10	
  -31.80	 -28.80	  19.65	
  -23.85	 -26.85	  18.00	
  -25.80	 -28.80	  19.65	
  -27.30	 -28.05	  18.45	
  -31.80	 -28.50	  19.95	
  -40.65	 -31.35	  19.65	
  -83.40	 -36.00	  27.45	
  -91.95	 -35.25	  29.40	
  -95.25	 -37.05	  30.90	
  -90.30	 -38.40	  29.85	
  -81.75	 -35.10	  26.25	
  -65.55	 -32.85	  25.20	
  -33.60	 -25.80	  19.95	
  -18.00	 -23.10	  19.05	
   -6.60	 -23.10	  14.70	
    3.75	 -20.40	  14.10	
    9.90	 -18.75	  13.95	
    2.25	 -19.20	  14.40	
   -7.35	 -22.80	  16.05	
  -13.05	 -22.50	  16.65	
   -0.30	 -20.85	  15.75	
    9.75	 -19.65	  13.65	
   11.70	 -18.00	  11.40	
   12.00	 -19.50	  13.50	
    9.90	 -20.85	  13.50	
    9.30	 -19.65	  14.10	
    8.70	 -21.30	  12.75	
    2.55	 -20.55	  14.70	
   -5.70	 -21.45	  16.65	
   -5.25	 -23.25	  16.65	
   -7.95	 -22.35	  16.05	
   -6.00	 -22.95	  16.65	
   -6.90	 -21.60	  18.00	
   -4.20	 -21.75	  15.90	
    1.05	 -20.55	  16.50	
    7.35	 -20.10	  14.70	
    0.90	 -21.15	  16.35	
  -10.65	 -22.80	  17.25	
  -12.75	 -22.35	  16.80	
  -13.65	 -22.50	  17.70	
  -12.45	 -24.15	  16.80	
  -14.70	 -24.15	  17.25	
  -23.25	 -19.95	  17.70	
  -22.35	 -18.00	  20.10	
  -16.35	 -33.60	  18.15	
  -27.90	 -36.00	  18.00	
  -38.25	 -11.70	  23.55	
  -43.50	 -19.95	  25.20	
  -34.20	 -37.05	  20.55	
  -55.80	  -5.10	  15.45	
  -82.20	   6.30	  43.20	
 -102.60	   4.65	  52.50	
 -140.55	   5.85	  55.80	
 -170.55	  17.10	  64.20	
 -180.30	  21.60	  72.75	
 -200.85	  22.05	  70.20	
 -200.10	  45.15	  77.25	
 -196.20	  73.35	  84.00	
 -210.90	  76.35	  82.20	
 -140.70	  61.50	  67.05	
  -85.50	  38.40	  50.10	
  -70.20	   8.40	  38.55	
  -74.85	 -22.95	  24.75	
  -68.70	  -2.55	  44.85	
  -72.75	 -23.85	  35.55	
  -91.20	  11.40	  39.00	
 -123.75	  60.45	  65.55	
 -169.95	 110.70	  85.65	
 -163.05	 153.15	 102.45	
 -163.35	 138.60	 113.70	
 -163.65	 105.60	  80.10	
 -109.05	  66.30	  67.50	
  -84.30	  19.20	  48.00	
  -70.80	   9.30	  32.85	
  -74.10	 -13.35	  30.30	
  -51.45	 -23.10	  26.40	
  -39.45	 -24.45	  19.20	
  -38.25	 -44.85	   9.15	
  -43.95	 -43.95	   8.25	
  -23.10	 -49.65	   6.60	
  -27.90	 -52.50	  24.60	
  -44.10	 -23.55	   9.45	
  -35.25	 -13.95	  17.25	
  -20.55	 -11.70	  28.20	
  -24.90	 -34.95	   2.55	
  -39.15	 -45.30	  23.25	
  -47.10	 -15.00	   9.45	
  -19.65	 -39.15	  -1.65	
  -24.45	 -36.60	   2.70	
  -41.85	 -43.05	  19.80	
  -33.00	 -32.25	  19.50	
  -15.60	 -36.90	  13.05	
    6.30	 -25.50	  10.35	
  -14.70	 -19.50	  12.75	
  -25.35	 -11.70	  28.65	
  -30.90	 -37.50	   7.35	
  -53.85	 -35.85	  24.75	
  -61.05	 -34.20	  26.10	
  -29.25	 -41.70	  14.40	
   -7.35	  -9.90	  31.50	
   28.80	 -37.20	  -3.45	
   37.95	 -81.00	 -10.05	
  -25.50	 -21.75	  29.55	
    3.00	 -31.35	  18.45	
  -11.40	 -28.95	   2.10	
   -5.40	 -54.75	  13.50	
   -8.25	 -56.10	   4.20	
  -11.70	 -71.25	   4.65	
  -31.20	 -26.40	   8.40	
  -15.75	 -26.10	  15.45	
  -13.95	 -23.85	  24.90	
  -18.30	 -13.95	  27.45	
  -10.80	 -26.55	  14.10	
    3.30	 -40.05	  14.25	
  -21.75	 -40.20	  17.40	
  -18.45	 -32.10	  19.95	
   -4.35	 -36.00	  12.75	
   -8.25	 -41.25	  11.55	
    6.15	 -46.65	   4.65	
   21.45	 -44.25	  -2.70	
    9.45	 -46.35	  11.40	
   15.45	 -39.30	   5.40	
    7.35	 -51.75	   2.55	
   17.40	 -60.75	   8.55	
   51.45	 -56.25	   5.10	
   67.65	 -66.15	  -5.85	
   70.65	 -61.05	   2.55	
   78.15	 -61.50	  -7.80	
   78.00	 -41.10	 -10.20	
   98.85	 -52.95	 -10.65	
   79.80	 -31.20	  -6.15	
   40.05	 -59.10	  -1.05	
   -9.90	 -42.30	   7.65	
  -14.85	 -57.90	   6.00	
  -58.95	 -64.20	  14.10	
  -65.40	 -65.40	  15.75	
  -69.45	 -63.15	  16.80	
  -62.85	 -65.10	  15.45	
  -25.20	 -60.75	   9.75	
    3.45	 -56.40	   3.45	
    6.15	 -52.95	   5.10	
    2.25	 -53.10	   7.50	
   -3.60	 -54.00	   7.35	
   -3.30	 -52.95	   6.90	
   -1.20	 -53.40	   6.30	
    1.20	 -54.90	   6.75	
    3.90	 -52.50	   6.15	
    4.35	 -52.20	   5.85	
   10.80	 -49.80	   4.95	
   19.50	 -47.70	   3.60	
   31.80	 -45.30	   0.90	
   48.00	 -43.20	  -1.95	
   64.20	 -41.25	  -2.70	
   64.80	 -40.65	  -3.45	
   27.75	 -48.00	   2.70	
    1.35	 -51.45	   6.15	
  -21.75	 -55.65	  10.35	
  -49.35	 -60.45	  14.40	
  -70.35	 -60.45	  15.60	
  -91.35	 -63.45	  20.40	
  -62.55	 -62.85	  17.55	
   -8.25	 -53.40	   9.30	
   17.25	 -48.45	   5.40	
   20.70	 -45.75	   3.45	
   18.15	 -45.75	   4.20	
   -1.95	 -49.05	   7.50	
  -32.55	 -54.90	  12.60	
  -52.50	 -59.85	  15.75	
  -61.95	 -61.20	  17.70	
  -58.50	 -61.35	  16.50	
  -55.80	 -61.35	  15.45	
  -57.30	 -62.85	  15.75	
  -57.00	 -61.80	  16.80	
  -52.95	 -60.30	  15.00	
  -51.30	 -61.20	  14.85	
  -49.80	 -58.95	  14.85	
  -52.50	 -59.85	  15.75	
  -63.90	 -61.80	  18.75	
  -81.60	 -64.35	  20.10	
  -91.20	 -66.60	  19.80	
  -83.85	 -66.60	  19.50	
  -80.55	 -65.85	  20.55	
 -109.35	 -67.50	  24.45	
 -113.70	 -60.60	  25.65	
 -106.20	 -58.50	  23.85	
  -66.30	 -70.80	  17.70	
  -61.35	 -64.65	  15.45	
  -66.00	 -37.95	  20.40	
  -65.10	 -26.85	  25.65	
  -80.70	 -43.20	  25.20	
  -92.25	 -34.20	  24.90	
 -103.35	 -11.70	  35.55	
 -100.95	  10.05	  42.45	
 -118.65	  17.40	  47.25	
 -116.55	  27.90	  44.85	
 -126.15	  50.40	  68.70	
 -120.75	  62.25	  67.80	
 -136.95	  68.55	  71.55	
 -122.40	  75.00	  57.75	
  -12.45	 124.35	  47.10	
   13.35	  82.95	  37.65	
   -1.80	  38.25	  28.65	
    3.00	  15.60	  29.25	
  -16.05	   7.65	  27.45	
  -37.05	  -8.40	  27.15	
  -32.70	   1.35	  30.90	
  -41.55	  47.10	  41.10	
   70.05	  13.65	  84.30	
  130.05	 -46.80	 167.85	
  112.65	  61.20	 138.45	
   50.85	  91.05	 122.70	
   66.00	  11.10	 189.30	
   44.70	  32.85	  99.45	
   45.75	 -11.85	  93.60	
   44.70	 -26.25	  84.00	
    4.95	  -4.95	  19.95	
   31.05	 -15.15	  67.05	
   35.55	 -23.55	  50.70	
   60.45	 -24.45	  32.85	
   60.60	 -40.05	  92.25	
   48.75	 -35.40	  88.05	
   62.55	 -49.65	  78.30	
   59.55	 -43.35	  64.65	
   41.85	 -20.55	   3.90	
  -79.80	 -17.25	   3.90	
   48.00	 -17.40	  23.70	
  -10.05	 -39.15	 106.05	
   18.45	 -38.40	  78.45	
  -30.60	 -19.65	  27.75	
  -30.90	 -19.80	  19.50	
   -7.05	 -19.20	  20.40	
    7.80	 -21.45	  18.15	
   19.05	 -31.50	   7.95	
