273	-312	-304
274	-313	-306
274	-313	-306
272	-310	-305
272	-310	-305
275	-312	-306
275	-312	-306
275	-312	-306
274	-312	-306
274	-312	-306
275	-310	-304
275	-310	-304
275	-310	-304
274	-311	-308
274	-311	-308
275	-313	-305
275	-313	-305
275	-313	-305
273	-313	-305
273	-313	-305
275	-311	-306
275	-311	-306
275	-309	-308
275	-309	-308
275	-309	-308
274	-309	-304
274	-309	-304
273	-310	-306
273	-310	-306
273	-310	-306
275	-312	-304
275	-312	-304
273	-312	-303
273	-312	-303
273	-312	-303
275	-310	-307
275	-310	-307
274	-308	-303
274	-308	-303
274	-308	-303
273	-312	-305
273	-312	-305
273	-313	-305
273	-313	-305
273	-313	-305
275	-310	-304
275	-310	-304
274	-311	-305
274	-311	-305
274	-311	-305
271	-311	-308
271	-311	-308
274	-310	-306
274	-310	-306
274	-310	-306
274	-311	-306
274	-311	-306
273	-313	-305
273	-313	-305
273	-313	-305
272	-312	-302
272	-312	-302
275	-310	-306
275	-310	-306
276	-311	-304
276	-311	-304
276	-311	-304
275	-312	-306
275	-312	-306
270	-312	-305
270	-312	-305
270	-312	-305
275	-313	-308
275	-313	-308
275	-311	-303
275	-311	-303
275	-311	-303
274	-311	-305
274	-311	-305
275	-310	-304
275	-310	-304
275	-310	-304
272	-313	-302
272	-313	-302
272	-313	-303
272	-313	-303
272	-313	-303
275	-312	-306
275	-312	-306
270	-311	-307
270	-311	-307
270	-311	-307
272	-311	-305
272	-311	-305
273	-311	-305
273	-311	-305
273	-311	-305
273	-309	-305
273	-309	-305
274	-309	-304
274	-309	-304
274	-309	-304
277	-313	-304
277	-313	-304
273	-311	-307
273	-311	-307
273	-312	-307
273	-312	-307
273	-312	-307
275	-310	-305
275	-310	-305
274	-312	-306
274	-312	-306
274	-312	-306
272	-313	-305
272	-313	-305
275	-310	-306
275	-310	-306
275	-310	-306
274	-310	-304
274	-310	-304
278	-309	-304
278	-309	-304
278	-309	-304
272	-312	-305
272	-312	-305
272	-310	-305
272	-310	-305
272	-310	-305
274	-313	-304
274	-313	-304
274	-312	-305
274	-312	-305
274	-312	-305
274	-311	-308
274	-311	-308
271	-311	-306
271	-311	-306
271	-311	-306
275	-311	-304
275	-311	-304
275	-313	-307
275	-313	-307
275	-313	-307
277	-310	-303
277	-310	-303
271	-311	-305
271	-311	-305
272	-309	-307
272	-309	-307
272	-309	-307
275	-311	-308
275	-311	-308
275	-310	-302
275	-310	-302
275	-310	-302
274	-311	-305
274	-311	-305
273	-310	-305
273	-310	-305
273	-310	-305
272	-310	-305
272	-310	-305
275	-312	-304
275	-312	-304
275	-312	-304
272	-312	-307
272	-312	-307
273	-312	-305
273	-312	-305
273	-312	-305
274	-314	-305
274	-314	-305
275	-310	-307
275	-310	-307
275	-310	-307
275	-308	-306
275	-308	-306
273	-311	-304
273	-311	-304
273	-311	-304
275	-315	-304
275	-315	-304
272	-310	-302
272	-310	-302
272	-314	-305
272	-314	-305
272	-314	-305
274	-310	-305
274	-310	-305
274	-312	-303
274	-312	-303
274	-312	-303
273	-312	-304
273	-312	-304
273	-310	-306
273	-310	-306
273	-310	-306
274	-310	-306
274	-310	-306
274	-310	-300
274	-310	-300
274	-310	-300
274	-312	-305
274	-312	-305
275	-310	-304
275	-310	-304
275	-310	-304
272	-309	-304
272	-309	-304
273	-311	-306
273	-311	-306
273	-311	-306
272	-310	-308
272	-310	-308
271	-311	-306
271	-311	-306
271	-311	-306
273	-312	-302
273	-312	-302
274	-310	-305
274	-310	-305
274	-310	-305
276	-310	-306
276	-310	-306
276	-313	-305
276	-313	-305
274	-313	-295
274	-313	-295
274	-313	-295
274	-311	-307
274	-311	-307
273	-313	-302
273	-313	-302
273	-313	-302
274	-311	-304
274	-311	-304
274	-311	-304
274	-311	-304
274	-311	-304
273	-314	-306
273	-314	-306
274	-311	-304
274	-311	-304
274	-311	-304
272	-312	-304
272	-312	-304
274	-311	-303
274	-311	-303
274	-311	-303
274	-312	-307
274	-312	-307
273	-312	-305
273	-312	-305
273	-312	-305
274	-313	-306
274	-313	-306
274	-313	-308
274	-313	-308
274	-313	-308
274	-311	-306
274	-311	-306
274	-311	-309
274	-311	-309
274	-311	-309
274	-311	-307
274	-311	-307
273	-311	-306
273	-311	-306
278	-312	-307
278	-312	-307
278	-312	-307
274	-308	-307
274	-308	-307
277	-311	-305
277	-311	-305
277	-311	-305
272	-313	-306
272	-313	-306
273	-311	-307
273	-311	-307
273	-311	-307
275	-313	-305
275	-313	-305
270	-309	-305
270	-309	-305
270	-309	-305
274	-310	-303
274	-310	-303
275	-311	-307
275	-311	-307
275	-311	-307
272	-310	-306
272	-310	-306
276	-310	-304
276	-310	-304
276	-310	-304
275	-310	-305
275	-310	-305
274	-310	-304
274	-310	-304
274	-310	-304
275	-309	-305
275	-309	-305
274	-312	-306
274	-312	-306
274	-312	-304
274	-312	-304
274	-312	-304
274	-311	-305
274	-311	-305
273	-311	-303
273	-311	-303
273	-311	-303
273	-313	-304
273	-313	-304
274	-311	-309
274	-311	-309
274	-311	-309
271	-313	-307
271	-313	-307
275	-312	-306
275	-312	-306
275	-312	-306
271	-311	-306
271	-311	-306
277	-308	-306
277	-308	-306
277	-308	-306
276	-313	-306
276	-313	-306
274	-312	-306
274	-312	-306
274	-312	-306
271	-310	-305
271	-310	-305
274	-312	-307
274	-312	-307
274	-312	-307
274	-311	-306
274	-311	-306
272	-311	-304
272	-311	-304
272	-311	-304
275	-310	-304
275	-310	-304
274	-312	-304
274	-312	-304
273	-311	-306
273	-311	-306
273	-311	-306
276	-312	-306
276	-312	-306
271	-309	-305
271	-309	-305
271	-309	-305
275	-312	-305
275	-312	-305
272	-313	-304
272	-313	-304
272	-313	-304
274	-309	-305
274	-309	-305
272	-313	-303
272	-313	-303
272	-313	-303
274	-310	-305
274	-310	-305
274	-311	-305
274	-311	-305
274	-311	-305
274	-312	-307
274	-312	-307
272	-311	-308
272	-311	-308
272	-311	-308
272	-311	-306
272	-311	-306
273	-311	-304
273	-311	-304
273	-312	-304
275	-312	-304
275	-312	-304
274	-311	-302
274	-311	-302
270	-313	-303
270	-313	-303
270	-313	-303
273	-310	-304
273	-310	-304
274	-310	-307
274	-310	-307
274	-310	-307
273	-311	-308
273	-311	-308
274	-310	-305
274	-310	-305
274	-310	-305
273	-310	-304
273	-310	-304
273	-313	-308
273	-313	-308
273	-313	-308
275	-312	-305
275	-312	-305
274	-313	-303
274	-313	-303
274	-313	-303
274	-310	-305
274	-310	-305
271	-312	-305
271	-312	-305
271	-312	-305
276	-311	-306
276	-311	-306
272	-312	-307
272	-312	-307
272	-312	-307
274	-311	-305
274	-311	-305
273	-311	-306
273	-311	-306
276	-313	-306
276	-313	-306
276	-313	-306
274	-311	-305
274	-311	-305
275	-312	-306
275	-312	-306
275	-312	-306
274	-311	-304
274	-311	-304
272	-310	-305
272	-310	-305
272	-310	-305
274	-312	-307
274	-312	-307
275	-311	-305
275	-311	-305
275	-311	-305
274	-312	-305
274	-312	-305
274	-313	-304
274	-313	-304
274	-313	-304
276	-314	-304
276	-314	-304
273	-313	-306
273	-313	-306
273	-313	-306
271	-312	-306
271	-312	-306
272	-315	-306
272	-315	-306
272	-315	-306
274	-311	-305
274	-311	-305
272	-311	-307
272	-311	-307
272	-311	-307
272	-314	-306
272	-314	-306
274	-310	-299
274	-310	-299
274	-313	-305
274	-313	-305
274	-313	-305
274	-310	-306
274	-310	-306
272	-309	-307
272	-309	-307
272	-309	-307
275	-312	-305
275	-312	-305
273	-309	-305
273	-309	-305
273	-309	-305
272	-311	-305
272	-311	-305
271	-312	-303
271	-312	-303
271	-312	-303
274	-315	-302
274	-315	-302
270	-314	-303
270	-314	-303
270	-314	-303
276	-310	-304
276	-310	-304
273	-312	-304
273	-312	-304
273	-312	-304
273	-312	-306
273	-312	-306
276	-310	-307
276	-310	-307
276	-310	-307
273	-312	-303
273	-312	-303
273	-312	-305
273	-312	-305
271	-312	-308
271	-312	-308
271	-312	-308
272	-311	-299
272	-311	-299
274	-313	-304
274	-313	-304
274	-313	-304
273	-311	-304
273	-311	-304
274	-310	-304
274	-310	-304
274	-310	-304
275	-309	-305
275	-309	-305
271	-309	-302
271	-309	-302
271	-309	-302
275	-309	-306
275	-309	-306
273	-314	-304
273	-314	-304
273	-314	-304
270	-312	-306
270	-312	-306
275	-311	-303
275	-311	-303
275	-311	-303
273	-314	-306
273	-314	-306
275	-311	-304
275	-311	-304
275	-311	-304
272	-313	-305
272	-313	-305
272	-310	-305
272	-310	-305
272	-309	-302
272	-309	-302
272	-309	-302
272	-313	-304
272	-313	-304
275	-310	-302
275	-310	-302
275	-310	-302
271	-312	-305
271	-312	-305
273	-309	-307
273	-309	-307
273	-309	-307
273	-311	-304
273	-311	-304
274	-311	-306
274	-311	-306
274	-311	-306
271	-310	-305
271	-310	-305
273	-310	-307
273	-310	-307
273	-310	-307
277	-311	-306
277	-311	-306
274	-309	-307
274	-309	-307
274	-309	-307
276	-310	-305
276	-310	-305
272	-309	-303
272	-309	-303
272	-309	-303
273	-314	-306
273	-314	-306
272	-314	-302
272	-314	-302
272	-314	-302
274	-313	-303
274	-313	-303
273	-309	-304
273	-309	-304
272	-311	-304
272	-311	-304
272	-311	-304
274	-309	-305
274	-309	-305
273	-311	-303
273	-311	-303
273	-311	-303
273	-309	-306
273	-309	-306
275	-309	-303
275	-309	-303
275	-309	-303
275	-312	-306
275	-312	-306
273	-308	-307
273	-308	-307
273	-308	-307
271	-309	-306
271	-309	-306
271	-310	-305
271	-310	-305
271	-310	-305
274	-311	-304
274	-311	-304
275	-309	-304
275	-309	-304
275	-309	-304
272	-314	-305
272	-314	-305
270	-310	-303
270	-310	-303
270	-310	-303
276	-309	-306
276	-309	-306
274	-307	-307
274	-307	-307
274	-307	-307
275	-311	-305
275	-311	-305
275	-308	-306
275	-308	-306
273	-310	-304
273	-310	-304
273	-310	-304
273	-311	-304
273	-311	-304
274	-309	-304
274	-309	-304
274	-309	-304
274	-308	-307
274	-308	-307
273	-314	-304
273	-314	-304
273	-314	-304
275	-309	-304
275	-309	-304
276	-313	-305
276	-313	-305
276	-313	-305
271	-309	-305
271	-309	-305
273	-308	-304
273	-308	-304
273	-308	-304
275	-309	-307
275	-309	-307
274	-308	-305
274	-308	-305
274	-308	-305
273	-312	-304
273	-312	-304
273	-310	-304
273	-310	-304
273	-310	-304
276	-309	-310
276	-309	-310
274	-313	-305
274	-313	-305
276	-309	-306
276	-309	-306
276	-309	-306
277	-309	-306
277	-309	-306
272	-311	-304
272	-311	-304
272	-311	-304
274	-309	-304
274	-309	-304
278	-308	-308
278	-308	-308
278	-308	-308
272	-314	-305
272	-314	-305
273	-310	-306
273	-310	-306
273	-310	-306
277	-309	-306
277	-309	-306
276	-310	-306
276	-310	-306
276	-310	-306
275	-311	-307
275	-311	-307
276	-311	-307
276	-311	-307
276	-311	-307
276	-312	-305
276	-312	-305
276	-308	-308
276	-308	-308
276	-308	-308
274	-311	-306
274	-311	-306
277	-309	-307
277	-309	-307
277	-309	-307
275	-310	-305
275	-310	-305
276	-312	-306
276	-312	-306
276	-312	-306
276	-312	-306
276	-312	-306
275	-310	-307
275	-310	-307
277	-310	-307
277	-310	-307
277	-310	-307
276	-311	-304
276	-311	-304
275	-310	-305
275	-310	-305
275	-310	-305
274	-311	-305
274	-311	-305
274	-313	-305
274	-313	-305
274	-313	-305
273	-311	-308
273	-311	-308
274	-313	-304
274	-313	-304
274	-313	-304
274	-312	-307
274	-312	-307
275	-312	-307
275	-312	-307
275	-312	-307
275	-311	-307
275	-311	-307
274	-311	-306
274	-311	-306
274	-311	-306
276	-309	-308
276	-309	-308
274	-310	-307
274	-310	-307
274	-310	-307
274	-310	-307
274	-310	-307
275	-311	-307
275	-311	-307
276	-313	-306
276	-313	-306
276	-313	-306
275	-311	-307
275	-311	-307
272	-313	-307
272	-313	-307
272	-313	-307
271	-309	-307
271	-309	-307
276	-312	-306
276	-312	-306
276	-312	-306
272	-312	-307
272	-312	-307
276	-313	-308
276	-313	-308
276	-313	-308
276	-312	-303
276	-312	-303
273	-314	-307
273	-314	-307
273	-314	-307
275	-310	-307
275	-310	-307
274	-312	-305
274	-312	-305
274	-312	-305
276	-312	-307
276	-312	-307
276	-309	-305
276	-309	-305
276	-309	-305
274	-311	-307
274	-311	-307
275	-313	-310
275	-313	-310
275	-313	-310
275	-311	-304
275	-311	-304
275	-315	-307
275	-315	-307
277	-312	-306
277	-312	-306
277	-312	-306
276	-313	-308
276	-313	-308
273	-310	-310
273	-310	-310
273	-310	-310
276	-315	-302
276	-315	-302
275	-312	-304
275	-312	-304
275	-312	-304
273	-311	-307
273	-311	-307
271	-311	-306
271	-311	-306
271	-311	-306
274	-311	-306
274	-311	-306
277	-311	-309
277	-311	-309
277	-311	-309
272	-312	-305
272	-312	-305
272	-312	-306
272	-312	-306
272	-312	-306
274	-312	-305
274	-312	-305
275	-311	-306
275	-311	-306
275	-311	-306
273	-311	-306
273	-311	-306
273	-311	-304
273	-311	-304
273	-312	-304
273	-312	-304
273	-312	-304
275	-310	-305
275	-310	-305
271	-311	-305
271	-311	-305
271	-311	-305
275	-313	-306
275	-313	-306
272	-313	-307
272	-313	-307
272	-313	-307
274	-311	-307
274	-311	-307
272	-311	-304
272	-311	-304
272	-311	-304
274	-311	-307
274	-311	-307
275	-311	-305
275	-311	-305
275	-311	-305
273	-311	-309
273	-311	-309
273	-313	-307
273	-313	-307
273	-313	-307
274	-311	-304
274	-311	-304
273	-310	-305
273	-310	-305
273	-310	-305
275	-312	-307
275	-312	-307
273	-310	-306
273	-310	-306
274	-311	-306
274	-311	-306
274	-311	-306
274	-311	-304
274	-311	-304
273	-315	-304
273	-315	-304
273	-315	-304
273	-318	-305
273	-318	-305
271	-313	-307
271	-313	-307
271	-313	-307
274	-313	-306
274	-313	-306
272	-311	-305
272	-311	-305
272	-311	-305
275	-313	-305
275	-313	-305
272	-312	-305
272	-312	-305
272	-312	-305
276	-311	-304
276	-311	-304
273	-312	-306
273	-312	-306
273	-312	-306
275	-314	-307
275	-314	-307
274	-311	-307
274	-311	-307
274	-311	-307
275	-311	-307
275	-311	-307
275	-313	-305
275	-313	-305
275	-313	-305
274	-313	-305
274	-313	-305
273	-312	-305
273	-312	-305
271	-310	-307
271	-310	-307
271	-310	-307
273	-312	-306
273	-312	-306
271	-313	-307
271	-313	-307
271	-313	-307
274	-312	-305
274	-312	-305
273	-312	-302
273	-312	-302
273	-312	-302
274	-312	-308
274	-312	-308
274	-310	-305
274	-310	-305
274	-310	-305
275	-312	-308
275	-312	-308
271	-311	-307
271	-311	-307
271	-311	-307
276	-312	-307
276	-312	-307
274	-311	-304
274	-311	-304
274	-311	-304
273	-313	-307
273	-313	-307
274	-309	-303
274	-309	-303
274	-309	-303
272	-312	-307
272	-312	-307
276	-310	-308
276	-310	-308
276	-310	-308
273	-311	-306
273	-311	-306
274	-312	-303
274	-312	-303
274	-312	-303
272	-311	-301
272	-311	-301
274	-311	-306
274	-311	-306
274	-311	-306
275	-310	-304
275	-310	-304
273	-313	-307
273	-313	-307
272	-312	-304
272	-312	-304
272	-312	-304
274	-311	-306
274	-311	-306
275	-312	-305
275	-312	-305
275	-312	-305
275	-313	-305
275	-313	-305
276	-311	-305
276	-311	-305
276	-311	-305
274	-311	-305
274	-311	-305
273	-312	-304
273	-312	-304
273	-312	-304
275	-312	-307
275	-312	-307
273	-312	-308
273	-312	-308
273	-312	-308
272	-312	-304
272	-312	-304
272	-312	-306
272	-312	-306
272	-312	-306
275	-311	-308
275	-311	-308
275	-311	-308
275	-311	-308
275	-311	-308
276	-312	-305
276	-312	-305
276	-309	-305
276	-309	-305
276	-309	-305
272	-309	-307
272	-309	-307
273	-311	-305
273	-311	-305
273	-311	-305
272	-312	-307
272	-312	-307
272	-313	-304
272	-313	-304
274	-313	-304
274	-313	-304
274	-313	-304
273	-311	-304
273	-311	-304
273	-310	-304
273	-310	-304
273	-310	-304
275	-309	-305
275	-309	-305
274	-313	-303
274	-313	-303
274	-313	-303
272	-309	-304
272	-309	-304
275	-313	-307
275	-313	-307
275	-313	-307
276	-312	-305
276	-312	-305
272	-312	-305
272	-312	-305
272	-312	-305
275	-309	-305
275	-309	-305
269	-309	-304
269	-309	-304
269	-309	-304
277	-313	-305
277	-313	-305
272	-311	-306
272	-311	-306
272	-311	-306
275	-313	-302
275	-313	-302
273	-312	-308
273	-312	-308
273	-312	-308
273	-310	-306
273	-310	-306
274	-310	-307
274	-310	-307
274	-310	-307
275	-311	-305
275	-311	-305
273	-310	-305
273	-310	-305
275	-310	-306
275	-310	-306
275	-310	-306
272	-311	-306
272	-311	-306
275	-312	-301
275	-312	-301
275	-312	-301
274	-312	-305
274	-312	-305
274	-312	-306
274	-312	-306
274	-312	-306
274	-312	-308
274	-312	-308
273	-311	-304
273	-311	-304
273	-311	-304
273	-311	-307
273	-311	-307
272	-311	-306
272	-311	-306
272	-311	-306
274	-310	-307
274	-310	-307
275	-312	-306
275	-312	-306
275	-312	-306
272	-313	-306
272	-313	-306
274	-313	-306
274	-313	-306
274	-313	-306
273	-312	-300
273	-312	-300
272	-311	-306
272	-311	-306
272	-311	-306
273	-310	-306
273	-310	-306
277	-312	-306
277	-312	-306
277	-312	-306
272	-313	-305
272	-313	-305
274	-314	-306
274	-314	-306
272	-310	-302
272	-310	-302
272	-310	-302
274	-313	-304
274	-313	-304
272	-313	-305
272	-313	-305
272	-313	-305
273	-315	-307
273	-315	-307
275	-313	-306
275	-313	-306
275	-313	-306
274	-316	-304
274	-316	-304
272	-320	-301
272	-320	-301
272	-320	-301
274	-321	-300
274	-321	-300
272	-332	-295
272	-332	-295
272	-332	-295
269	-346	-287
269	-346	-287
270	-364	-279
270	-364	-279
270	-364	-279
280	-391	-268
280	-391	-268
298	-417	-255
298	-417	-255
298	-417	-255
322	-449	-256
322	-449	-256
345	-470	-262
345	-470	-262
345	-470	-262
362	-487	-268
362	-487	-268
377	-500	-277
377	-500	-277
377	-500	-277
397	-516	-292
397	-516	-292
409	-527	-304
409	-527	-304
404	-531	-309
404	-531	-309
404	-531	-309
404	-529	-309
404	-529	-309
402	-526	-309
402	-526	-309
402	-526	-309
406	-522	-307
406	-522	-307
411	-525	-312
411	-525	-312
411	-525	-312
410	-525	-311
410	-525	-311
403	-526	-309
403	-526	-309
403	-526	-309
406	-529	-310
406	-529	-310
406	-524	-312
406	-524	-312
406	-524	-312
408	-524	-311
408	-524	-311
406	-526	-308
406	-526	-308
406	-526	-308
406	-525	-313
406	-525	-313
407	-526	-313
407	-526	-313
407	-526	-313
406	-524	-311
406	-524	-311
406	-524	-310
406	-524	-310
406	-524	-310
403	-526	-311
403	-526	-311
407	-526	-311
407	-526	-311
407	-526	-311
408	-525	-310
408	-525	-310
407	-529	-312
407	-529	-312
407	-529	-312
407	-529	-310
407	-529	-310
406	-526	-311
406	-526	-311
404	-525	-310
404	-525	-310
404	-525	-310
409	-525	-313
409	-525	-313
406	-526	-310
406	-526	-310
406	-526	-310
406	-526	-312
406	-526	-312
407	-525	-314
407	-525	-314
407	-525	-314
405	-527	-311
405	-527	-311
405	-524	-314
405	-524	-314
405	-524	-314
404	-527	-314
404	-527	-314
406	-526	-308
406	-526	-308
406	-526	-308
406	-525	-311
406	-525	-311
406	-526	-311
406	-526	-311
406	-526	-311
407	-528	-310
407	-528	-310
407	-525	-309
407	-525	-309
407	-525	-309
406	-527	-310
406	-527	-310
407	-527	-312
407	-527	-312
407	-527	-312
407	-526	-308
407	-526	-308
406	-527	-311
406	-527	-311
406	-527	-311
407	-529	-309
407	-529	-309
406	-526	-312
406	-526	-312
406	-526	-312
407	-527	-307
407	-527	-307
408	-529	-311
408	-529	-311
408	-529	-312
408	-529	-312
408	-529	-312
407	-527	-308
407	-527	-308
405	-527	-309
405	-527	-309
405	-527	-309
406	-528	-312
406	-528	-312
405	-528	-310
405	-528	-310
405	-528	-310
407	-528	-309
407	-528	-309
405	-529	-312
405	-529	-312
405	-529	-312
405	-528	-311
405	-528	-311
405	-529	-312
405	-529	-312
405	-529	-312
406	-526	-311
406	-526	-311
404	-528	-311
404	-528	-311
404	-528	-311
405	-527	-310
405	-527	-310
405	-528	-314
405	-528	-314
405	-528	-314
406	-527	-310
406	-527	-310
404	-528	-307
404	-528	-307
404	-528	-307
406	-525	-308
406	-525	-308
405	-529	-311
405	-529	-311
405	-529	-311
407	-528	-308
407	-528	-308
405	-524	-311
405	-524	-311
403	-529	-307
403	-529	-307
403	-529	-307
406	-527	-308
406	-527	-308
405	-529	-309
405	-529	-309
405	-529	-309
407	-528	-309
407	-528	-309
402	-528	-309
402	-528	-309
402	-528	-309
404	-529	-314
404	-529	-314
406	-529	-310
406	-529	-310
406	-529	-310
404	-530	-312
404	-530	-312
405	-527	-312
405	-527	-312
405	-527	-312
404	-527	-310
404	-527	-310
404	-525	-309
404	-525	-309
404	-525	-309
406	-525	-307
406	-525	-307
408	-528	-311
408	-528	-311
408	-528	-311
405	-525	-311
405	-525	-311
407	-528	-308
407	-528	-308
407	-528	-308
405	-528	-309
405	-528	-309
406	-526	-311
406	-526	-311
409	-525	-310
409	-525	-310
409	-525	-310
407	-522	-312
407	-522	-312
408	-524	-308
408	-524	-308
408	-524	-308
409	-524	-306
409	-524	-306
408	-525	-306
408	-525	-306
408	-525	-306
404	-520	-300
404	-520	-300
408	-516	-293
408	-516	-293
408	-516	-293
408	-511	-274
408	-511	-274
418	-495	-256
418	-495	-256
418	-495	-256
446	-486	-206
446	-486	-206
499	-455	-160
499	-455	-160
499	-455	-160
449	-526	-218
449	-526	-218
431	-533	-296
431	-533	-296
431	-533	-296
410	-527	-308
410	-527	-308
405	-529	-314
405	-529	-314
405	-529	-314
404	-529	-309
404	-529	-309
405	-528	-314
405	-528	-314
405	-528	-314
404	-531	-312
404	-531	-312
401	-529	-312
401	-529	-312
401	-529	-312
402	-530	-311
402	-530	-311
402	-530	-311
402	-530	-311
403	-527	-313
403	-527	-313
403	-527	-313
404	-529	-313
404	-529	-313
404	-528	-313
404	-528	-313
404	-528	-313
405	-528	-312
405	-528	-312
401	-528	-311
401	-528	-311
401	-528	-311
402	-529	-314
402	-529	-314
404	-528	-315
404	-528	-315
404	-528	-315
403	-529	-313
403	-529	-313
404	-527	-312
404	-527	-312
404	-527	-312
402	-527	-311
402	-527	-311
401	-525	-310
401	-525	-310
401	-525	-310
404	-527	-312
404	-527	-312
404	-526	-313
404	-526	-313
404	-526	-313
405	-522	-311
405	-522	-311
407	-524	-312
407	-524	-312
407	-524	-312
405	-524	-312
405	-524	-312
406	-524	-310
406	-524	-310
406	-524	-310
403	-523	-311
403	-523	-311
407	-523	-315
407	-523	-315
407	-523	-315
403	-525	-311
403	-525	-311
405	-523	-311
405	-523	-311
400	-517	-311
400	-517	-311
400	-517	-311
405	-512	-306
405	-512	-306
404	-501	-307
404	-501	-307
404	-501	-307
410	-484	-307
410	-484	-307
411	-477	-305
411	-477	-305
411	-477	-305
410	-470	-303
410	-470	-303
411	-461	-311
411	-461	-311
411	-461	-311
425	-462	-317
425	-462	-317
432	-472	-325
432	-472	-325
432	-472	-325
430	-484	-325
430	-484	-325
426	-488	-325
426	-488	-325
426	-488	-325
422	-491	-324
422	-491	-324
421	-492	-323
421	-492	-323
421	-492	-323
416	-499	-321
416	-499	-321
411	-503	-321
411	-503	-321
411	-503	-321
408	-508	-317
408	-508	-317
412	-511	-320
412	-511	-320
412	-511	-320
407	-514	-319
407	-514	-319
405	-517	-321
405	-517	-321
405	-517	-321
408	-517	-316
408	-517	-316
404	-517	-316
404	-517	-316
403	-521	-315
403	-521	-315
403	-521	-315
405	-523	-314
405	-523	-314
404	-523	-315
404	-523	-315
404	-523	-315
402	-523	-317
402	-523	-317
402	-524	-314
402	-524	-314
402	-524	-314
401	-523	-313
401	-523	-313
400	-526	-311
400	-526	-311
400	-526	-311
401	-522	-310
401	-522	-310
400	-519	-305
400	-519	-305
400	-519	-305
403	-518	-303
403	-518	-303
408	-517	-299
408	-517	-299
408	-517	-299
417	-523	-295
417	-523	-295
431	-532	-289
431	-532	-289
431	-532	-289
460	-554	-274
460	-554	-274
491	-591	-251
491	-591	-251
491	-591	-251
507	-633	-212
507	-633	-212
512	-711	-164
512	-711	-164
512	-711	-164
456	-655	-131
456	-655	-131
386	-577	-78
386	-577	-78
365	-377	-103
365	-377	-103
365	-377	-103
437	-309	-224
437	-309	-224
487	-374	-302
487	-374	-302
487	-374	-302
471	-457	-319
471	-457	-319
452	-492	-327
452	-492	-327
452	-492	-327
425	-514	-319
425	-514	-319
422	-519	-319
422	-519	-319
422	-519	-319
411	-522	-318
411	-522	-318
407	-524	-315
407	-524	-315
407	-524	-315
406	-525	-318
406	-525	-318
407	-528	-314
407	-528	-314
407	-528	-314
406	-526	-315
406	-526	-315
403	-527	-316
403	-527	-316
403	-527	-316
407	-524	-312
407	-524	-312
405	-527	-313
405	-527	-313
405	-527	-313
403	-525	-313
403	-525	-313
404	-525	-315
404	-525	-315
406	-526	-314
406	-526	-314
406	-526	-314
402	-527	-314
402	-527	-314
406	-524	-312
406	-524	-312
406	-524	-312
403	-527	-313
403	-527	-313
407	-526	-314
407	-526	-314
407	-526	-314
404	-527	-315
404	-527	-315
404	-523	-310
404	-523	-310
404	-523	-310
404	-528	-312
404	-528	-312
405	-525	-316
405	-525	-316
405	-525	-316
410	-526	-312
410	-526	-312
407	-527	-313
407	-527	-313
407	-527	-313
408	-524	-314
408	-524	-314
407	-525	-314
407	-525	-314
407	-525	-314
412	-525	-315
412	-525	-315
410	-523	-318
410	-523	-318
410	-523	-318
411	-523	-316
411	-523	-316
415	-518	-321
415	-518	-321
415	-518	-321
416	-513	-319
416	-513	-319
422	-513	-321
422	-513	-321
422	-513	-321
433	-501	-321
433	-501	-321
449	-480	-325
449	-480	-325
465	-442	-314
465	-442	-314
465	-442	-314
470	-351	-278
470	-351	-278
386	-287	-123
386	-287	-123
386	-287	-123
374	-519	22
374	-519	22
490	-663	-124
490	-663	-124
490	-663	-124
507	-604	-236
507	-604	-236
462	-543	-282
462	-543	-282
462	-543	-282
428	-528	-299
428	-528	-299
415	-524	-305
415	-524	-305
415	-524	-305
408	-525	-308
408	-525	-308
404	-522	-309
404	-522	-309
404	-522	-309
406	-524	-310
406	-524	-310
405	-526	-312
405	-526	-312
405	-526	-312
404	-522	-312
404	-522	-312
403	-527	-313
403	-527	-313
403	-527	-313
405	-523	-313
405	-523	-313
404	-523	-313
404	-523	-313
404	-523	-313
406	-523	-311
406	-523	-311
408	-525	-312
408	-525	-312
404	-528	-311
404	-528	-311
404	-528	-311
404	-527	-313
404	-527	-313
403	-528	-312
403	-528	-312
403	-528	-312
403	-527	-313
403	-527	-313
402	-524	-313
402	-524	-313
402	-524	-313
402	-526	-313
402	-526	-313
403	-526	-312
403	-526	-312
403	-526	-312
403	-524	-315
403	-524	-315
405	-527	-313
405	-527	-313
405	-527	-313
405	-523	-314
405	-523	-314
403	-525	-313
403	-525	-313
403	-525	-313
405	-524	-312
405	-524	-312
403	-527	-314
403	-527	-314
403	-527	-314
404	-526	-315
404	-526	-315
402	-526	-311
402	-526	-311
402	-526	-311
405	-528	-313
405	-528	-313
404	-527	-315
404	-527	-315
404	-527	-315
404	-526	-312
404	-526	-312
401	-525	-312
401	-525	-312
401	-525	-312
406	-528	-312
406	-528	-312
407	-525	-312
407	-525	-312
405	-527	-311
405	-527	-311
405	-527	-311
403	-526	-312
403	-526	-312
404	-526	-312
404	-526	-312
404	-526	-312
406	-527	-310
406	-527	-310
406	-523	-310
406	-523	-310
406	-523	-310
404	-522	-307
404	-522	-307
405	-516	-307
405	-516	-307
405	-516	-307
408	-513	-300
408	-513	-300
414	-510	-285
414	-510	-285
414	-510	-285
455	-514	-255
455	-514	-255
517	-538	-202
517	-538	-202
517	-538	-202
544	-607	-134
544	-607	-134
499	-661	-8
499	-661	-8
499	-661	-8
344	-383	23
344	-383	23
473	-291	-259
473	-291	-259
473	-291	-259
476	-457	-315
476	-457	-315
443	-501	-323
443	-501	-323
443	-501	-323
422	-516	-316
422	-516	-316
414	-518	-316
414	-518	-316
409	-524	-315
409	-524	-315
409	-524	-315
409	-524	-316
409	-524	-316
406	-522	-315
406	-522	-315
406	-522	-315
406	-524	-311
406	-524	-311
405	-524	-308
405	-524	-308
405	-524	-308
404	-525	-310
404	-525	-310
403	-524	-313
403	-524	-313
403	-524	-313
402	-525	-311
402	-525	-311
401	-524	-313
401	-524	-313
401	-524	-313
402	-523	-309
402	-523	-309
403	-524	-312
403	-524	-312
403	-524	-312
403	-523	-311
403	-523	-311
402	-524	-314
402	-524	-314
402	-524	-314
405	-524	-313
405	-524	-313
402	-523	-311
402	-523	-311
402	-523	-311
404	-525	-311
404	-525	-311
404	-526	-313
404	-526	-313
404	-526	-313
406	-522	-306
406	-522	-306
405	-525	-315
405	-525	-315
407	-523	-314
407	-523	-314
407	-523	-314
408	-525	-319
408	-525	-319
411	-522	-317
411	-522	-317
411	-522	-317
414	-517	-317
414	-517	-317
419	-515	-318
419	-515	-318
419	-515	-318
431	-502	-320
431	-502	-320
454	-481	-322
454	-481	-322
454	-481	-322
473	-424	-312
473	-424	-312
455	-304	-208
455	-304	-208
455	-304	-208
445	-470	85
445	-470	85
568	-634	-99
568	-634	-99
568	-634	-99
472	-544	-257
472	-544	-257
418	-521	-293
418	-521	-293
418	-521	-293
406	-525	-301
406	-525	-301
404	-522	-311
404	-522	-311
404	-522	-311
402	-525	-313
402	-525	-313
401	-526	-314
401	-526	-314
401	-526	-314
404	-525	-317
404	-525	-317
402	-528	-316
402	-528	-316
403	-526	-314
403	-526	-314
403	-526	-314
403	-526	-316
403	-526	-316
402	-525	-311
402	-525	-311
402	-525	-311
401	-524	-316
401	-524	-316
401	-524	-315
401	-524	-315
401	-524	-315
403	-526	-314
403	-526	-314
403	-527	-316
403	-527	-316
403	-527	-316
402	-522	-314
402	-522	-314
404	-528	-310
404	-528	-310
404	-528	-310
400	-526	-315
400	-526	-315
400	-525	-308
400	-525	-308
400	-525	-308
405	-522	-316
405	-522	-316
404	-526	-314
404	-526	-314
404	-526	-314
405	-526	-315
405	-526	-315
403	-527	-317
403	-527	-317
403	-527	-317
401	-526	-319
401	-526	-319
400	-527	-317
400	-527	-317
400	-527	-317
400	-525	-315
400	-525	-315
403	-526	-314
403	-526	-314
403	-526	-314
403	-524	-316
403	-524	-316
401	-525	-314
401	-525	-314
400	-525	-313
400	-525	-313
400	-525	-313
405	-525	-312
405	-525	-312
403	-524	-313
403	-524	-313
403	-524	-313
404	-522	-313
404	-522	-313
407	-524	-307
407	-524	-307
407	-524	-307
415	-524	-293
415	-524	-293
441	-529	-278
441	-529	-278
441	-529	-278
477	-559	-244
477	-559	-244
512	-624	-204
512	-624	-204
512	-624	-204
496	-700	-152
496	-700	-152
413	-689	-60
413	-689	-60
413	-689	-60
372	-423	-30
372	-423	-30
458	-313	-254
458	-313	-254
458	-313	-254
473	-448	-324
473	-448	-324
440	-505	-322
440	-505	-322
440	-505	-322
421	-520	-318
421	-520	-318
412	-522	-315
412	-522	-315
412	-522	-315
407	-524	-315
407	-524	-315
403	-527	-315
403	-527	-315
403	-527	-315
405	-526	-314
405	-526	-314
403	-526	-317
403	-526	-317
403	-526	-317
402	-523	-315
402	-523	-315
404	-522	-315
404	-522	-315
405	-524	-313
405	-524	-313
405	-524	-313
402	-526	-314
402	-526	-314
400	-526	-312
400	-526	-312
400	-526	-312
402	-524	-315
402	-524	-315
402	-526	-314
402	-526	-314
402	-526	-314
403	-525	-314
403	-525	-314
404	-523	-314
404	-523	-314
404	-523	-314
405	-525	-314
405	-525	-314
404	-524	-314
404	-524	-314
404	-524	-314
404	-525	-313
404	-525	-313
405	-527	-313
405	-527	-313
405	-527	-313
402	-527	-316
402	-527	-316
410	-524	-317
410	-524	-317
410	-524	-317
410	-522	-319
410	-522	-319
414	-519	-320
414	-519	-320
414	-519	-320
424	-510	-322
424	-510	-322
441	-490	-325
441	-490	-325
441	-490	-325
449	-422	-303
449	-422	-303
420	-400	-194
420	-400	-194
454	-493	-144
454	-493	-144
454	-493	-144
465	-518	-231
465	-518	-231
421	-514	-285
421	-514	-285
421	-514	-285
409	-515	-304
409	-515	-304
402	-518	-309
402	-518	-309
402	-518	-309
404	-519	-310
404	-519	-310
404	-526	-308
404	-526	-308
404	-526	-308
401	-524	-315
401	-524	-315
400	-525	-314
400	-525	-314
400	-525	-314
399	-522	-313
399	-522	-313
400	-523	-315
400	-523	-315
400	-523	-315
404	-524	-313
404	-524	-313
403	-525	-313
403	-525	-313
403	-525	-313
401	-526	-314
401	-526	-314
404	-524	-315
404	-524	-315
404	-524	-315
403	-521	-312
403	-521	-312
402	-523	-315
402	-523	-315
402	-523	-315
404	-524	-314
404	-524	-314
403	-525	-316
403	-525	-316
403	-525	-316
402	-524	-315
402	-524	-315
401	-523	-316
401	-523	-316
401	-524	-313
401	-524	-313
401	-524	-313
402	-524	-313
402	-524	-313
403	-523	-317
403	-523	-317
403	-523	-317
402	-525	-317
402	-525	-317
403	-527	-316
403	-527	-316
403	-527	-316
400	-523	-316
400	-523	-316
403	-524	-315
403	-524	-315
403	-524	-315
406	-525	-316
406	-525	-316
401	-525	-313
401	-525	-313
401	-525	-313
399	-524	-317
399	-524	-317
401	-525	-313
401	-525	-313
401	-525	-313
403	-522	-315
403	-522	-315
401	-526	-317
401	-526	-317
401	-526	-317
403	-525	-316
403	-525	-316
402	-525	-316
402	-525	-316
402	-525	-316
400	-522	-315
400	-522	-315
403	-524	-312
403	-524	-312
403	-524	-312
403	-524	-315
403	-524	-315
399	-524	-315
399	-524	-315
399	-524	-315
400	-522	-312
400	-522	-312
399	-525	-313
399	-525	-313
399	-525	-313
401	-524	-318
401	-524	-318
398	-523	-310
398	-523	-310
403	-524	-313
403	-524	-313
403	-524	-313
399	-525	-318
399	-525	-318
401	-521	-313
401	-521	-313
401	-521	-313
401	-523	-314
401	-523	-314
400	-524	-316
400	-524	-316
400	-524	-316
404	-522	-314
404	-522	-314
400	-523	-314
400	-523	-314
400	-523	-314
400	-526	-315
400	-526	-315
400	-523	-314
400	-523	-314
400	-523	-314
402	-527	-314
402	-527	-314
404	-526	-316
404	-526	-316
404	-526	-316
403	-528	-315
403	-528	-315
403	-526	-315
403	-526	-315
403	-526	-315
401	-524	-317
401	-524	-317
403	-525	-314
403	-525	-314
403	-525	-314
400	-523	-315
400	-523	-315
404	-525	-314
404	-525	-314
404	-525	-314
402	-524	-313
402	-524	-313
402	-524	-312
402	-524	-312
402	-524	-312
403	-526	-316
403	-526	-316
400	-524	-314
400	-524	-314
398	-522	-311
398	-522	-311
398	-522	-311
397	-510	-306
397	-510	-306
385	-494	-285
385	-494	-285
385	-494	-285
358	-442	-267
358	-442	-267
313	-393	-273
313	-393	-273
313	-393	-273
288	-359	-279
288	-359	-279
279	-341	-291
279	-341	-291
279	-341	-291
274	-328	-299
274	-328	-299
272	-320	-298
272	-320	-298
272	-320	-298
270	-315	-302
270	-315	-302
273	-315	-302
273	-315	-302
273	-315	-302
272	-315	-304
272	-315	-304
273	-312	-305
273	-312	-305
273	-312	-305
272	-310	-302
272	-310	-302
273	-311	-305
273	-311	-305
273	-311	-305
270	-309	-306
270	-309	-306
272	-308	-300
272	-308	-300
272	-308	-300
271	-309	-307
271	-309	-307
273	-311	-300
273	-311	-300
273	-313	-300
275	-313	-307
275	-313	-307
273	-309	-306
273	-309	-306
270	-315	-308
270	-315	-308
270	-315	-308
271	-311	-307
271	-311	-307
271	-312	-306
271	-312	-306
271	-312	-306
271	-313	-303
271	-313	-303
271	-312	-307
271	-312	-307
271	-312	-307
273	-313	-304
273	-313	-304
274	-310	-306
274	-310	-306
274	-310	-306
272	-311	-308
272	-311	-308
273	-313	-306
273	-313	-306
273	-313	-306
269	-311	-305
269	-311	-305
274	-312	-306
274	-312	-306
274	-312	-306
273	-310	-307
273	-310	-307
272	-310	-308
272	-310	-308
272	-310	-308
271	-309	-306
271	-309	-306
273	-310	-308
273	-310	-308
273	-310	-308
273	-311	-307
273	-311	-307
274	-311	-305
274	-311	-305
274	-311	-305
272	-310	-306
272	-310	-306
271	-309	-304
271	-309	-304
271	-309	-304
273	-314	-305
273	-314	-305
273	-312	-305
273	-312	-305
273	-311	-306
273	-311	-306
273	-311	-306
273	-311	-306
273	-311	-306
272	-309	-305
272	-309	-305
272	-309	-305
271	-311	-304
271	-311	-304
272	-311	-308
272	-311	-308
272	-311	-308
273	-309	-305
273	-309	-305
274	-311	-305
274	-311	-305
274	-311	-305
274	-310	-303
274	-310	-303
274	-307	-303
274	-307	-303
274	-307	-303
274	-310	-307
274	-310	-307
274	-312	-304
274	-312	-304
274	-312	-304
271	-310	-305
271	-310	-305
270	-311	-307
270	-311	-307
270	-311	-307
277	-311	-304
277	-311	-304
273	-315	-301
273	-315	-301
273	-315	-301
274	-314	-303
274	-314	-303
271	-312	-302
271	-312	-302
271	-312	-302
272	-309	-305
272	-309	-305
275	-311	-304
275	-311	-304
275	-311	-304
271	-310	-305
271	-310	-305
273	-312	-307
273	-312	-307
273	-308	-304
273	-308	-304
273	-308	-304
271	-311	-307
271	-311	-307
272	-306	-306
272	-306	-306
272	-306	-306
270	-311	-306
270	-311	-306
269	-311	-307
269	-311	-307
269	-311	-307
273	-311	-307
273	-311	-307
273	-310	-306
273	-310	-306
273	-310	-306
273	-310	-306
273	-310	-306
275	-312	-309
275	-312	-309
275	-312	-309
272	-310	-305
272	-310	-305
274	-308	-306
274	-308	-306
274	-308	-306
271	-310	-303
271	-310	-303
270	-309	-307
270	-309	-307
270	-309	-307
271	-311	-302
271	-311	-302
270	-308	-306
270	-308	-306
270	-308	-306
274	-310	-305
274	-310	-305
273	-310	-305
273	-310	-305
273	-310	-305
273	-312	-304
273	-312	-304
275	-311	-309
275	-311	-309
275	-311	-309
271	-309	-308
271	-309	-308
274	-309	-304
274	-309	-304
272	-310	-307
272	-310	-307
272	-310	-307
273	-311	-306
273	-311	-306
273	-308	-307
273	-308	-307
273	-308	-307
273	-311	-305
273	-311	-305
274	-311	-307
274	-311	-307
274	-311	-307
274	-309	-306
274	-309	-306
273	-308	-305
273	-308	-305
273	-308	-305
272	-312	-307
272	-312	-307
274	-312	-304
274	-312	-304
274	-312	-304
271	-311	-306
271	-311	-306
273	-311	-305
273	-311	-305
273	-311	-305
271	-309	-302
271	-309	-302
271	-312	-306
271	-312	-306
271	-312	-306
272	-310	-308
272	-310	-308
272	-313	-305
272	-313	-305
272	-313	-305
268	-311	-306
268	-311	-306
272	-310	-304
272	-310	-304
272	-310	-304
274	-309	-305
274	-309	-305
273	-309	-306
273	-309	-306
273	-309	-306
272	-309	-304
272	-309	-304
270	-313	-309
270	-313	-309
270	-313	-309
274	-311	-308
274	-311	-308
272	-309	-307
272	-309	-307
273	-310	-304
273	-310	-304
273	-310	-304
274	-311	-306
274	-311	-306
271	-311	-304
271	-311	-304
271	-311	-304
275	-312	-309
275	-312	-309
272	-311	-305
272	-311	-305
272	-311	-305
273	-308	-305
273	-308	-305
272	-313	-308
272	-313	-308
272	-313	-308
272	-309	-306
272	-309	-306
274	-309	-308
274	-309	-308
274	-309	-308
274	-311	-304
274	-311	-304
272	-309	-307
272	-309	-307
272	-309	-307
275	-310	-307
275	-310	-307
274	-313	-306
274	-313	-306
274	-313	-306
273	-309	-308
273	-309	-308
270	-311	-308
270	-311	-308
270	-311	-308
273	-312	-306
273	-312	-306
271	-310	-305
271	-310	-305
271	-310	-305
273	-311	-305
273	-311	-305
272	-310	-308
272	-310	-308
270	-313	-305
270	-313	-305
270	-313	-305
275	-310	-305
275	-310	-305
273	-313	-307
273	-313	-307
273	-313	-307
272	-312	-305
272	-312	-305
273	-313	-305
273	-313	-305
273	-313	-305
271	-311	-307
271	-311	-307
273	-314	-305
273	-314	-305
273	-314	-305
273	-312	-307
273	-312	-307
275	-311	-307
275	-311	-307
275	-311	-307
275	-312	-304
275	-312	-304
276	-311	-306
276	-311	-306
276	-311	-306
273	-310	-303
273	-310	-303
275	-312	-308
275	-312	-308
275	-312	-308
273	-312	-307
273	-312	-307
274	-308	-303
274	-308	-303
274	-308	-303
273	-310	-307
273	-310	-307
272	-311	-308
272	-311	-308
272	-311	-308
272	-313	-303
272	-313	-303
272	-312	-305
272	-312	-305
272	-312	-305
274	-310	-306
274	-310	-306
273	-311	-308
273	-311	-308
272	-310	-307
272	-310	-307
272	-310	-307
272	-310	-303
272	-310	-303
271	-307	-306
271	-307	-306
271	-307	-306
270	-311	-305
270	-311	-305
271	-311	-307
271	-311	-307
271	-311	-307
271	-309	-305
271	-309	-305
275	-312	-306
275	-312	-306
275	-312	-306
272	-311	-307
272	-311	-307
272	-309	-308
272	-309	-308
272	-309	-308
272	-309	-305
272	-309	-305
275	-311	-304
275	-311	-304
275	-311	-304
272	-312	-305
272	-312	-305
275	-311	-305
275	-311	-305
275	-311	-305
272	-314	-305
272	-314	-305
275	-309	-307
275	-309	-307
275	-309	-307
272	-311	-307
272	-311	-307
274	-311	-307
274	-311	-307
274	-311	-307
274	-311	-308
274	-311	-308
272	-311	-306
272	-311	-306
272	-311	-306
272	-312	-304
272	-312	-304
271	-311	-308
271	-311	-308
271	-311	-308
272	-309	-300
272	-309	-300
274	-311	-306
274	-311	-306
275	-308	-303
275	-308	-303
275	-308	-303
272	-310	-304
272	-310	-304
273	-310	-309
273	-310	-309
273	-310	-309
274	-306	-307
274	-306	-307
274	-308	-309
274	-308	-309
274	-308	-309
276	-313	-304
276	-313	-304
272	-307	-305
272	-307	-305
272	-307	-305
272	-312	-306
272	-312	-306
272	-314	-306
272	-314	-306
272	-314	-306
273	-310	-305
273	-310	-305
273	-309	-305
273	-309	-305
273	-309	-305
275	-309	-306
275	-309	-306
272	-310	-309
272	-310	-309
272	-310	-309
272	-309	-308
272	-309	-308
274	-311	-305
274	-311	-305
274	-311	-305
272	-311	-305
272	-311	-305
273	-309	-305
273	-309	-305
273	-309	-305
274	-309	-307
274	-309	-307
273	-311	-303
273	-311	-303
274	-310	-307
274	-310	-307
274	-310	-307
271	-310	-304
271	-310	-304
273	-311	-306
273	-311	-306
273	-311	-306
272	-309	-306
272	-309	-306
276	-312	-306
276	-312	-306
276	-312	-306
274	-307	-307
274	-307	-307
274	-308	-305
274	-308	-305
274	-308	-305
272	-310	-308
272	-310	-308
273	-310	-305
273	-310	-305
273	-310	-305
274	-312	-303
274	-312	-303
272	-311	-305
272	-311	-305
272	-311	-305
272	-310	-307
272	-310	-307
272	-312	-305
272	-312	-305
272	-312	-305
273	-308	-308
273	-308	-308
273	-308	-304
273	-308	-304
273	-308	-304
274	-313	-305
274	-313	-305
274	-308	-306
274	-308	-306
274	-308	-306
272	-308	-305
272	-308	-305
275	-309	-309
275	-309	-309
275	-309	-309
273	-312	-306
273	-312	-306
274	-309	-307
274	-309	-307
271	-311	-301
271	-311	-301
271	-311	-301
275	-310	-309
275	-310	-309
272	-311	-307
272	-311	-307
272	-311	-307
271	-312	-302
271	-312	-302
272	-310	-304
272	-310	-304
272	-310	-304
272	-311	-304
272	-311	-304
271	-308	-306
271	-308	-306
271	-308	-306
271	-311	-306
271	-311	-306
271	-310	-305
271	-310	-305
271	-310	-305
274	-310	-307
274	-310	-307
275	-311	-304
275	-311	-304
275	-311	-304
271	-309	-308
271	-309	-308
272	-309	-309
272	-309	-309
272	-309	-309
270	-310	-304
270	-310	-304
274	-313	-305
274	-313	-305
274	-313	-305
274	-309	-306
274	-309	-306
275	-309	-305
275	-309	-305
275	-309	-305
272	-313	-306
272	-313	-306
271	-311	-307
271	-311	-307
271	-311	-307
276	-311	-302
276	-311	-302
272	-310	-308
272	-310	-308
271	-313	-304
271	-313	-304
271	-313	-304
273	-310	-304
273	-310	-304
272	-310	-305
272	-310	-305
272	-310	-305
274	-313	-308
274	-313	-308
273	-311	-304
273	-311	-304
273	-311	-304
272	-310	-307
272	-310	-307
272	-311	-305
272	-311	-305
272	-311	-305
272	-311	-308
272	-311	-308
274	-307	-301
274	-307	-301
274	-307	-301
276	-308	-304
276	-308	-304
270	-310	-308
270	-310	-308
270	-310	-308
275	-312	-306
275	-312	-306
274	-313	-306
274	-313	-306
274	-313	-306
272	-312	-307
272	-312	-307
274	-312	-307
274	-312	-307
274	-312	-307
272	-311	-309
272	-311	-309
274	-308	-306
274	-308	-306
274	-308	-306
272	-309	-307
272	-309	-307
272	-311	-305
272	-311	-305
272	-311	-305
271	-312	-306
271	-312	-306
274	-310	-308
274	-310	-308
274	-310	-303
274	-310	-303
274	-310	-303
275	-314	-307
275	-314	-307
275	-312	-305
275	-312	-305
275	-312	-305
273	-311	-304
273	-311	-304
273	-312	-311
273	-312	-311
273	-312	-311
272	-311	-306
272	-311	-306
274	-310	-305
274	-310	-305
274	-310	-305
274	-307	-303
274	-307	-303
273	-312	-303
273	-312	-303
273	-312	-303
270	-309	-305
270	-309	-305
274	-308	-306
274	-308	-306
274	-308	-306
275	-307	-304
275	-307	-304
273	-310	-308
273	-310	-308
273	-310	-308
272	-312	-307
272	-312	-307
272	-310	-306
272	-310	-306
272	-310	-306
273	-310	-303
273	-310	-303
273	-308	-305
273	-308	-305
273	-308	-305
274	-311	-305
274	-311	-305
270	-311	-305
270	-311	-305
274	-312	-307
274	-312	-307
274	-312	-307
274	-310	-305
274	-310	-305
271	-310	-304
271	-310	-304
271	-310	-304
271	-309	-305
271	-309	-305
271	-309	-305
271	-309	-305
271	-309	-305
273	-309	-305
273	-309	-305
276	-308	-301
276	-308	-301
276	-308	-301
271	-310	-309
271	-310	-309
274	-309	-308
274	-309	-308
274	-309	-308
273	-309	-306
273	-309	-306
273	-311	-306
273	-311	-306
273	-311	-306
272	-310	-304
272	-310	-304
271	-313	-307
271	-313	-307
271	-313	-307
274	-310	-305
274	-310	-305
272	-309	-306
272	-309	-306
272	-309	-306
272	-309	-306
272	-309	-306
273	-310	-299
273	-310	-299
273	-310	-299
272	-310	-307
272	-310	-307
273	-309	-308
273	-309	-308
273	-311	-304
273	-311	-304
273	-311	-304
274	-312	-304
274	-312	-304
274	-310	-304
274	-310	-304
274	-310	-304
274	-312	-306
274	-312	-306
272	-312	-304
272	-312	-304
272	-312	-304
272	-311	-306
272	-311	-306
274	-310	-306
274	-310	-306
274	-310	-306
273	-310	-307
273	-310	-307
275	-311	-304
275	-311	-304
275	-311	-304
272	-311	-309
272	-311	-309
274	-312	-305
274	-312	-305
274	-312	-305
272	-313	-306
272	-313	-306
270	-312	-305
270	-312	-305
270	-312	-305
272	-309	-307
272	-309	-307
273	-308	-306
273	-308	-306
273	-308	-306
273	-309	-306
273	-309	-306
273	-310	-305
273	-310	-305
273	-310	-305
271	-310	-306
271	-310	-306
273	-309	-305
273	-309	-305
273	-309	-305
273	-311	-306
273	-311	-306
272	-311	-306
272	-311	-306
272	-311	-306
274	-313	-307
274	-313	-307
272	-310	-306
272	-310	-306
273	-310	-304
273	-310	-304
273	-310	-304
277	-311	-303
277	-311	-303
272	-312	-307
272	-312	-307
272	-312	-307
272	-311	-306
272	-311	-306
273	-312	-306
273	-312	-306
273	-312	-306
275	-310	-308
275	-310	-308
273	-313	-307
273	-313	-307
273	-313	-307
273	-307	-307
273	-307	-307
270	-310	-306
270	-310	-306
270	-310	-306
270	-311	-306
270	-311	-306
273	-310	-308
273	-310	-308
273	-310	-308
273	-308	-306
273	-308	-306
272	-310	-306
272	-310	-306
272	-310	-306
273	-311	-309
273	-311	-309
272	-310	-305
272	-310	-305
272	-310	-305
271	-314	-306
271	-314	-306
273	-312	-305
273	-312	-305
273	-312	-305
276	-309	-301
276	-309	-301
273	-310	-307
273	-310	-307
273	-310	-307
272	-309	-304
272	-309	-304
272	-311	-308
272	-311	-308
271	-312	-305
271	-312	-305
271	-312	-305
272	-311	-306
272	-311	-306
272	-311	-308
272	-311	-308
272	-311	-308
274	-311	-305
274	-311	-305
271	-311	-305
271	-311	-305
271	-311	-305
270	-308	-306
270	-308	-306
274	-309	-307
274	-309	-307
274	-309	-307
272	-310	-309
272	-310	-309
274	-310	-305
274	-310	-305
274	-310	-305
273	-313	-309
273	-313	-309
274	-312	-304
274	-312	-304
274	-312	-304
274	-310	-304
274	-310	-304
271	-309	-305
271	-309	-305
271	-309	-305
272	-311	-307
272	-311	-307
271	-312	-309
271	-312	-309
271	-312	-309
273	-309	-307
273	-309	-307
270	-310	-306
270	-310	-306
270	-310	-306
276	-312	-305
276	-312	-305
271	-309	-302
271	-309	-302
272	-311	-305
272	-311	-305
272	-311	-305
274	-310	-304
274	-310	-304
272	-310	-307
272	-310	-307
272	-310	-307
274	-308	-305
274	-308	-305
273	-310	-303
273	-310	-303
273	-310	-303
273	-309	-305
273	-309	-305
274	-312	-307
274	-312	-307
274	-312	-307
271	-312	-307
271	-312	-307
273	-312	-306
273	-312	-306
273	-312	-306
270	-311	-303
270	-311	-303
272	-308	-306
272	-308	-306
272	-308	-306
273	-312	-303
273	-312	-303
273	-312	-306
273	-312	-306
273	-312	-306
273	-314	-305
273	-314	-305
273	-313	-307
273	-313	-307
273	-313	-307
272	-313	-308
272	-313	-308
272	-310	-304
272	-310	-304
272	-310	-304
271	-312	-308
271	-312	-308
272	-308	-306
272	-308	-306
274	-312	-306
274	-312	-306
274	-312	-306
272	-313	-305
272	-313	-305
272	-310	-308
272	-310	-308
272	-310	-308
272	-310	-306
272	-310	-306
273	-311	-305
273	-311	-305
273	-311	-305
272	-308	-305
272	-308	-305
274	-309	-305
274	-309	-305
274	-309	-305
273	-313	-304
273	-313	-304
271	-311	-308
271	-311	-308
271	-311	-308
272	-312	-309
272	-312	-309
269	-307	-305
269	-307	-305
269	-307	-305
273	-309	-305
273	-309	-305
271	-311	-307
271	-311	-307
271	-311	-307
273	-313	-308
273	-313	-308
273	-313	-304
273	-313	-304
273	-313	-304
268	-309	-307
268	-309	-307
275	-311	-307
275	-311	-307
275	-311	-307
274	-310	-306
274	-310	-306
273	-308	-305
273	-308	-305
269	-312	-307
269	-312	-307
269	-312	-307
273	-310	-303
273	-310	-303
273	-309	-304
273	-309	-304
273	-309	-304
273	-312	-307
273	-312	-307
276	-311	-305
276	-311	-305
276	-311	-305
276	-311	-305
276	-311	-305
272	-307	-305
272	-307	-305
272	-307	-305
270	-310	-304
270	-310	-304
275	-310	-306
275	-310	-306
275	-310	-306
272	-310	-306
272	-310	-306
270	-310	-304
270	-310	-304
270	-310	-304
273	-310	-303
273	-310	-303
274	-310	-305
274	-310	-305
274	-310	-305
275	-311	-305
275	-311	-305
273	-312	-308
273	-312	-308
273	-312	-308
272	-310	-306
272	-310	-306
275	-311	-304
275	-311	-304
275	-311	-304
272	-313	-308
272	-313	-308
272	-310	-307
272	-310	-307
272	-310	-307
272	-311	-305
272	-311	-305
275	-309	-301
275	-309	-301
271	-309	-306
271	-309	-306
271	-309	-306
274	-310	-305
274	-310	-305
272	-308	-308
272	-308	-308
272	-308	-308
270	-313	-308
270	-313	-308
273	-310	-308
273	-310	-308
273	-310	-308
274	-311	-306
274	-311	-306
274	-314	-306
274	-314	-306
274	-314	-306
274	-310	-307
274	-310	-307
272	-310	-306
272	-310	-306
272	-310	-306
273	-309	-305
273	-309	-305
275	-309	-302
275	-309	-302
275	-309	-302
274	-311	-305
274	-311	-305
273	-311	-306
273	-311	-306
273	-311	-306
274	-313	-309
274	-313	-309
272	-311	-306
272	-311	-306
272	-311	-306
271	-311	-306
271	-311	-306
273	-310	-304
273	-310	-304
273	-310	-304
272	-311	-302
272	-311	-302
274	-310	-307
274	-310	-307
272	-310	-302
272	-310	-302
272	-310	-302
271	-309	-305
271	-309	-305
274	-312	-306
274	-312	-306
274	-312	-306
271	-311	-304
271	-311	-304
272	-310	-306
272	-310	-306
272	-310	-306
271	-310	-306
271	-310	-306
274	-311	-308
274	-311	-308
274	-311	-308
272	-311	-307
272	-311	-307
272	-310	-305
272	-310	-305
272	-310	-305
273	-311	-306
273	-311	-306
274	-311	-305
274	-311	-305
274	-311	-305
274	-310	-306
274	-310	-306
273	-310	-306
273	-310	-306
273	-310	-306
269	-311	-305
269	-311	-305
274	-310	-306
274	-310	-306
274	-310	-306
272	-311	-307
272	-311	-307
272	-311	-306
272	-311	-306
272	-311	-306
273	-310	-301
273	-310	-301
273	-313	-303
273	-313	-303
273	-313	-303
273	-310	-309
273	-310	-309
274	-309	-306
274	-309	-306
273	-310	-305
273	-310	-305
273	-310	-305
275	-310	-305
275	-310	-305
275	-310	-306
275	-310	-306
275	-310	-306
272	-309	-305
272	-309	-305
270	-309	-307
270	-309	-307
270	-309	-307
273	-312	-306
273	-312	-306
273	-310	-305
273	-310	-305
273	-310	-305
273	-310	-308
273	-310	-308
271	-309	-305
271	-309	-305
271	-309	-305
272	-310	-305
272	-310	-305
271	-309	-308
271	-309	-308
271	-309	-308
270	-313	-306
270	-313	-306
272	-313	-304
272	-313	-304
272	-313	-304
270	-309	-306
270	-309	-306
268	-307	-305
268	-307	-305
268	-307	-305
272	-308	-306
272	-308	-306
272	-313	-305
272	-313	-305
272	-313	-305
275	-311	-304
275	-311	-304
272	-311	-305
272	-311	-305
272	-311	-305
274	-309	-303
274	-309	-303
275	-310	-305
275	-310	-305
275	-310	-305
272	-312	-307
272	-312	-307
272	-311	-306
272	-311	-306
272	-307	-306
272	-307	-306
272	-307	-306
271	-311	-306
271	-311	-306
273	-309	-305
273	-309	-305
273	-309	-305
274	-310	-307
274	-310	-307
272	-313	-304
272	-313	-304
272	-313	-304
274	-311	-306
274	-311	-306
272	-313	-306
272	-313	-306
272	-313	-306
274	-309	-304
274	-309	-304
272	-313	-306
272	-313	-306
272	-313	-306
271	-310	-305
271	-310	-305
274	-312	-303
274	-312	-303
274	-312	-303
270	-309	-304
270	-309	-304
271	-313	-305
271	-313	-305
271	-313	-305
271	-310	-305
271	-310	-305
271	-312	-305
271	-312	-305
271	-312	-305
274	-311	-305
274	-311	-305
271	-314	-306
271	-314	-306
271	-314	-306
274	-312	-304
274	-312	-304
273	-307	-303
273	-307	-303
273	-307	-303
270	-312	-302
270	-312	-302
273	-312	-305
273	-312	-305
271	-313	-306
271	-313	-306
271	-313	-306
272	-311	-305
272	-311	-305
271	-309	-303
271	-309	-303
271	-309	-303
273	-312	-302
273	-312	-302
274	-313	-305
274	-313	-305
274	-313	-305
273	-315	-306
273	-315	-306
272	-314	-300
272	-314	-300
272	-314	-300
273	-311	-305
273	-311	-305
273	-309	-306
273	-309	-306
273	-309	-306
273	-313	-305
273	-313	-305
270	-310	-306
270	-310	-306
270	-310	-306
272	-313	-305
272	-313	-305
271	-313	-308
271	-313	-308
271	-313	-308
271	-311	-302
271	-311	-302
275	-312	-305
275	-312	-305
275	-312	-305
270	-311	-307
270	-311	-307
271	-312	-306
271	-312	-306
271	-312	-306
273	-314	-307
273	-314	-307
273	-312	-303
273	-312	-303
273	-312	-303
269	-312	-305
269	-312	-305
274	-312	-305
274	-312	-305
274	-314	-308
274	-314	-308
274	-314	-308
270	-311	-305
270	-311	-305
271	-311	-304
271	-311	-304
271	-311	-304
272	-311	-305
272	-311	-305
273	-313	-304
273	-313	-304
273	-313	-304
270	-310	-307
270	-310	-307
270	-310	-307
274	-313	-307
274	-313	-307
272	-312	-304
272	-312	-304
273	-310	-303
273	-310	-303
273	-310	-303
274	-310	-306
274	-310	-306
271	-314	-307
271	-314	-307
271	-314	-307
272	-311	-306
272	-311	-306
270	-313	-307
270	-313	-307
270	-315	-305
273	-315	-305
273	-315	-305
270	-314	-306
270	-314	-306
273	-312	-308
273	-312	-308
273	-312	-308
275	-313	-304
275	-313	-304
270	-313	-304
270	-313	-304
270	-313	-304
275	-310	-304
275	-310	-304
274	-312	-305
274	-312	-305
273	-313	-306
273	-313	-306
273	-313	-306
273	-310	-301
273	-310	-301
268	-314	-305
268	-314	-305
268	-314	-305
272	-310	-306
272	-310	-306
273	-311	-307
273	-311	-307
273	-311	-307
272	-312	-306
272	-312	-306
272	-317	-307
272	-317	-307
272	-317	-307
272	-314	-307
272	-314	-307
268	-313	-306
268	-313	-306
268	-313	-306
274	-313	-304
274	-313	-304
270	-314	-307
270	-314	-307
270	-314	-307
273	-312	-306
273	-312	-306
271	-311	-309
271	-311	-309
271	-311	-309
274	-313	-308
274	-313	-308
272	-310	-308
272	-310	-308
272	-310	-308
275	-315	-306
275	-315	-306
273	-311	-307
273	-311	-307
273	-312	-308
273	-312	-308
273	-312	-308
272	-312	-306
272	-312	-306
271	-311	-306
271	-311	-306
271	-311	-306
274	-312	-307
274	-312	-307
271	-313	-307
271	-313	-307
271	-313	-307
270	-312	-306
270	-312	-306
274	-311	-306
274	-311	-306
274	-311	-306
274	-311	-306
274	-311	-306
275	-312	-307
275	-312	-307
275	-312	-307
274	-313	-305
274	-313	-305
272	-311	-304
272	-311	-304
272	-311	-304
271	-313	-307
271	-313	-307
271	-312	-309
271	-312	-309
271	-312	-309
274	-312	-306
274	-312	-306
271	-316	-308
271	-316	-308
271	-316	-308
271	-312	-305
271	-312	-305
275	-311	-309
275	-311	-309
275	-311	-309
271	-314	-304
271	-314	-304
272	-311	-308
272	-311	-308
274	-314	-303
274	-314	-303
274	-314	-303
272	-315	-306
272	-315	-306
272	-315	-305
272	-315	-305
272	-315	-305
274	-311	-306
274	-311	-306
271	-310	-304
271	-310	-304
271	-310	-304
273	-313	-305
273	-313	-305
272	-313	-302
272	-313	-302
272	-313	-302
270	-314	-306
270	-314	-306
272	-310	-308
272	-310	-308
272	-310	-308
272	-312	-306
272	-312	-306
271	-313	-304
271	-313	-304
271	-313	-304
273	-311	-306
273	-311	-306
273	-309	-308
273	-309	-308
275	-310	-309
275	-310	-309
275	-310	-309
274	-311	-304
274	-311	-304
270	-313	-303
270	-313	-303
270	-313	-303
274	-313	-307
274	-313	-307
271	-313	-307
271	-313	-307
271	-313	-307
275	-312	-308
275	-312	-308
271	-314	-304
271	-314	-304
271	-314	-304
276	-311	-300
276	-311	-300
274	-315	-308
274	-315	-308
274	-315	-308
273	-312	-306
273	-312	-306
272	-313	-305
272	-313	-305
272	-313	-305
275	-311	-306
275	-311	-306
272	-313	-308
272	-313	-308
272	-313	-308
273	-315	-305
273	-315	-305
272	-313	-304
272	-313	-304
272	-313	-304
271	-310	-306
271	-310	-306
272	-312	-306
272	-312	-306
272	-312	-306
271	-310	-303
271	-310	-303
275	-311	-304
275	-311	-304
271	-314	-305
271	-314	-305
271	-314	-305
272	-312	-304
272	-312	-304
274	-309	-307
274	-309	-307
274	-309	-307
273	-312	-302
273	-312	-302
271	-311	-305
271	-311	-305
271	-311	-305
272	-310	-306
272	-310	-306
273	-312	-304
273	-312	-304
273	-312	-304
272	-314	-305
272	-314	-305
271	-310	-308
271	-310	-308
271	-310	-308
273	-313	-306
273	-313	-306
271	-314	-307
271	-314	-307
271	-314	-307
270	-310	-305
270	-310	-305
275	-313	-309
275	-313	-309
275	-313	-309
273	-311	-305
273	-311	-305
271	-310	-301
271	-310	-301
273	-312	-304
273	-312	-304
273	-312	-304
271	-313	-309
271	-313	-309
275	-312	-305
275	-312	-305
275	-312	-305
274	-311	-303
274	-311	-303
274	-313	-305
274	-313	-305
274	-313	-305
274	-313	-306
274	-313	-306
272	-314	-306
272	-314	-306
272	-314	-306
275	-312	-306
275	-312	-306
274	-310	-305
274	-310	-305
274	-310	-305
272	-313	-305
272	-313	-305
273	-312	-307
273	-312	-307
273	-312	-307
274	-312	-302
274	-312	-302
275	-312	-307
275	-312	-307
275	-312	-307
270	-312	-308
270	-312	-308
271	-310	-308
271	-310	-308
271	-310	-308
272	-313	-304
272	-313	-304
274	-309	-310
274	-309	-310
274	-309	-310
271	-315	-305
271	-315	-305
277	-313	-305
277	-313	-305
272	-312	-308
272	-312	-308
272	-312	-308
270	-314	-306
270	-314	-306
272	-310	-305
272	-310	-305
272	-310	-305
273	-312	-307
273	-312	-307
272	-312	-307
272	-312	-307
272	-312	-307
274	-313	-307
274	-313	-307
272	-313	-303
272	-313	-303
272	-313	-303
272	-312	-304
272	-312	-304
272	-313	-305
272	-313	-305
272	-313	-305
273	-312	-306
273	-312	-306
272	-314	-307
272	-314	-307
272	-314	-307
272	-312	-306
272	-312	-306
273	-312	-302
273	-312	-302
273	-312	-302
271	-313	-304
271	-313	-304
271	-313	-306
271	-313	-306
271	-313	-306
273	-312	-308
273	-312	-308
273	-315	-307
273	-315	-307
273	-315	-307
272	-313	-299
272	-313	-299
273	-314	-306
273	-314	-306
273	-314	-306
271	-312	-305
271	-312	-305
272	-312	-306
272	-312	-306
273	-313	-305
273	-313	-305
273	-313	-305
270	-312	-305
270	-312	-305
273	-310	-305
273	-310	-305
273	-310	-305
272	-313	-307
272	-313	-307
270	-310	-306
270	-310	-306
270	-310	-306
274	-315	-307
274	-315	-307
271	-313	-303
271	-313	-303
271	-313	-303
273	-311	-305
273	-311	-305
271	-315	-305
271	-315	-305
271	-315	-305
274	-310	-304
274	-310	-304
274	-313	-306
274	-313	-306
274	-313	-306
270	-314	-307
270	-314	-307
278	-314	-306
278	-314	-306
278	-314	-306
273	-315	-307
273	-315	-307
275	-314	-308
275	-314	-308
275	-314	-308
273	-311	-302
273	-311	-302
272	-313	-307
272	-313	-307
272	-313	-307
272	-314	-302
272	-314	-302
272	-313	-302
272	-313	-302
271	-310	-305
271	-310	-305
271	-310	-305
273	-311	-300
273	-311	-300
272	-315	-305
272	-315	-305
272	-315	-305
272	-313	-306
272	-313	-306
274	-313	-305
274	-313	-305
274	-313	-305
273	-313	-307
273	-313	-307
273	-311	-304
273	-311	-304
273	-311	-304
273	-313	-307
273	-313	-307
274	-310	-308
274	-310	-308
274	-310	-308
272	-313	-305
272	-313	-305
273	-314	-306
273	-314	-306
273	-314	-306
272	-314	-306
272	-314	-306
273	-312	-304
273	-312	-304
273	-312	-304
276	-312	-308
276	-312	-308
272	-313	-305
272	-313	-305
272	-313	-305
273	-314	-305
273	-314	-305
272	-313	-308
272	-313	-308
272	-313	-308
273	-315	-308
273	-315	-308
273	-313	-306
273	-313	-306
272	-313	-305
272	-313	-305
272	-313	-305
273	-310	-307
273	-310	-307
272	-311	-305
272	-311	-305
272	-311	-305
268	-311	-305
268	-311	-305
272	-311	-305
272	-311	-305
272	-311	-305
272	-313	-303
272	-313	-303
270	-313	-305
270	-313	-305
270	-313	-305
272	-310	-304
272	-310	-304
273	-311	-308
273	-311	-308
273	-311	-308
272	-312	-306
272	-312	-306
274	-311	-307
274	-311	-307
274	-311	-307
274	-311	-306
274	-311	-306
273	-315	-306
273	-315	-306
273	-315	-306
272	-314	-307
272	-314	-307
275	-314	-306
275	-314	-306
275	-314	-306
275	-313	-304
275	-313	-304
270	-312	-307
270	-312	-307
270	-312	-307
271	-313	-307
271	-313	-307
271	-311	-309
271	-311	-309
271	-311	-309
272	-311	-302
272	-311	-302
273	-308	-306
273	-308	-306
273	-311	-304
273	-311	-304
273	-311	-304
274	-313	-308
274	-313	-308
272	-313	-307
272	-313	-307
272	-313	-307
274	-312	-303
274	-312	-303
276	-312	-310
276	-312	-310
276	-312	-310
273	-314	-305
273	-314	-305
269	-310	-303
269	-310	-303
269	-310	-303
271	-313	-305
271	-313	-305
272	-312	-306
272	-312	-306
272	-312	-306
271	-314	-303
271	-314	-303
272	-312	-307
272	-312	-307
272	-312	-307
273	-313	-301
273	-313	-301
271	-312	-306
271	-312	-306
271	-312	-306
272	-310	-307
272	-310	-307
273	-313	-304
273	-313	-304
273	-313	-304
273	-313	-306
273	-313	-306
273	-308	-306
273	-308	-306
273	-311	-306
273	-311	-306
273	-311	-306
273	-314	-308
273	-314	-308
272	-311	-307
272	-311	-307
272	-311	-307
272	-311	-305
272	-311	-305
274	-313	-306
274	-313	-306
274	-313	-306
273	-310	-306
273	-310	-306
273	-314	-307
273	-314	-307
273	-314	-307
274	-313	-302
274	-313	-302
271	-314	-307
271	-314	-307
271	-314	-307
270	-311	-305
270	-311	-305
275	-312	-308
275	-312	-308
275	-312	-308
273	-310	-307
273	-310	-307
271	-313	-304
271	-313	-304
271	-313	-304
274	-313	-307
274	-313	-307
273	-310	-305
273	-310	-305
273	-310	-305
274	-309	-307
274	-309	-307
274	-312	-305
274	-312	-305
274	-312	-305
271	-311	-306
271	-311	-306
272	-310	-305
272	-310	-305
273	-312	-306
273	-312	-306
273	-312	-306
271	-309	-308
271	-309	-308
273	-308	-305
273	-308	-305
273	-308	-305
273	-313	-309
273	-313	-309
273	-312	-302
273	-312	-302
273	-312	-302
272	-310	-306
272	-310	-306
273	-312	-306
273	-312	-306
273	-312	-306
273	-312	-304
273	-312	-304
272	-311	-306
272	-311	-306
272	-311	-306
274	-309	-305
274	-309	-305
271	-313	-306
271	-313	-306
271	-313	-306
274	-312	-306
274	-312	-306
275	-312	-304
275	-312	-304
275	-312	-304
273	-311	-302
273	-311	-302
274	-310	-304
274	-310	-304
274	-310	-304
273	-313	-306
273	-313	-306
273	-312	-305
273	-312	-305
273	-312	-305
269	-312	-306
269	-312	-306
273	-312	-308
273	-312	-308
271	-313	-303
271	-313	-303
271	-313	-303
274	-314	-305
274	-314	-305
274	-314	-303
274	-314	-303
274	-314	-303
274	-311	-309
274	-311	-309
272	-313	-301
272	-313	-301
272	-313	-301
274	-312	-305
274	-312	-305
273	-310	-307
273	-310	-307
273	-310	-307
272	-312	-307
272	-312	-307
272	-310	-304
272	-310	-304
272	-310	-304
274	-310	-307
274	-310	-307
271	-310	-306
271	-310	-306
271	-310	-306
274	-311	-307
274	-311	-307
274	-308	-307
274	-308	-307
274	-308	-307
273	-311	-307
273	-311	-307
273	-311	-305
273	-311	-305
273	-311	-305
274	-314	-303
274	-314	-303
275	-311	-305
275	-311	-305
275	-311	-305
271	-309	-308
271	-309	-308
274	-313	-304
274	-313	-304
274	-307	-306
274	-307	-306
274	-307	-306
273	-311	-304
273	-311	-304
272	-310	-306
272	-310	-306
272	-310	-306
276	-309	-305
276	-309	-305
272	-314	-304
272	-314	-304
272	-314	-304
275	-310	-304
275	-310	-304
272	-310	-306
272	-310	-306
272	-310	-306
272	-314	-304
272	-314	-304
272	-313	-301
272	-313	-301
272	-313	-301
272	-312	-307
272	-312	-307
273	-308	-303
273	-308	-303
273	-308	-303
274	-310	-306
274	-310	-306
274	-313	-306
274	-313	-306
274	-313	-306
274	-313	-306
274	-313	-306
271	-310	-306
271	-310	-306
271	-310	-306
274	-312	-306
274	-312	-306
273	-311	-305
273	-311	-305
273	-311	-305
273	-312	-307
273	-312	-307
270	-311	-301
270	-311	-301
275	-313	-301
275	-313	-301
275	-313	-301
274	-311	-304
274	-311	-304
273	-311	-306
273	-311	-306
273	-311	-306
273	-312	-307
273	-312	-307
271	-311	-306
271	-311	-306
271	-311	-306
276	-313	-308
276	-313	-308
270	-313	-306
270	-313	-306
270	-313	-306
275	-313	-305
275	-313	-305
273	-311	-308
273	-311	-308
273	-311	-308
268	-315	-306
268	-315	-306
273	-313	-306
273	-313	-306
273	-313	-306
272	-311	-303
272	-311	-303
272	-310	-306
272	-310	-306
272	-310	-306
273	-314	-307
273	-314	-307
273	-312	-304
273	-312	-304
273	-312	-304
275	-309	-306
275	-309	-306
274	-314	-306
274	-314	-306
274	-312	-304
274	-312	-304
274	-312	-304
269	-313	-305
269	-313	-305
272	-317	-306
272	-317	-306
272	-317	-306
273	-311	-304
273	-311	-304
271	-313	-307
271	-313	-307
271	-313	-307
272	-310	-306
272	-310	-306
271	-312	-304
271	-312	-304
271	-312	-304
272	-311	-306
272	-311	-306
274	-313	-305
274	-313	-305
274	-313	-305
273	-312	-309
273	-312	-309
275	-315	-310
275	-315	-310
275	-315	-310
271	-311	-306
271	-311	-306
270	-313	-302
270	-313	-302
270	-313	-302
273	-312	-306
273	-312	-306
272	-310	-303
272	-310	-303
272	-310	-303
272	-315	-304
272	-315	-304
269	-312	-306
269	-312	-306
269	-312	-306
272	-312	-303
272	-312	-303
272	-313	-308
272	-313	-308
272	-313	-308
272	-312	-308
272	-312	-308
273	-313	-307
273	-313	-307
272	-316	-300
272	-316	-300
272	-316	-300
273	-312	-306
273	-312	-306
271	-311	-303
271	-311	-303
271	-311	-303
271	-312	-306
271	-312	-306
272	-312	-305
272	-312	-305
272	-312	-305
272	-312	-308
272	-312	-308
272	-315	-306
272	-315	-306
272	-315	-306
273	-312	-307
273	-312	-307
272	-314	-306
272	-314	-306
272	-314	-306
269	-313	-305
269	-313	-305
273	-312	-304
273	-312	-304
273	-312	-304
273	-311	-307
273	-311	-307
271	-314	-306
271	-314	-306
271	-314	-306
272	-311	-308
272	-311	-308
275	-313	-303
275	-313	-303
275	-313	-303
270	-311	-308
270	-311	-308
273	-309	-306
273	-309	-306
273	-309	-306
271	-310	-305
271	-310	-305
272	-312	-308
272	-312	-308
274	-313	-305
274	-313	-305
274	-313	-305
273	-313	-305
273	-313	-305
271	-311	-309
271	-311	-309
271	-311	-309
271	-315	-308
271	-315	-308
273	-313	-304
273	-313	-304
273	-313	-304
276	-311	-309
276	-311	-309
274	-314	-307
274	-314	-307
274	-314	-307
271	-313	-307
271	-313	-307
271	-310	-305
271	-310	-305
271	-310	-305
273	-313	-305
273	-313	-305
271	-313	-304
271	-313	-304
271	-313	-304
275	-311	-307
275	-311	-307
273	-314	-306
273	-314	-306
273	-314	-306
276	-311	-304
276	-311	-304
272	-311	-306
272	-311	-306
272	-311	-306
272	-313	-307